===============第1个全局最优解================
最佳代数：
9142
最佳分配：
1 1 3 5 6 1 1 1 3 1 1 1 1 1 1 |2 1 1 2 1 1 1 1 2 5 2 1 4 1 1 3 1 2 1 1 |5 1 2 3 1 3 4 1 |1 1 1 2 1 1 1 |2 1 1 4 1 1 5 3 1 1 2 1 1 3 1 4 |5 1 1 1 1 4 1 2 1 1 1 1 1 1 |1 3 2 1 1 1 1 1 2 3 1 1 1 2 1 1 |6 1 1 1 2 |2 1 1 1 2 1 1 |1 1 1 1 1 1 2 2 2 2 1 1 1 1 1 |1 1 1 1 3 1 1 1 2 1 4 1 1 1 1 |1 5 1 1 1 1 1 1 1 1 |1 1 1 1 3 |2 1 1 3 2 1 2 1 1 1 1 1 |3 1 1 1 1 1 1 1 1 1 1 3 5 1 1 1 |1 3 1 3 1 1 1 1 |4 3 1 1 1 1 1 1 1 1 1 4 2 1 1 1 2 |1 1 3 3 1 5 1 |1 1 1 1 3 2 1 2 2 6 1 1 1 |1 5 1 2 2 1 3 1 3 1 2 3 1 1 1 3 3 1 2 1 |1 2 1 1 3 2 2 1 1 1 1 1 1 2 1 2 |1 2 1 1 5 1 1 1 2 1 3 1 1 3 |1 1 3 1 4 1 1 1 1 |1 1 1 1 1 1 4 1 2 1 1 1 |2 1 1 6 1 1 1 1 1 2 1 1 1 1 |1 2 1 3 1 1 1 1 3 1 1 1 |2 1 2 1 1 3 1 1 1 1 3 1 1 1 |1 1 1 2 1 4 1 1 2 |1 1 1 1 3 1 1 1 1 1 1 1 1 |1 3 1 1 1 1 1 2 1 1 2 1 1 2 1 3 1 |4 6 1 1 3 1 3 4 1 1 3 1 5 1 1 |1 1 2 3 1 1 1 2 1 |1 5 1 1 1 1 1 1 1 1 1 1 |1 1 1 1 1 3 5 1 1 3 1 1 |1 1 4 2 2 1 2 1 1 1 1 3 3 1 1 2 1 |1 1 1 1 4 1 |1 4 1 4 1 1 1 3 1 2 1 1 1 1 |1 1 1 1 1 1 1 |1 1 1 1 1 |4 2 1 2 1 1 2 1 1 1 1 2 |1 1 1 2 1 4 1 1 1 3 1 1 2 2 5 2 1 1 1 |1 1 1 1 1 1 1 1 1 1 4 3 1 1 1 |1 1 1 1 1 1 3 |2 1 1 2 1 |4 3 1 1 1 1 1 2 5 1 1 1 1 1 1 |1 1 1 1 4 1 1 1 1 |1 1 1 1 4 2 2 2 1 1 1 4 2 5 3 1 1 1 |1 1 1 3 2 2 1 2 |1 2 1 1 2 1 1 1 1 1 1 1 1 2 1 1 1 1 4 |2 1 2 1 2 1 3 1 4 1 3 1 1 3 1 1 2 1 2 |1 4 1 1 1 1 1 1 1 1 1 1 1 |1 4 1 3 1 1 2 1 3 5 2 1 1 1 2 1 |2 1 2 1 1 1 1 |1 1 5 1 1 1 6 2 1 1 1 1 3 1 4 2 1 1 |1 1 1 1 1 1 1 1 2 3 5 1 4 2 1 5 1 5 4 |1 1 1 1 1 2 1 1 1 3 3 1 1 1 3 1 |1 1 1 1 1 4 1 1 1 1 4 1 1 |1 1 5 3 2 |1 1 2 1 2 4 1 1 1 1 1 6 1 1 1 1 |1 1 4 1 1 1 2 1 |
最佳适应度：
904.128146546504

最大适应度：904.128146546504
最小适应度：904.128146546504
平均适应度：904.128146546504
估计标准差值：NaN
最佳分配：
1 1 3 5 6 1 1 1 3 1 1 1 1 1 1 |2 1 1 2 1 1 1 1 2 5 2 1 4 1 1 3 1 2 1 1 |5 1 2 3 1 3 4 1 |1 1 1 2 1 1 1 |2 1 1 4 1 1 5 3 1 1 2 1 1 3 1 4 |5 1 1 1 1 4 1 2 1 1 1 1 1 1 |1 3 2 1 1 1 1 1 2 3 1 1 1 2 1 1 |6 1 1 1 2 |2 1 1 1 2 1 1 |1 1 1 1 1 1 2 2 2 2 1 1 1 1 1 |1 1 1 1 3 1 1 1 2 1 4 1 1 1 1 |1 5 1 1 1 1 1 1 1 1 |1 1 1 1 3 |2 1 1 3 2 1 2 1 1 1 1 1 |3 1 1 1 1 1 1 1 1 1 1 3 5 1 1 1 |1 3 1 3 1 1 1 1 |4 3 1 1 1 1 1 1 1 1 1 4 2 1 1 1 2 |1 1 3 3 1 5 1 |1 1 1 1 3 2 1 2 2 6 1 1 1 |1 5 1 2 2 1 3 1 3 1 2 3 1 1 1 3 3 1 2 1 |1 2 1 1 3 2 2 1 1 1 1 1 1 2 1 2 |1 2 1 1 5 1 1 1 2 1 3 1 1 3 |1 1 3 1 4 1 1 1 1 |1 1 1 1 1 1 4 1 2 1 1 1 |2 1 1 6 1 1 1 1 1 2 1 1 1 1 |1 2 1 3 1 1 1 1 3 1 1 1 |2 1 2 1 1 3 1 1 1 1 3 1 1 1 |1 1 1 2 1 4 1 1 2 |1 1 1 1 3 1 1 1 1 1 1 1 1 |1 3 1 1 1 1 1 2 1 1 2 1 1 2 1 3 1 |4 6 1 1 3 1 3 4 1 1 3 1 5 1 1 |1 1 2 3 1 1 1 2 1 |1 5 1 1 1 1 1 1 1 1 1 1 |1 1 1 1 1 3 5 1 1 3 1 1 |1 1 4 2 2 1 2 1 1 1 1 3 3 1 1 2 1 |1 1 1 1 4 1 |1 4 1 4 1 1 1 3 1 2 1 1 1 1 |1 1 1 1 1 1 1 |1 1 1 1 1 |4 2 1 2 1 1 2 1 1 1 1 2 |1 1 1 2 1 4 1 1 1 3 1 1 2 2 5 2 1 1 1 |1 1 1 1 1 1 1 1 1 1 4 3 1 1 1 |1 1 1 1 1 1 3 |2 1 1 2 1 |4 3 1 1 1 1 1 2 5 1 1 1 1 1 1 |1 1 1 1 4 1 1 1 1 |1 1 1 1 4 2 2 2 1 1 1 4 2 5 3 1 1 1 |1 1 1 3 2 2 1 2 |1 2 1 1 2 1 1 1 1 1 1 1 1 2 1 1 1 1 4 |2 1 2 1 2 1 3 1 4 1 3 1 1 3 1 1 2 1 2 |1 4 1 1 1 1 1 1 1 1 1 1 1 |1 4 1 3 1 1 2 1 3 5 2 1 1 1 2 1 |2 1 2 1 1 1 1 |1 1 5 1 1 1 6 2 1 1 1 1 3 1 4 2 1 1 |1 1 1 1 1 1 1 1 2 3 5 1 4 2 1 5 1 5 4 |1 1 1 1 1 2 1 1 1 3 3 1 1 1 3 1 |1 1 1 1 1 4 1 1 1 1 4 1 1 |1 1 5 3 2 |1 1 2 1 2 4 1 1 1 1 1 6 1 1 1 1 |1 1 4 1 1 1 2 1 |
PSO算法运行求解巡逻调度问题耗时：0小时，11分钟，54秒
===============第1个全局最优解================
最佳代数：
7185
最佳分配：
1 1 1 3 4 1 1 1 1 1 1 1 2 1 1 |4 1 1 1 1 1 2 2 2 6 1 1 4 1 1 3 3 1 1 1 |4 1 1 1 1 1 1 1 |1 1 1 2 1 1 1 |1 1 1 1 1 2 6 4 2 2 1 2 1 1 1 3 |1 1 1 1 1 1 1 1 1 1 1 4 6 1 |1 3 1 1 1 3 1 1 1 1 1 2 1 1 1 5 |5 1 1 1 1 |1 2 1 1 1 1 1 |2 1 1 2 1 1 4 1 2 3 1 1 1 1 3 |1 1 1 1 1 1 4 1 1 2 1 1 1 4 2 |1 1 1 1 4 1 1 2 1 1 |1 2 1 1 5 |3 2 1 1 1 1 1 1 1 1 1 2 |1 2 1 1 1 1 1 2 1 1 1 5 1 1 1 1 |1 2 1 1 1 1 1 1 |3 1 4 1 1 1 1 1 1 1 1 1 2 1 2 1 1 |1 1 1 1 1 2 1 |1 1 1 5 2 1 1 1 5 4 1 1 1 |1 4 1 1 1 1 3 1 1 1 2 3 3 1 1 2 1 2 4 1 |1 1 1 2 1 1 1 2 1 1 2 1 2 3 1 1 |1 1 3 1 1 1 1 2 1 1 1 2 1 1 |1 1 2 1 1 1 1 1 2 |4 3 1 2 1 1 3 2 1 1 2 1 |3 1 2 5 1 2 5 2 1 5 2 1 4 1 |1 1 1 1 1 2 2 1 2 1 1 1 |1 1 2 1 1 1 1 1 2 4 2 1 1 2 |1 1 1 1 1 1 1 1 1 |1 1 1 4 3 1 1 1 1 2 1 1 1 |1 1 1 1 1 1 1 4 1 1 1 1 2 1 2 1 1 |5 4 1 1 1 2 4 2 1 1 1 1 1 1 1 |1 1 5 1 1 3 1 1 1 |1 3 1 1 1 2 1 1 2 1 4 3 |2 1 1 1 5 1 1 2 1 5 1 1 |1 1 3 1 1 1 1 1 1 3 1 1 3 1 1 4 1 |2 1 2 1 1 3 |1 4 1 1 1 1 2 1 1 1 2 2 1 3 |5 1 1 1 1 1 2 |1 1 1 1 2 |3 1 3 1 1 1 1 1 3 2 1 1 |1 1 1 1 1 1 1 1 1 1 1 1 1 1 3 1 1 1 1 |1 1 4 1 1 1 2 1 1 2 1 4 1 1 1 |3 3 1 1 1 1 3 |4 1 3 1 1 |4 3 2 1 6 1 3 1 4 1 1 1 1 1 3 |1 1 2 1 5 1 1 1 1 |1 1 1 1 5 1 1 2 1 1 1 1 1 5 1 4 2 1 |1 1 3 1 1 1 1 5 |1 1 1 1 5 1 4 1 1 1 1 1 2 1 1 6 1 1 1 |1 3 2 1 1 1 1 1 6 5 1 1 6 1 2 1 1 1 3 |1 1 1 4 1 1 1 2 1 3 1 1 1 |1 1 1 3 1 1 1 1 1 4 2 2 1 1 1 2 |1 1 1 1 1 2 1 |1 1 2 1 1 2 5 6 1 1 1 2 5 1 1 4 1 1 |4 4 3 1 1 1 1 1 1 5 5 1 1 2 1 5 1 1 1 |1 2 1 1 3 1 1 1 2 1 1 2 1 1 1 3 |1 1 1 1 1 1 1 1 1 1 1 2 1 |1 1 1 1 1 |1 2 1 1 1 5 1 1 3 1 1 3 1 4 1 2 |1 1 3 1 1 5 1 1 |
最佳适应度：
909.071618508637

最大适应度：909.071618508637
最小适应度：909.071618508637
平均适应度：909.071618508637
估计标准差值：NaN
最佳分配：
1 1 1 3 4 1 1 1 1 1 1 1 2 1 1 |4 1 1 1 1 1 2 2 2 6 1 1 4 1 1 3 3 1 1 1 |4 1 1 1 1 1 1 1 |1 1 1 2 1 1 1 |1 1 1 1 1 2 6 4 2 2 1 2 1 1 1 3 |1 1 1 1 1 1 1 1 1 1 1 4 6 1 |1 3 1 1 1 3 1 1 1 1 1 2 1 1 1 5 |5 1 1 1 1 |1 2 1 1 1 1 1 |2 1 1 2 1 1 4 1 2 3 1 1 1 1 3 |1 1 1 1 1 1 4 1 1 2 1 1 1 4 2 |1 1 1 1 4 1 1 2 1 1 |1 2 1 1 5 |3 2 1 1 1 1 1 1 1 1 1 2 |1 2 1 1 1 1 1 2 1 1 1 5 1 1 1 1 |1 2 1 1 1 1 1 1 |3 1 4 1 1 1 1 1 1 1 1 1 2 1 2 1 1 |1 1 1 1 1 2 1 |1 1 1 5 2 1 1 1 5 4 1 1 1 |1 4 1 1 1 1 3 1 1 1 2 3 3 1 1 2 1 2 4 1 |1 1 1 2 1 1 1 2 1 1 2 1 2 3 1 1 |1 1 3 1 1 1 1 2 1 1 1 2 1 1 |1 1 2 1 1 1 1 1 2 |4 3 1 2 1 1 3 2 1 1 2 1 |3 1 2 5 1 2 5 2 1 5 2 1 4 1 |1 1 1 1 1 2 2 1 2 1 1 1 |1 1 2 1 1 1 1 1 2 4 2 1 1 2 |1 1 1 1 1 1 1 1 1 |1 1 1 4 3 1 1 1 1 2 1 1 1 |1 1 1 1 1 1 1 4 1 1 1 1 2 1 2 1 1 |5 4 1 1 1 2 4 2 1 1 1 1 1 1 1 |1 1 5 1 1 3 1 1 1 |1 3 1 1 1 2 1 1 2 1 4 3 |2 1 1 1 5 1 1 2 1 5 1 1 |1 1 3 1 1 1 1 1 1 3 1 1 3 1 1 4 1 |2 1 2 1 1 3 |1 4 1 1 1 1 2 1 1 1 2 2 1 3 |5 1 1 1 1 1 2 |1 1 1 1 2 |3 1 3 1 1 1 1 1 3 2 1 1 |1 1 1 1 1 1 1 1 1 1 1 1 1 1 3 1 1 1 1 |1 1 4 1 1 1 2 1 1 2 1 4 1 1 1 |3 3 1 1 1 1 3 |4 1 3 1 1 |4 3 2 1 6 1 3 1 4 1 1 1 1 1 3 |1 1 2 1 5 1 1 1 1 |1 1 1 1 5 1 1 2 1 1 1 1 1 5 1 4 2 1 |1 1 3 1 1 1 1 5 |1 1 1 1 5 1 4 1 1 1 1 1 2 1 1 6 1 1 1 |1 3 2 1 1 1 1 1 6 5 1 1 6 1 2 1 1 1 3 |1 1 1 4 1 1 1 2 1 3 1 1 1 |1 1 1 3 1 1 1 1 1 4 2 2 1 1 1 2 |1 1 1 1 1 2 1 |1 1 2 1 1 2 5 6 1 1 1 2 5 1 1 4 1 1 |4 4 3 1 1 1 1 1 1 5 5 1 1 2 1 5 1 1 1 |1 2 1 1 3 1 1 1 2 1 1 2 1 1 1 3 |1 1 1 1 1 1 1 1 1 1 1 2 1 |1 1 1 1 1 |1 2 1 1 1 5 1 1 3 1 1 3 1 4 1 2 |1 1 3 1 1 5 1 1 |
PSO算法运行求解巡逻调度问题耗时：0小时，11分钟，17秒
