第1个BestWave: 
1 1 1 1 1 1 1 1 1 1 1 1 1 6 1 6 4 1 |1 1 1 6 1 1 1 6 1 1 1 |1 1 1 1 1 1 1 6 1 1 1 1 |1 1 1 1 6 1 6 1 1 4 6 4 1 1 1 1 |1 1 1 1 1 1 1 1 3 1 |4 1 1 1 1 1 1 1 1 1 1 1 1 3 1 6 1 |1 1 1 1 1 5 1 1 1 1 1 1 1 1 1 1 1 1 |1 1 1 1 1 1 1 |1 1 1 1 1 2 1 1 1 1 3 1 1 1 1 1 1 1 |1 1 1 1 1 1 1 1 1 3 1 1 1 1 1 1 1 1 1 |1 1 1 1 1 3 |1 1 1 1 1 1 1 1 1 1 |1 1 1 6 1 6 1 1 1 1 6 1 1 4 1 1 5 1 1 |1 1 6 6 1 1 1 6 1 |1 1 1 1 6 1 |1 1 5 1 1 1 1 1 1 1 4 1 1 1 1 1 1 |6 1 1 1 1 1 1 1 1 1 1 1 1 1 |1 1 1 1 1 1 1 1 |1 1 1 6 1 1 1 |1 1 1 1 1 1 1 1 1 1 1 1 1 1 1 1 |1 1 1 1 1 1 1 1 1 1 1 1 1 1 1 |1 6 1 1 1 1 1 1 1 1 1 1 1 4 1 1 1 1 |1 1 1 1 1 1 1 1 3 1 1 6 1 1 2 1 |1 1 1 1 1 1 1 1 1 1 1 1 3 1 |6 1 1 1 1 1 1 1 1 |1 1 1 1 6 6 1 1 5 1 1 1 1 1 1 1 1 1 6 1 |1 1 1 1 1 1 1 1 1 1 1 1 1 |5 1 1 1 1 6 1 1 1 1 1 1 6 1 1 1 1 1 1 1 |1 1 1 1 1 6 |3 1 1 1 1 1 6 1 1 1 1 1 |realPatrol = 600|fitness = 114.23597847267538

最优解的最大适应度：114.23597847267538
最优解的最小适应度：114.23597847267538
最优解的平均适应度：114.23597847267538
估计标准差值：NaN
最优解的最佳分配：
1 1 1 1 1 1 1 1 1 1 1 1 1 6 1 6 4 1 |1 1 1 6 1 1 1 6 1 1 1 |1 1 1 1 1 1 1 6 1 1 1 1 |1 1 1 1 6 1 6 1 1 4 6 4 1 1 1 1 |1 1 1 1 1 1 1 1 3 1 |4 1 1 1 1 1 1 1 1 1 1 1 1 3 1 6 1 |1 1 1 1 1 5 1 1 1 1 1 1 1 1 1 1 1 1 |1 1 1 1 1 1 1 |1 1 1 1 1 2 1 1 1 1 3 1 1 1 1 1 1 1 |1 1 1 1 1 1 1 1 1 3 1 1 1 1 1 1 1 1 1 |1 1 1 1 1 3 |1 1 1 1 1 1 1 1 1 1 |1 1 1 6 1 6 1 1 1 1 6 1 1 4 1 1 5 1 1 |1 1 6 6 1 1 1 6 1 |1 1 1 1 6 1 |1 1 5 1 1 1 1 1 1 1 4 1 1 1 1 1 1 |6 1 1 1 1 1 1 1 1 1 1 1 1 1 |1 1 1 1 1 1 1 1 |1 1 1 6 1 1 1 |1 1 1 1 1 1 1 1 1 1 1 1 1 1 1 1 |1 1 1 1 1 1 1 1 1 1 1 1 1 1 1 |1 6 1 1 1 1 1 1 1 1 1 1 1 4 1 1 1 1 |1 1 1 1 1 1 1 1 3 1 1 6 1 1 2 1 |1 1 1 1 1 1 1 1 1 1 1 1 3 1 |6 1 1 1 1 1 1 1 1 |1 1 1 1 6 6 1 1 5 1 1 1 1 1 1 1 1 1 6 1 |1 1 1 1 1 1 1 1 1 1 1 1 1 |5 1 1 1 1 6 1 1 1 1 1 1 6 1 1 1 1 1 1 1 |1 1 1 1 1 6 |3 1 1 1 1 1 6 1 1 1 1 1 |600|realPatrol = 600
PWWO算法运行求解巡逻调度问题耗时：0小时，4分钟，58秒
第1个BestWave: 
1 1 1 1 1 1 1 1 1 1 1 1 1 6 1 6 3 1 |1 1 1 6 1 3 1 6 1 1 1 |1 1 1 1 1 1 1 6 1 1 1 1 |1 1 1 1 6 1 5 1 1 2 6 4 1 1 1 1 |1 1 1 1 1 1 1 1 3 1 |4 1 1 1 1 1 1 1 1 1 1 1 1 3 1 6 1 |1 1 1 1 1 5 1 1 1 1 1 1 1 1 1 1 1 1 |1 1 1 1 1 1 1 |1 1 1 1 1 1 1 1 1 1 1 1 1 1 1 1 1 1 |1 1 1 1 1 1 2 1 1 2 1 1 1 1 1 1 1 1 1 |1 1 1 1 1 3 |1 1 1 1 1 1 1 1 1 1 |1 1 1 6 1 6 1 1 1 1 6 1 1 3 1 1 3 1 1 |1 1 6 6 1 2 1 6 1 |1 1 1 1 6 1 |1 1 6 1 1 1 1 1 1 1 4 1 1 1 1 1 1 |6 1 1 1 1 1 3 1 1 1 1 1 1 1 |1 1 1 1 1 1 1 1 |1 1 1 6 1 1 1 |1 1 1 1 1 1 1 1 1 1 1 1 1 1 1 1 |1 1 1 1 1 1 1 1 1 1 1 1 1 1 1 |1 6 1 1 1 1 1 1 1 1 1 1 1 3 1 1 1 3 |1 1 1 1 1 1 1 1 5 1 1 5 1 1 2 1 |1 1 1 2 1 1 1 1 1 1 1 1 3 1 |6 1 1 1 1 1 1 1 1 |1 1 1 1 6 6 1 1 5 1 1 1 1 1 1 1 1 1 6 1 |1 1 1 1 1 1 1 1 1 1 1 1 1 |6 1 1 1 1 5 1 1 1 1 1 1 6 1 1 1 1 1 1 1 |1 1 1 1 1 6 |4 1 1 1 1 1 6 1 1 1 1 1 |realPatrol = 600|fitness = 113.84286852017998

最优解的最大适应度：113.84286852017998
最优解的最小适应度：113.84286852017998
最优解的平均适应度：113.84286852017998
估计标准差值：NaN
最优解的最佳分配：
1 1 1 1 1 1 1 1 1 1 1 1 1 6 1 6 3 1 |1 1 1 6 1 3 1 6 1 1 1 |1 1 1 1 1 1 1 6 1 1 1 1 |1 1 1 1 6 1 5 1 1 2 6 4 1 1 1 1 |1 1 1 1 1 1 1 1 3 1 |4 1 1 1 1 1 1 1 1 1 1 1 1 3 1 6 1 |1 1 1 1 1 5 1 1 1 1 1 1 1 1 1 1 1 1 |1 1 1 1 1 1 1 |1 1 1 1 1 1 1 1 1 1 1 1 1 1 1 1 1 1 |1 1 1 1 1 1 2 1 1 2 1 1 1 1 1 1 1 1 1 |1 1 1 1 1 3 |1 1 1 1 1 1 1 1 1 1 |1 1 1 6 1 6 1 1 1 1 6 1 1 3 1 1 3 1 1 |1 1 6 6 1 2 1 6 1 |1 1 1 1 6 1 |1 1 6 1 1 1 1 1 1 1 4 1 1 1 1 1 1 |6 1 1 1 1 1 3 1 1 1 1 1 1 1 |1 1 1 1 1 1 1 1 |1 1 1 6 1 1 1 |1 1 1 1 1 1 1 1 1 1 1 1 1 1 1 1 |1 1 1 1 1 1 1 1 1 1 1 1 1 1 1 |1 6 1 1 1 1 1 1 1 1 1 1 1 3 1 1 1 3 |1 1 1 1 1 1 1 1 5 1 1 5 1 1 2 1 |1 1 1 2 1 1 1 1 1 1 1 1 3 1 |6 1 1 1 1 1 1 1 1 |1 1 1 1 6 6 1 1 5 1 1 1 1 1 1 1 1 1 6 1 |1 1 1 1 1 1 1 1 1 1 1 1 1 |6 1 1 1 1 5 1 1 1 1 1 1 6 1 1 1 1 1 1 1 |1 1 1 1 1 6 |4 1 1 1 1 1 6 1 1 1 1 1 |600|realPatrol = 600
PWWO算法运行求解巡逻调度问题耗时：0小时，5分钟，1秒
第1个BestWave: 
1 1 1 1 1 1 1 1 1 1 1 1 1 6 1 6 4 1 |1 1 1 6 1 2 1 6 1 1 1 |1 1 1 1 1 1 1 6 1 1 1 1 |1 1 1 1 6 1 5 1 1 3 6 1 1 1 1 1 |1 1 1 1 1 1 1 1 3 1 |4 1 1 1 1 1 1 1 1 1 1 1 1 4 1 6 1 |1 1 1 1 1 5 1 1 1 1 1 1 1 1 1 1 1 1 |1 1 1 1 1 1 1 |1 1 1 1 1 2 1 1 1 1 3 1 1 1 1 1 1 1 |1 1 1 1 1 1 2 1 1 1 1 1 1 1 1 1 1 1 1 |1 1 1 1 1 2 |1 1 1 1 1 1 1 1 1 1 |1 1 1 6 1 6 1 1 1 1 6 1 1 4 1 1 4 1 1 |1 1 6 6 1 2 1 6 1 |1 1 1 1 6 1 |1 1 6 1 1 1 1 1 1 1 5 1 1 1 1 1 1 |6 1 1 1 1 1 1 1 1 1 1 1 1 1 |1 1 1 1 1 1 1 1 |1 1 1 6 1 1 1 |1 1 1 1 1 1 1 1 1 1 1 1 1 1 1 1 |1 1 1 1 1 1 1 1 1 1 1 1 1 1 1 |1 6 1 1 1 1 1 1 1 1 1 1 1 3 1 1 1 3 |1 1 1 1 1 1 1 1 4 1 1 6 1 1 1 1 |1 1 1 1 1 1 1 1 1 1 1 1 3 1 |6 1 1 1 1 1 1 1 1 |1 1 1 1 6 6 1 1 4 1 1 1 1 1 1 1 1 1 6 1 |1 1 1 1 1 1 1 1 1 1 1 1 1 |6 1 1 1 1 6 1 1 1 1 1 3 5 1 1 1 1 1 1 1 |1 1 1 1 1 6 |4 1 1 1 1 1 6 1 1 1 1 1 |realPatrol = 600|fitness = 114.05202682842211

最优解的最大适应度：114.05202682842211
最优解的最小适应度：114.05202682842211
最优解的平均适应度：114.05202682842211
估计标准差值：NaN
最优解的最佳分配：
1 1 1 1 1 1 1 1 1 1 1 1 1 6 1 6 4 1 |1 1 1 6 1 2 1 6 1 1 1 |1 1 1 1 1 1 1 6 1 1 1 1 |1 1 1 1 6 1 5 1 1 3 6 1 1 1 1 1 |1 1 1 1 1 1 1 1 3 1 |4 1 1 1 1 1 1 1 1 1 1 1 1 4 1 6 1 |1 1 1 1 1 5 1 1 1 1 1 1 1 1 1 1 1 1 |1 1 1 1 1 1 1 |1 1 1 1 1 2 1 1 1 1 3 1 1 1 1 1 1 1 |1 1 1 1 1 1 2 1 1 1 1 1 1 1 1 1 1 1 1 |1 1 1 1 1 2 |1 1 1 1 1 1 1 1 1 1 |1 1 1 6 1 6 1 1 1 1 6 1 1 4 1 1 4 1 1 |1 1 6 6 1 2 1 6 1 |1 1 1 1 6 1 |1 1 6 1 1 1 1 1 1 1 5 1 1 1 1 1 1 |6 1 1 1 1 1 1 1 1 1 1 1 1 1 |1 1 1 1 1 1 1 1 |1 1 1 6 1 1 1 |1 1 1 1 1 1 1 1 1 1 1 1 1 1 1 1 |1 1 1 1 1 1 1 1 1 1 1 1 1 1 1 |1 6 1 1 1 1 1 1 1 1 1 1 1 3 1 1 1 3 |1 1 1 1 1 1 1 1 4 1 1 6 1 1 1 1 |1 1 1 1 1 1 1 1 1 1 1 1 3 1 |6 1 1 1 1 1 1 1 1 |1 1 1 1 6 6 1 1 4 1 1 1 1 1 1 1 1 1 6 1 |1 1 1 1 1 1 1 1 1 1 1 1 1 |6 1 1 1 1 6 1 1 1 1 1 3 5 1 1 1 1 1 1 1 |1 1 1 1 1 6 |4 1 1 1 1 1 6 1 1 1 1 1 |600|realPatrol = 600
PWWO算法运行求解巡逻调度问题耗时：0小时，4分钟，43秒
第1个BestWave: 
1 1 1 1 1 1 1 1 1 1 1 1 1 6 1 6 4 1 |1 1 1 6 1 1 1 6 1 1 1 |1 1 1 1 1 1 1 6 1 1 1 1 |1 1 1 1 6 1 6 1 1 3 6 3 1 1 1 1 |1 1 1 1 1 1 1 1 4 1 |4 1 1 1 1 1 1 1 1 1 1 1 1 3 1 6 1 |1 1 1 1 1 6 1 1 1 1 1 1 1 1 1 1 1 1 |1 1 1 1 1 1 1 |1 1 1 1 1 2 1 1 1 1 3 1 1 1 1 1 1 1 |1 1 1 1 1 1 1 1 1 1 1 1 1 1 1 1 1 1 1 |1 1 1 1 1 2 |1 1 1 1 1 1 1 1 1 1 |1 1 1 6 1 6 1 1 1 1 6 1 1 1 1 1 5 1 1 |1 1 6 6 1 2 1 6 1 |1 1 1 1 6 1 |1 1 5 1 1 1 1 1 1 1 5 1 1 1 1 1 1 |6 1 1 1 1 1 3 1 1 1 1 1 1 1 |1 1 1 1 1 1 1 1 |1 1 1 6 1 1 1 |1 1 1 1 1 1 1 1 1 1 1 1 1 1 1 1 |1 1 1 1 1 1 1 1 1 1 1 1 1 1 1 |1 6 1 1 1 1 1 1 1 1 1 1 1 3 1 1 1 3 |1 1 1 1 1 1 1 1 4 1 1 6 1 1 1 1 |1 1 1 1 1 1 1 1 1 1 1 1 3 1 |6 1 1 1 1 1 1 1 1 |1 1 1 1 6 6 1 1 5 1 1 1 1 1 1 1 1 1 6 1 |1 1 1 1 1 1 1 1 1 1 1 1 1 |5 1 1 1 1 6 1 1 1 1 1 1 6 1 1 1 1 1 1 1 |1 1 1 1 1 6 |4 1 1 1 1 1 6 1 1 1 1 1 |realPatrol = 600|fitness = 114.17872386001297

最优解的最大适应度：114.17872386001297
最优解的最小适应度：114.17872386001297
最优解的平均适应度：114.17872386001297
估计标准差值：NaN
最优解的最佳分配：
1 1 1 1 1 1 1 1 1 1 1 1 1 6 1 6 4 1 |1 1 1 6 1 1 1 6 1 1 1 |1 1 1 1 1 1 1 6 1 1 1 1 |1 1 1 1 6 1 6 1 1 3 6 3 1 1 1 1 |1 1 1 1 1 1 1 1 4 1 |4 1 1 1 1 1 1 1 1 1 1 1 1 3 1 6 1 |1 1 1 1 1 6 1 1 1 1 1 1 1 1 1 1 1 1 |1 1 1 1 1 1 1 |1 1 1 1 1 2 1 1 1 1 3 1 1 1 1 1 1 1 |1 1 1 1 1 1 1 1 1 1 1 1 1 1 1 1 1 1 1 |1 1 1 1 1 2 |1 1 1 1 1 1 1 1 1 1 |1 1 1 6 1 6 1 1 1 1 6 1 1 1 1 1 5 1 1 |1 1 6 6 1 2 1 6 1 |1 1 1 1 6 1 |1 1 5 1 1 1 1 1 1 1 5 1 1 1 1 1 1 |6 1 1 1 1 1 3 1 1 1 1 1 1 1 |1 1 1 1 1 1 1 1 |1 1 1 6 1 1 1 |1 1 1 1 1 1 1 1 1 1 1 1 1 1 1 1 |1 1 1 1 1 1 1 1 1 1 1 1 1 1 1 |1 6 1 1 1 1 1 1 1 1 1 1 1 3 1 1 1 3 |1 1 1 1 1 1 1 1 4 1 1 6 1 1 1 1 |1 1 1 1 1 1 1 1 1 1 1 1 3 1 |6 1 1 1 1 1 1 1 1 |1 1 1 1 6 6 1 1 5 1 1 1 1 1 1 1 1 1 6 1 |1 1 1 1 1 1 1 1 1 1 1 1 1 |5 1 1 1 1 6 1 1 1 1 1 1 6 1 1 1 1 1 1 1 |1 1 1 1 1 6 |4 1 1 1 1 1 6 1 1 1 1 1 |600|realPatrol = 600
PWWO算法运行求解巡逻调度问题耗时：0小时，4分钟，54秒
第1个BestWave: 
1 1 1 1 1 1 1 1 1 1 1 1 1 6 1 6 3 1 |1 1 1 6 1 2 1 6 1 1 1 |1 1 1 1 1 1 1 6 1 1 1 1 |1 1 1 1 6 1 5 1 1 3 6 4 1 1 1 1 |1 1 1 1 1 1 1 1 3 1 |4 1 1 1 1 1 1 1 1 1 1 1 1 4 1 6 1 |1 1 1 1 1 6 1 1 1 1 1 1 1 1 1 1 1 1 |1 1 1 1 1 1 1 |1 1 1 1 1 2 1 1 1 1 3 1 1 1 1 1 1 1 |1 1 1 1 1 1 1 1 1 3 1 1 1 1 1 1 1 1 1 |1 1 1 1 1 3 |1 1 1 1 1 1 1 1 1 1 |1 1 1 6 1 6 1 1 1 1 6 1 1 1 1 1 5 1 1 |1 1 6 6 1 1 1 6 1 |1 1 1 1 6 1 |1 1 6 1 1 1 1 1 1 1 5 1 1 1 1 1 1 |6 1 1 1 1 1 2 1 1 1 1 1 1 1 |1 1 1 1 1 1 1 1 |1 1 1 6 1 1 1 |1 1 1 1 1 1 1 1 1 1 1 1 1 1 1 1 |1 1 1 1 1 1 1 1 1 1 1 1 1 1 1 |1 6 1 1 1 1 1 1 1 1 1 1 1 3 1 1 1 1 |1 1 1 1 1 1 1 1 4 1 1 5 1 1 1 1 |1 1 1 1 1 1 1 1 1 1 1 1 3 1 |6 1 1 1 1 1 1 1 1 |1 1 1 1 6 6 1 1 5 1 1 1 1 1 1 1 1 1 6 1 |1 1 1 1 1 1 1 1 1 1 1 1 1 |5 1 1 1 1 6 1 1 1 1 1 1 6 1 1 1 1 1 1 1 |1 1 1 1 1 6 |5 1 1 1 1 1 6 1 1 1 1 1 |realPatrol = 600|fitness = 113.51520066551124

最优解的最大适应度：113.51520066551124
最优解的最小适应度：113.51520066551124
最优解的平均适应度：113.51520066551124
估计标准差值：NaN
最优解的最佳分配：
1 1 1 1 1 1 1 1 1 1 1 1 1 6 1 6 3 1 |1 1 1 6 1 2 1 6 1 1 1 |1 1 1 1 1 1 1 6 1 1 1 1 |1 1 1 1 6 1 5 1 1 3 6 4 1 1 1 1 |1 1 1 1 1 1 1 1 3 1 |4 1 1 1 1 1 1 1 1 1 1 1 1 4 1 6 1 |1 1 1 1 1 6 1 1 1 1 1 1 1 1 1 1 1 1 |1 1 1 1 1 1 1 |1 1 1 1 1 2 1 1 1 1 3 1 1 1 1 1 1 1 |1 1 1 1 1 1 1 1 1 3 1 1 1 1 1 1 1 1 1 |1 1 1 1 1 3 |1 1 1 1 1 1 1 1 1 1 |1 1 1 6 1 6 1 1 1 1 6 1 1 1 1 1 5 1 1 |1 1 6 6 1 1 1 6 1 |1 1 1 1 6 1 |1 1 6 1 1 1 1 1 1 1 5 1 1 1 1 1 1 |6 1 1 1 1 1 2 1 1 1 1 1 1 1 |1 1 1 1 1 1 1 1 |1 1 1 6 1 1 1 |1 1 1 1 1 1 1 1 1 1 1 1 1 1 1 1 |1 1 1 1 1 1 1 1 1 1 1 1 1 1 1 |1 6 1 1 1 1 1 1 1 1 1 1 1 3 1 1 1 1 |1 1 1 1 1 1 1 1 4 1 1 5 1 1 1 1 |1 1 1 1 1 1 1 1 1 1 1 1 3 1 |6 1 1 1 1 1 1 1 1 |1 1 1 1 6 6 1 1 5 1 1 1 1 1 1 1 1 1 6 1 |1 1 1 1 1 1 1 1 1 1 1 1 1 |5 1 1 1 1 6 1 1 1 1 1 1 6 1 1 1 1 1 1 1 |1 1 1 1 1 6 |5 1 1 1 1 1 6 1 1 1 1 1 |600|realPatrol = 600
PWWO算法运行求解巡逻调度问题耗时：0小时，4分钟，7秒
第1个BestWave: 
1 1 1 1 1 1 1 1 1 1 1 1 1 6 1 6 4 1 |1 1 1 6 1 1 1 6 1 1 1 |1 1 1 1 1 1 1 6 1 1 1 1 |1 1 1 1 6 1 6 1 1 4 6 4 1 1 1 1 |1 1 1 1 1 1 1 1 4 1 |4 1 1 1 1 1 1 1 1 1 1 1 1 5 1 6 1 |1 1 1 1 1 6 1 1 1 1 1 1 1 1 1 1 1 1 |1 1 1 1 1 1 1 |1 1 1 1 1 1 1 1 1 1 3 1 1 1 1 1 1 1 |1 1 1 1 1 1 1 1 1 2 1 1 1 1 1 1 1 1 1 |1 1 1 1 1 1 |1 1 1 1 1 1 1 1 1 1 |1 1 1 6 1 5 1 1 1 1 6 1 1 2 1 1 5 1 1 |1 1 6 6 1 1 1 6 1 |1 1 1 1 6 1 |1 1 6 1 1 1 1 1 1 1 3 1 1 1 1 1 1 |6 1 1 1 1 1 2 1 1 1 1 1 1 1 |1 1 1 1 1 1 1 1 |1 1 1 6 1 1 1 |1 1 1 1 1 1 1 1 1 1 1 1 1 1 1 1 |1 1 1 1 1 1 1 1 1 1 1 1 1 1 1 |1 6 1 1 1 1 1 1 1 1 1 1 1 3 1 1 1 2 |1 1 1 1 1 1 1 1 5 1 1 6 1 1 1 1 |1 1 1 1 1 1 1 1 1 1 1 1 3 1 |6 1 1 1 1 1 1 1 1 |1 1 1 1 6 6 1 1 4 1 1 1 1 1 1 1 1 1 6 1 |1 1 1 1 1 1 1 1 1 1 1 1 1 |5 1 1 1 1 6 1 1 1 1 1 1 6 1 1 1 1 1 1 1 |1 1 1 1 1 6 |5 1 1 1 1 1 6 1 1 1 1 1 |realPatrol = 600|fitness = 114.608914496652

最优解的最大适应度：114.608914496652
最优解的最小适应度：114.608914496652
最优解的平均适应度：114.608914496652
估计标准差值：NaN
最优解的最佳分配：
1 1 1 1 1 1 1 1 1 1 1 1 1 6 1 6 4 1 |1 1 1 6 1 1 1 6 1 1 1 |1 1 1 1 1 1 1 6 1 1 1 1 |1 1 1 1 6 1 6 1 1 4 6 4 1 1 1 1 |1 1 1 1 1 1 1 1 4 1 |4 1 1 1 1 1 1 1 1 1 1 1 1 5 1 6 1 |1 1 1 1 1 6 1 1 1 1 1 1 1 1 1 1 1 1 |1 1 1 1 1 1 1 |1 1 1 1 1 1 1 1 1 1 3 1 1 1 1 1 1 1 |1 1 1 1 1 1 1 1 1 2 1 1 1 1 1 1 1 1 1 |1 1 1 1 1 1 |1 1 1 1 1 1 1 1 1 1 |1 1 1 6 1 5 1 1 1 1 6 1 1 2 1 1 5 1 1 |1 1 6 6 1 1 1 6 1 |1 1 1 1 6 1 |1 1 6 1 1 1 1 1 1 1 3 1 1 1 1 1 1 |6 1 1 1 1 1 2 1 1 1 1 1 1 1 |1 1 1 1 1 1 1 1 |1 1 1 6 1 1 1 |1 1 1 1 1 1 1 1 1 1 1 1 1 1 1 1 |1 1 1 1 1 1 1 1 1 1 1 1 1 1 1 |1 6 1 1 1 1 1 1 1 1 1 1 1 3 1 1 1 2 |1 1 1 1 1 1 1 1 5 1 1 6 1 1 1 1 |1 1 1 1 1 1 1 1 1 1 1 1 3 1 |6 1 1 1 1 1 1 1 1 |1 1 1 1 6 6 1 1 4 1 1 1 1 1 1 1 1 1 6 1 |1 1 1 1 1 1 1 1 1 1 1 1 1 |5 1 1 1 1 6 1 1 1 1 1 1 6 1 1 1 1 1 1 1 |1 1 1 1 1 6 |5 1 1 1 1 1 6 1 1 1 1 1 |600|realPatrol = 600
PWWO算法运行求解巡逻调度问题耗时：0小时，0分钟，38秒
第1个BestWave: 
1 1 1 1 1 2 2 2 1 1 1 1 2 2 1 4 2 2 |3 1 2 1 2 1 1 1 1 1 1 |1 1 1 1 2 3 1 2 1 1 1 1 |1 1 2 1 2 1 2 1 1 1 3 2 1 1 1 1 |1 2 2 1 1 1 1 1 1 1 |1 2 1 1 1 1 1 1 1 1 1 2 1 2 1 6 3 |1 1 1 1 4 2 2 1 1 2 1 1 3 1 1 2 1 1 |1 1 1 1 2 1 2 |2 1 2 2 1 2 1 1 1 1 5 1 1 1 1 1 1 3 |1 3 1 1 2 1 2 2 2 1 3 1 1 1 1 1 1 2 1 |1 1 1 1 1 1 |1 2 1 1 1 1 2 1 1 3 |1 1 1 1 1 3 1 3 3 1 3 2 3 3 1 2 3 2 2 |2 1 2 4 1 1 1 1 1 |1 1 1 1 1 1 |2 2 2 1 1 2 3 1 1 2 2 2 1 2 1 1 1 |2 1 1 1 1 1 3 1 1 1 1 1 1 1 |1 1 1 1 2 1 1 1 |1 1 1 1 1 1 1 |3 1 2 1 1 1 2 2 1 2 1 3 1 1 1 1 |3 1 1 1 1 1 1 1 2 1 3 1 1 1 1 |1 3 1 1 1 4 1 2 1 1 4 2 1 5 1 1 2 2 |1 1 1 2 1 2 1 1 3 1 2 1 1 1 3 1 |1 1 2 1 1 1 1 1 1 1 2 1 5 1 |4 1 3 1 1 1 1 1 1 |1 1 1 1 3 4 1 1 2 3 2 1 2 2 1 1 1 3 4 1 |1 1 1 1 2 2 1 1 1 1 1 1 2 |6 1 2 2 1 1 1 1 2 1 1 2 5 1 3 1 3 2 1 2 |1 1 1 1 1 1 |4 1 1 1 1 1 4 1 1 1 2 1 |realPatrol = 600|fitness = 90.66686228987172

最优解的最大适应度：90.66686228987172
最优解的最小适应度：90.66686228987172
最优解的平均适应度：90.66686228987172
估计标准差值：NaN
最优解的最佳分配：
1 1 1 1 1 2 2 2 1 1 1 1 2 2 1 4 2 2 |3 1 2 1 2 1 1 1 1 1 1 |1 1 1 1 2 3 1 2 1 1 1 1 |1 1 2 1 2 1 2 1 1 1 3 2 1 1 1 1 |1 2 2 1 1 1 1 1 1 1 |1 2 1 1 1 1 1 1 1 1 1 2 1 2 1 6 3 |1 1 1 1 4 2 2 1 1 2 1 1 3 1 1 2 1 1 |1 1 1 1 2 1 2 |2 1 2 2 1 2 1 1 1 1 5 1 1 1 1 1 1 3 |1 3 1 1 2 1 2 2 2 1 3 1 1 1 1 1 1 2 1 |1 1 1 1 1 1 |1 2 1 1 1 1 2 1 1 3 |1 1 1 1 1 3 1 3 3 1 3 2 3 3 1 2 3 2 2 |2 1 2 4 1 1 1 1 1 |1 1 1 1 1 1 |2 2 2 1 1 2 3 1 1 2 2 2 1 2 1 1 1 |2 1 1 1 1 1 3 1 1 1 1 1 1 1 |1 1 1 1 2 1 1 1 |1 1 1 1 1 1 1 |3 1 2 1 1 1 2 2 1 2 1 3 1 1 1 1 |3 1 1 1 1 1 1 1 2 1 3 1 1 1 1 |1 3 1 1 1 4 1 2 1 1 4 2 1 5 1 1 2 2 |1 1 1 2 1 2 1 1 3 1 2 1 1 1 3 1 |1 1 2 1 1 1 1 1 1 1 2 1 5 1 |4 1 3 1 1 1 1 1 1 |1 1 1 1 3 4 1 1 2 3 2 1 2 2 1 1 1 3 4 1 |1 1 1 1 2 2 1 1 1 1 1 1 2 |6 1 2 2 1 1 1 1 2 1 1 2 5 1 3 1 3 2 1 2 |1 1 1 1 1 1 |4 1 1 1 1 1 4 1 1 1 2 1 |600|realPatrol = 600
WWO算法运行求解巡逻调度问题耗时：0小时，0分钟，41秒
第1个BestWave: 
1 1 1 1 1 1 1 1 1 1 1 1 1 6 1 6 3 1 |1 1 1 6 1 1 1 6 1 1 1 |1 1 1 1 1 1 1 6 1 1 1 1 |1 1 1 1 6 1 6 1 1 2 6 5 1 1 1 1 |1 1 1 1 1 1 1 1 3 1 |5 1 1 1 1 1 1 1 1 1 1 1 1 4 1 6 1 |1 1 1 1 1 6 1 1 1 1 1 1 1 1 1 1 1 1 |1 1 1 1 1 1 1 |1 1 1 1 1 1 1 1 1 1 4 1 1 1 1 1 1 1 |1 1 1 1 1 1 1 1 1 1 1 1 1 1 1 1 1 1 1 |1 1 1 1 1 2 |1 1 1 1 1 1 1 1 1 1 |1 1 1 6 1 6 1 1 1 1 6 1 1 1 1 1 5 1 1 |1 1 6 6 1 1 1 6 1 |1 1 1 1 6 1 |1 1 5 1 1 1 1 1 1 1 4 1 1 1 1 1 1 |6 1 1 1 1 1 3 1 1 1 1 1 1 1 |1 1 1 1 1 1 1 1 |1 1 1 6 1 1 1 |1 1 1 1 1 1 1 1 1 1 1 1 1 1 1 1 |1 1 1 1 1 1 1 1 1 1 1 1 1 1 1 |1 6 1 1 1 1 1 1 1 1 1 1 1 4 1 1 1 1 |1 1 1 1 1 1 1 1 4 1 1 6 1 1 2 1 |1 1 1 1 1 1 1 1 1 1 1 1 3 1 |6 1 1 1 1 1 1 1 1 |1 1 1 1 6 6 1 1 5 1 1 1 1 1 1 1 1 1 6 1 |1 1 1 1 1 1 1 1 1 1 1 1 1 |6 1 1 1 1 6 1 1 1 1 1 1 6 1 1 1 1 1 1 1 |1 1 1 1 1 6 |4 1 1 1 1 1 6 1 1 1 1 1 |realPatrol = 600|fitness = 114.25910842453177

最优解的最大适应度：114.25910842453177
最优解的最小适应度：114.25910842453177
最优解的平均适应度：114.25910842453177
估计标准差值：NaN
最优解的最佳分配：
1 1 1 1 1 1 1 1 1 1 1 1 1 6 1 6 3 1 |1 1 1 6 1 1 1 6 1 1 1 |1 1 1 1 1 1 1 6 1 1 1 1 |1 1 1 1 6 1 6 1 1 2 6 5 1 1 1 1 |1 1 1 1 1 1 1 1 3 1 |5 1 1 1 1 1 1 1 1 1 1 1 1 4 1 6 1 |1 1 1 1 1 6 1 1 1 1 1 1 1 1 1 1 1 1 |1 1 1 1 1 1 1 |1 1 1 1 1 1 1 1 1 1 4 1 1 1 1 1 1 1 |1 1 1 1 1 1 1 1 1 1 1 1 1 1 1 1 1 1 1 |1 1 1 1 1 2 |1 1 1 1 1 1 1 1 1 1 |1 1 1 6 1 6 1 1 1 1 6 1 1 1 1 1 5 1 1 |1 1 6 6 1 1 1 6 1 |1 1 1 1 6 1 |1 1 5 1 1 1 1 1 1 1 4 1 1 1 1 1 1 |6 1 1 1 1 1 3 1 1 1 1 1 1 1 |1 1 1 1 1 1 1 1 |1 1 1 6 1 1 1 |1 1 1 1 1 1 1 1 1 1 1 1 1 1 1 1 |1 1 1 1 1 1 1 1 1 1 1 1 1 1 1 |1 6 1 1 1 1 1 1 1 1 1 1 1 4 1 1 1 1 |1 1 1 1 1 1 1 1 4 1 1 6 1 1 2 1 |1 1 1 1 1 1 1 1 1 1 1 1 3 1 |6 1 1 1 1 1 1 1 1 |1 1 1 1 6 6 1 1 5 1 1 1 1 1 1 1 1 1 6 1 |1 1 1 1 1 1 1 1 1 1 1 1 1 |6 1 1 1 1 6 1 1 1 1 1 1 6 1 1 1 1 1 1 1 |1 1 1 1 1 6 |4 1 1 1 1 1 6 1 1 1 1 1 |600|realPatrol = 600
PWWO算法运行求解巡逻调度问题耗时：0小时，2分钟，22秒
