===============第1个全局最优解================
最佳代数：
0
最佳分配：
1 6 1 1 1 1 |1 1 1 6 1 1 1 6 1 2 1 1 1 1 4 |
最佳适应度：
1.153579280363504

===============第2个全局最优解================
最佳代数：
0
最佳分配：
1 6 1 1 1 1 |1 1 1 6 1 1 1 6 1 3 1 1 1 1 3 |
最佳适应度：
1.1373382933441631

===============第3个全局最优解================
最佳代数：
0
最佳分配：
1 6 1 1 1 1 |1 1 1 6 1 1 1 6 1 2 1 1 1 1 4 |
最佳适应度：
1.1256856523622476

===============第4个全局最优解================
最佳代数：
0
最佳分配：
1 6 1 1 1 1 |1 1 1 6 1 1 1 6 1 2 1 1 1 1 4 |
最佳适应度：
1.12729514498154

===============第5个全局最优解================
最佳代数：
0
最佳分配：
1 6 1 1 1 1 |1 1 1 6 1 1 1 6 1 1 1 1 1 1 5 |
最佳适应度：
1.1270621888033145

===============第6个全局最优解================
最佳代数：
0
最佳分配：
1 6 1 1 1 1 |1 1 1 6 1 1 1 6 1 2 1 1 1 1 4 |
最佳适应度：
1.1696101735867332

===============第7个全局最优解================
最佳代数：
0
最佳分配：
1 6 1 1 1 1 |1 1 1 6 1 1 1 6 1 3 1 1 1 1 3 |
最佳适应度：
1.1136523078319671

===============第8个全局最优解================
最佳代数：
0
最佳分配：
1 6 1 1 1 1 |1 1 1 6 1 1 1 6 1 2 1 1 1 1 4 |
最佳适应度：
1.14123324908018

===============第9个全局最优解================
最佳代数：
0
最佳分配：
1 6 1 1 1 1 |1 1 1 6 1 1 1 6 1 2 1 1 1 1 4 |
最佳适应度：
1.1617782081407753

===============第10个全局最优解================
最佳代数：
0
最佳分配：
1 6 1 1 1 1 |1 1 1 6 1 1 1 6 1 1 1 1 1 1 5 |
最佳适应度：
1.1336518370326871

===============第11个全局最优解================
最佳代数：
0
最佳分配：
1 6 1 1 1 1 |1 1 1 6 1 1 1 6 1 1 1 1 1 1 5 |
最佳适应度：
1.1635486822692032

===============第12个全局最优解================
最佳代数：
0
最佳分配：
1 6 1 1 1 1 |1 1 1 6 1 1 1 6 1 2 1 1 1 1 4 |
最佳适应度：
1.1132150173412418

===============第13个全局最优解================
最佳代数：
0
最佳分配：
1 6 1 1 1 1 |1 1 1 6 1 1 1 6 1 1 1 1 1 1 5 |
最佳适应度：
1.1631650635714978

===============第14个全局最优解================
最佳代数：
0
最佳分配：
1 6 1 1 1 1 |1 1 1 6 1 1 1 6 1 3 1 1 1 1 3 |
最佳适应度：
1.1324900236359954

===============第15个全局最优解================
最佳代数：
0
最佳分配：
1 6 1 1 1 1 |1 1 1 6 1 1 1 6 1 1 1 1 1 1 5 |
最佳适应度：
1.1553347513572563

===============第16个全局最优解================
最佳代数：
0
最佳分配：
1 6 1 1 1 1 |1 1 1 6 1 1 1 6 1 1 1 1 1 1 5 |
最佳适应度：
1.14106893817996

===============第17个全局最优解================
最佳代数：
0
最佳分配：
1 6 1 1 1 1 |1 1 1 6 1 1 1 6 1 2 1 1 1 1 4 |
最佳适应度：
1.129051581622042

===============第18个全局最优解================
最佳代数：
0
最佳分配：
1 6 1 1 1 1 |1 1 1 6 1 1 1 6 1 1 1 1 1 1 5 |
最佳适应度：
1.1364607845368258

===============第19个全局最优解================
最佳代数：
0
最佳分配：
1 6 1 1 1 1 |1 1 1 6 1 1 1 6 1 3 1 1 1 1 3 |
最佳适应度：
1.1562825615032837

===============第20个全局最优解================
最佳代数：
0
最佳分配：
1 6 1 1 1 1 |1 1 1 6 1 1 1 6 1 3 1 1 1 1 3 |
最佳适应度：
1.1601044722740803

===============第21个全局最优解================
最佳代数：
0
最佳分配：
1 6 1 1 1 1 |1 1 1 6 1 1 1 6 1 1 1 1 1 1 5 |
最佳适应度：
1.1562556880983057

===============第22个全局最优解================
最佳代数：
0
最佳分配：
1 6 1 1 1 1 |1 1 1 6 1 1 1 6 1 2 1 1 1 1 4 |
最佳适应度：
1.152463018313969

===============第23个全局最优解================
最佳代数：
0
最佳分配：
1 6 1 1 1 1 |1 1 1 6 1 1 1 6 1 3 1 1 1 1 3 |
最佳适应度：
1.1361015526803224

===============第24个全局最优解================
最佳代数：
0
最佳分配：
1 6 1 1 1 1 |1 1 1 6 1 1 1 6 1 2 1 1 1 1 4 |
最佳适应度：
1.1423777446464667

===============第25个全局最优解================
最佳代数：
0
最佳分配：
1 6 1 1 1 1 |1 1 1 6 1 1 1 6 1 1 1 1 1 1 5 |
最佳适应度：
1.1505896791305417

===============第26个全局最优解================
最佳代数：
0
最佳分配：
1 6 1 1 1 1 |1 1 1 6 1 1 1 6 1 1 1 1 1 1 5 |
最佳适应度：
1.1367790968427478

===============第27个全局最优解================
最佳代数：
0
最佳分配：
1 6 1 1 1 1 |1 1 1 6 1 1 1 6 1 1 1 1 1 1 5 |
最佳适应度：
1.159096394730525

===============第28个全局最优解================
最佳代数：
0
最佳分配：
1 6 1 1 1 1 |1 1 1 6 1 1 1 6 1 1 1 1 1 1 5 |
最佳适应度：
1.1319205639450043

===============第29个全局最优解================
最佳代数：
0
最佳分配：
1 6 1 1 1 1 |1 1 1 6 1 1 1 6 1 1 1 1 1 1 5 |
最佳适应度：
1.1643100267745579

===============第30个全局最优解================
最佳代数：
0
最佳分配：
1 6 1 1 1 1 |1 1 1 6 1 1 1 6 1 5 1 1 1 1 1 |
最佳适应度：
1.1700339152880233

===============第31个全局最优解================
最佳代数：
0
最佳分配：
1 6 1 1 1 1 |1 1 1 6 1 1 1 6 1 1 1 1 1 1 5 |
最佳适应度：
1.1441343289651948

===============第32个全局最优解================
最佳代数：
0
最佳分配：
1 6 1 1 1 1 |1 1 1 6 1 1 1 6 1 2 1 1 1 1 4 |
最佳适应度：
1.1300958889200863

===============第33个全局最优解================
最佳代数：
0
最佳分配：
1 6 1 1 1 1 |1 1 1 6 1 1 1 6 1 2 1 1 1 1 4 |
最佳适应度：
1.14724523110942

===============第34个全局最优解================
最佳代数：
0
最佳分配：
1 6 1 1 1 1 |1 1 1 6 1 1 1 5 1 4 1 1 1 1 3 |
最佳适应度：
1.1407225053263776

===============第35个全局最优解================
最佳代数：
0
最佳分配：
1 6 1 1 1 1 |1 1 1 6 1 1 1 6 1 2 1 1 1 1 4 |
最佳适应度：
1.1302562085613468

===============第36个全局最优解================
最佳代数：
0
最佳分配：
1 6 1 1 1 1 |1 1 1 6 1 1 1 6 1 5 1 1 1 1 1 |
最佳适应度：
1.151342408010808

===============第37个全局最优解================
最佳代数：
0
最佳分配：
1 6 1 1 1 1 |1 1 1 6 1 1 1 6 1 1 1 1 1 1 5 |
最佳适应度：
1.1707648945598912

===============第38个全局最优解================
最佳代数：
0
最佳分配：
1 6 1 1 1 1 |1 1 1 6 1 1 1 5 1 2 1 1 1 1 5 |
最佳适应度：
1.1426407689456266

===============第39个全局最优解================
最佳代数：
0
最佳分配：
1 6 1 1 1 1 |1 1 1 6 1 1 1 6 1 3 1 1 1 1 3 |
最佳适应度：
1.1508278664369078

===============第40个全局最优解================
最佳代数：
0
最佳分配：
1 6 1 1 1 1 |1 1 1 6 1 1 1 6 1 3 1 1 1 1 3 |
最佳适应度：
1.1313718906775485

===============第41个全局最优解================
最佳代数：
0
最佳分配：
1 6 1 1 1 1 |1 1 1 6 1 1 1 6 1 3 1 1 1 1 3 |
最佳适应度：
1.1541347594882139

===============第42个全局最优解================
最佳代数：
0
最佳分配：
1 6 1 1 1 1 |1 1 1 6 1 1 1 6 1 3 1 1 1 1 3 |
最佳适应度：
1.1398266455068162

===============第43个全局最优解================
最佳代数：
0
最佳分配：
1 6 1 1 1 1 |1 1 1 6 1 1 1 6 1 2 1 1 1 1 4 |
最佳适应度：
1.1416934879413818

===============第44个全局最优解================
最佳代数：
0
最佳分配：
1 6 1 1 1 1 |1 1 1 6 1 1 1 6 1 2 1 1 1 1 4 |
最佳适应度：
1.1455514829587246

===============第45个全局最优解================
最佳代数：
0
最佳分配：
1 6 1 1 1 1 |1 1 1 6 1 1 1 6 1 3 1 1 1 1 3 |
最佳适应度：
1.1358212885236112

===============第46个全局最优解================
最佳代数：
0
最佳分配：
1 6 1 1 1 1 |1 1 1 6 1 1 1 6 1 2 1 1 1 1 4 |
最佳适应度：
1.139472580062369

===============第47个全局最优解================
最佳代数：
0
最佳分配：
1 6 1 1 1 1 |1 1 1 6 1 1 1 6 1 2 1 1 1 1 4 |
最佳适应度：
1.1700986005163458

===============第48个全局最优解================
最佳代数：
0
最佳分配：
1 6 1 1 1 1 |1 1 1 6 1 1 1 6 1 1 1 1 1 1 5 |
最佳适应度：
1.126757142384772

===============第49个全局最优解================
最佳代数：
0
最佳分配：
1 6 1 1 1 1 |1 1 1 6 1 1 1 6 1 1 1 1 1 1 5 |
最佳适应度：
1.1654485161014594

===============第50个全局最优解================
最佳代数：
0
最佳分配：
1 6 1 1 1 1 |1 1 1 6 1 1 1 6 1 4 1 1 1 1 2 |
最佳适应度：
1.1519692996881465

===============第51个全局最优解================
最佳代数：
0
最佳分配：
1 6 1 1 1 1 |1 1 1 6 1 1 1 6 1 1 1 1 1 1 5 |
最佳适应度：
1.168063386655634

===============第52个全局最优解================
最佳代数：
0
最佳分配：
1 6 1 1 1 1 |1 1 1 6 1 1 1 6 1 1 1 1 1 1 5 |
最佳适应度：
1.1401168203570946

===============第53个全局最优解================
最佳代数：
0
最佳分配：
1 6 1 1 1 1 |1 1 1 6 1 1 1 6 1 2 1 1 1 1 4 |
最佳适应度：
1.1503312315147902

===============第54个全局最优解================
最佳代数：
0
最佳分配：
1 6 1 1 1 1 |1 1 1 6 1 1 1 6 1 1 1 1 1 1 5 |
最佳适应度：
1.1636430770366464

===============第55个全局最优解================
最佳代数：
0
最佳分配：
1 6 1 1 1 1 |1 1 1 6 1 1 1 6 1 2 1 1 1 1 4 |
最佳适应度：
1.1564418986623866

===============第56个全局最优解================
最佳代数：
0
最佳分配：
1 6 1 1 1 1 |1 1 1 6 1 1 1 6 1 2 1 1 1 1 4 |
最佳适应度：
1.164745364001194

===============第57个全局最优解================
最佳代数：
0
最佳分配：
1 6 1 1 1 1 |1 1 1 6 1 1 1 5 1 2 1 1 1 1 5 |
最佳适应度：
1.1452060534654185

===============第58个全局最优解================
最佳代数：
0
最佳分配：
1 6 1 1 1 1 |1 1 1 6 1 1 1 5 1 3 1 1 1 1 4 |
最佳适应度：
1.1425653440652985

===============第59个全局最优解================
最佳代数：
0
最佳分配：
1 6 1 1 1 1 |1 1 1 6 1 1 1 6 1 1 1 1 1 1 5 |
最佳适应度：
1.1268254825603001

===============第60个全局最优解================
最佳代数：
0
最佳分配：
1 6 1 1 1 1 |1 1 1 6 1 1 1 6 1 1 1 1 1 1 5 |
最佳适应度：
1.1189695461732696

最大适应度：1.1707648945598912
最小适应度：1.1132150173412418
平均适应度：1.1454769981907673
估计标准差值：0.014870728154050659
最佳分配：
1 6 1 1 1 1 |1 1 1 6 1 1 1 6 1 1 1 1 1 1 5 |
FADE算法运行求解巡逻调度问题耗时：0小时，0分钟，13秒
