第1个BestWave: 
2 1 1 1 1 1 1 1 2 2 1 1 1 1 1 6 2 1 |1 1 2 2 1 1 1 1 1 1 1 |3 3 1 1 1 1 1 2 2 1 1 1 |2 1 1 1 3 2 4 2 4 2 3 1 1 1 1 1 |1 1 1 1 1 1 1 1 1 1 |4 2 1 1 2 2 1 1 1 1 1 1 2 1 1 4 1 |2 1 2 1 1 1 1 1 5 1 1 2 1 1 1 3 2 2 |1 1 1 1 1 1 2 |4 2 1 1 1 1 4 2 2 2 2 1 1 1 2 1 5 2 |1 2 1 1 2 2 2 1 1 3 1 1 3 1 1 3 2 1 1 |1 1 1 1 1 1 |1 2 1 1 1 1 1 1 1 1 |2 1 1 2 1 5 1 1 1 1 1 2 3 1 1 2 3 1 1 |1 1 1 4 1 1 1 1 1 |1 1 1 1 1 1 |1 2 2 2 1 1 3 1 1 3 1 1 1 2 1 1 2 |3 2 1 1 2 1 2 2 1 2 1 1 1 1 |1 1 1 1 1 1 1 2 |2 1 1 4 1 1 1 |1 1 3 1 1 1 1 1 1 1 1 1 1 1 1 2 |1 1 2 1 1 1 2 1 2 3 1 1 1 1 1 |1 5 3 4 1 1 1 2 1 1 1 1 2 3 2 1 1 1 |1 1 1 3 1 2 1 1 3 1 1 4 1 1 2 1 |1 1 1 1 1 1 1 1 1 1 1 3 1 1 |3 1 2 1 1 1 1 1 1 |2 1 2 1 2 6 1 3 2 2 2 1 1 1 1 2 1 1 5 1 |1 1 2 3 1 1 2 1 1 2 1 1 1 |5 1 1 1 1 3 2 3 1 1 2 1 5 1 2 1 2 2 1 2 |1 1 1 1 1 2 |2 1 1 1 1 1 2 1 2 1 1 1 |realPatrol = 600|fitness = 92.02906861199497

第2个BestWave: 
1 1 1 2 1 2 2 1 1 1 1 1 1 3 1 2 1 1 |2 1 1 2 1 1 2 1 1 1 1 |2 1 2 1 1 1 2 1 1 1 2 1 |4 1 1 1 6 1 4 1 2 2 5 1 1 3 1 3 |1 1 1 1 1 1 1 1 1 2 |2 2 1 1 1 1 2 1 1 1 2 1 1 2 4 6 2 |2 3 1 1 1 2 2 2 3 1 2 1 1 1 1 1 1 1 |1 1 1 1 1 1 1 |3 1 1 1 1 1 1 1 2 2 2 2 1 2 2 1 2 1 |1 1 3 1 3 2 5 2 2 2 2 1 1 1 1 2 1 1 1 |1 1 1 1 1 1 |1 1 1 1 1 1 1 1 2 2 |1 1 1 3 1 4 1 3 1 1 1 3 3 3 5 2 2 1 1 |1 1 1 4 1 1 1 1 1 |1 1 1 1 1 1 |1 1 5 1 1 1 1 1 3 3 1 1 1 1 3 2 3 |5 1 2 1 2 1 2 1 1 1 2 1 1 1 |1 1 1 1 1 1 1 1 |1 1 1 2 1 1 1 |1 1 1 1 1 1 2 1 1 1 2 2 3 2 2 1 |2 1 1 1 1 1 1 2 1 1 2 1 1 1 1 |2 6 2 1 1 2 1 2 1 1 1 2 1 1 2 1 1 4 |1 1 1 2 1 1 1 1 1 2 1 4 2 1 1 1 |1 1 1 1 1 1 1 2 1 1 1 3 1 1 |6 1 1 1 1 2 1 1 1 |1 3 2 1 5 6 1 1 1 1 2 2 1 1 1 2 1 1 5 2 |1 1 1 1 1 1 1 2 1 1 1 1 1 |2 1 3 1 1 5 2 1 1 1 1 1 3 1 1 2 1 1 1 1 |1 1 1 1 1 1 |1 1 1 1 1 1 1 1 1 1 1 2 |realPatrol = 600|fitness = 91.19363947469154

第3个BestWave: 
2 1 1 1 1 2 1 3 2 3 1 1 1 1 1 6 1 1 |1 1 1 1 1 2 1 1 1 1 1 |1 1 1 1 1 1 1 1 1 1 1 1 |1 1 2 1 4 3 5 1 1 3 4 3 1 1 1 1 |1 1 1 1 1 1 1 1 2 1 |2 1 2 1 2 3 2 2 1 1 1 1 1 1 1 5 1 |1 1 1 1 2 6 3 1 2 1 1 1 2 2 2 2 3 4 |1 1 1 1 1 1 1 |1 4 1 2 3 1 3 1 5 1 1 1 1 1 1 1 1 1 |2 2 2 1 1 1 3 1 2 2 1 2 2 3 2 1 1 1 1 |1 1 1 1 1 1 |1 1 1 3 1 1 1 1 1 1 |2 1 1 1 1 4 1 1 2 1 1 2 1 5 1 3 2 2 1 |1 1 2 5 1 1 1 1 1 |1 1 1 1 1 1 |1 1 5 1 1 1 1 1 1 1 3 2 1 1 1 2 1 |5 2 1 2 1 1 3 1 3 1 1 2 1 1 |1 1 1 1 1 1 2 1 |1 1 1 2 1 1 1 |2 1 3 1 1 2 1 3 3 3 1 2 1 2 1 1 |1 1 1 1 1 1 1 2 1 1 1 1 1 1 1 |1 5 1 1 1 1 1 1 2 1 1 3 1 3 1 1 2 3 |1 1 1 1 2 1 1 1 1 1 3 5 1 1 5 1 |1 1 3 1 1 1 1 1 1 1 1 1 2 1 |1 1 1 1 1 1 1 1 1 |3 1 1 1 4 1 1 2 5 1 1 2 2 1 1 1 1 1 2 1 |1 1 2 1 1 1 1 1 1 1 1 1 1 |1 1 4 1 1 2 2 1 2 1 2 5 3 2 1 1 2 2 1 1 |1 1 1 1 1 1 |1 1 1 1 1 2 4 1 1 1 1 1 |realPatrol = 600|fitness = 91.75986644354097

第4个BestWave: 
1 1 1 1 4 1 1 1 5 3 2 2 1 5 2 3 2 1 |1 1 1 2 1 3 1 2 1 1 1 |1 1 1 1 1 2 1 1 1 1 1 1 |1 1 1 1 1 1 4 1 6 2 5 1 1 2 1 1 |2 1 1 1 1 1 1 1 2 1 |3 1 1 1 1 1 1 2 1 2 1 2 1 1 2 4 1 |1 1 1 1 1 1 3 1 1 3 3 1 1 1 1 1 2 1 |1 1 1 1 1 1 1 |1 1 3 1 1 1 2 2 2 3 1 1 1 1 1 2 5 1 |1 1 1 2 1 1 2 2 2 3 1 1 2 2 1 1 1 1 2 |1 1 1 1 1 1 |2 2 1 1 1 1 1 2 1 1 |3 2 2 4 3 4 1 1 1 1 3 1 3 2 1 1 3 2 1 |2 1 1 1 1 3 1 2 1 |1 1 1 1 1 1 |2 1 6 1 1 1 2 1 1 3 2 1 1 1 1 1 1 |5 1 1 1 1 1 1 1 1 1 1 1 1 2 |1 1 1 1 1 1 1 1 |1 1 2 1 1 1 1 |2 1 2 1 1 1 1 1 2 1 1 1 1 1 2 1 |1 2 1 1 1 1 1 1 1 1 1 1 1 1 1 |1 5 1 1 1 1 1 1 1 2 1 1 1 4 1 1 2 1 |1 1 2 2 1 1 1 1 2 1 1 1 2 2 1 3 |1 1 1 1 2 1 1 2 1 1 1 1 1 2 |1 1 2 2 1 1 1 2 1 |1 1 1 3 6 4 4 1 1 1 3 2 1 1 3 1 1 3 4 1 |1 1 1 4 1 3 1 1 1 1 1 2 1 |2 2 1 1 1 6 1 1 1 2 5 2 3 1 2 1 2 1 1 1 |1 1 1 2 1 1 |1 1 1 1 2 1 4 1 2 1 1 1 |realPatrol = 600|fitness = 91.53248347680636

第5个BestWave: 
2 1 1 1 1 2 3 2 2 1 2 1 1 3 1 2 1 1 |1 1 1 1 1 1 1 3 1 2 1 |1 2 1 1 1 1 1 5 1 1 2 1 |1 2 1 1 3 1 2 1 1 1 4 5 1 1 1 2 |1 1 1 1 1 1 1 1 1 1 |3 1 1 2 1 5 2 2 1 1 1 1 1 1 2 4 1 |3 1 1 1 1 3 2 1 1 3 1 1 1 1 1 1 2 1 |1 1 1 1 1 1 1 |3 2 1 1 1 2 2 1 1 2 2 2 1 1 1 1 4 3 |1 1 1 1 1 1 3 1 2 2 1 4 1 2 3 1 1 1 2 |1 1 1 1 1 1 |1 1 1 2 1 1 1 1 1 1 |4 1 1 2 1 2 2 3 4 2 4 5 1 1 1 1 3 1 1 |1 1 2 3 1 1 1 1 1 |1 1 1 1 1 1 |2 2 4 1 1 1 1 1 1 1 3 1 3 1 1 1 1 |4 1 2 1 1 1 2 2 1 1 1 1 1 1 |1 1 1 1 1 1 1 1 |1 1 1 1 1 1 2 |2 1 2 1 2 1 1 1 1 1 1 2 2 1 4 1 |1 2 2 2 2 1 1 1 1 1 2 1 4 1 1 |2 6 2 1 1 2 2 1 2 2 2 1 1 1 1 1 2 1 |1 1 1 1 1 1 1 2 1 2 2 4 1 1 1 2 |1 1 1 2 1 1 1 2 1 1 2 2 1 1 |1 1 1 1 1 1 1 1 1 |1 1 1 1 4 5 1 1 2 1 1 2 1 1 3 1 1 1 5 1 |1 1 1 2 3 1 1 1 1 1 1 1 1 |2 1 1 1 1 3 2 1 2 1 3 1 5 1 4 1 1 1 2 2 |1 1 1 1 1 1 |1 2 1 2 1 2 4 1 1 1 3 1 |realPatrol = 600|fitness = 90.89857240857924

第6个BestWave: 
1 2 2 1 2 2 1 1 1 2 1 1 1 6 1 4 1 2 |1 1 1 1 1 1 1 1 1 1 1 |1 1 1 1 1 1 1 5 1 1 1 1 |1 1 2 1 3 1 2 1 1 4 1 1 1 1 1 1 |2 2 3 1 1 1 1 1 2 1 |1 1 1 1 1 1 1 1 3 2 2 1 1 1 1 5 2 |1 2 1 2 2 5 2 2 1 3 1 1 2 1 1 4 2 2 |1 1 1 1 1 1 1 |3 1 2 1 1 1 2 1 1 1 2 1 1 1 1 3 2 1 |2 1 1 2 1 1 1 1 1 2 4 3 2 1 1 3 1 3 2 |1 1 1 1 1 1 |1 1 1 1 1 3 1 1 1 1 |1 2 2 4 1 6 1 2 1 2 1 3 2 1 1 1 2 1 1 |1 1 1 2 1 1 1 1 1 |1 1 1 1 1 1 |1 1 4 1 1 4 1 1 1 2 2 1 1 1 1 1 1 |1 1 1 1 1 2 1 2 1 2 1 1 1 2 |1 1 1 1 1 1 1 1 |1 1 1 2 1 1 1 |3 1 1 1 1 2 2 1 1 2 1 2 1 1 1 1 |1 1 1 1 1 2 2 1 1 4 1 1 1 2 1 |1 4 1 2 1 1 1 3 1 1 1 4 1 3 2 1 1 2 |2 1 1 2 1 1 1 1 1 1 1 4 1 1 1 1 |1 1 1 1 1 1 1 1 2 2 2 1 3 1 |3 1 1 1 1 1 1 1 1 |1 1 1 1 5 5 1 1 4 1 1 1 3 1 4 1 1 3 5 1 |1 1 1 1 1 2 1 1 1 1 2 2 1 |2 1 1 1 1 6 1 1 3 1 2 6 4 3 1 1 1 1 1 1 |1 1 1 3 1 1 |3 1 1 1 1 1 2 2 1 1 2 2 |realPatrol = 600|fitness = 91.81462186448847

第7个BestWave: 
2 1 1 3 1 1 1 1 1 1 4 3 1 2 1 6 6 1 |1 2 1 5 1 2 1 1 1 2 1 |2 1 2 1 1 3 1 4 1 1 1 1 |1 1 1 1 1 1 1 1 1 1 4 2 1 1 1 2 |1 1 1 1 1 1 1 2 1 2 |1 2 1 1 2 2 1 1 1 1 1 1 1 1 2 4 1 |1 1 3 4 1 3 2 3 1 3 1 1 1 1 1 1 3 1 |1 1 1 1 1 2 2 |4 1 4 4 4 3 2 1 2 1 1 1 1 1 1 2 1 3 |1 1 1 1 1 2 1 1 2 3 1 1 2 1 1 1 3 2 2 |1 1 1 1 1 1 |1 1 1 1 1 1 1 1 1 1 |1 1 2 5 1 2 2 2 1 3 2 1 2 1 1 2 1 1 1 |1 1 2 3 1 1 1 1 2 |1 1 1 1 1 1 |1 2 4 1 1 1 1 1 1 1 3 1 2 1 1 1 2 |2 1 1 2 2 1 1 1 1 1 1 1 1 1 |1 2 1 1 1 1 2 1 |1 1 1 2 1 1 1 |1 1 2 1 1 2 1 1 1 1 1 1 1 2 1 1 |1 4 1 1 2 1 1 1 2 2 2 1 1 1 1 |1 4 3 3 1 1 2 1 3 1 1 1 1 5 1 1 1 2 |1 1 1 1 3 1 1 2 1 1 1 1 2 1 2 2 |1 1 1 1 1 1 1 1 1 1 1 1 1 1 |1 1 1 1 1 1 1 1 1 |2 1 5 2 4 4 1 1 2 1 1 2 2 1 1 2 1 4 4 3 |3 1 1 1 1 1 1 1 2 1 1 1 1 |6 2 2 1 1 2 4 1 1 1 2 3 2 1 1 1 1 1 1 1 |1 1 1 1 1 1 |2 1 1 1 2 1 2 2 1 1 1 1 |realPatrol = 600|fitness = 91.19720847151846

第8个BestWave: 
1 1 1 2 1 1 1 2 1 1 1 2 2 3 3 6 1 1 |1 1 1 3 1 2 2 1 1 1 1 |2 2 1 1 1 3 1 4 1 1 2 1 |1 1 2 2 1 1 2 2 1 1 2 1 1 2 2 1 |1 2 1 2 1 1 1 1 1 1 |4 1 3 1 1 2 1 2 2 1 1 1 1 2 2 5 1 |1 1 2 2 1 3 4 1 2 3 1 1 2 1 1 1 2 1 |1 1 1 1 1 1 1 |3 1 1 1 1 1 1 1 5 4 1 3 1 1 1 2 2 4 |1 1 2 2 3 1 3 1 1 2 3 1 1 2 2 1 2 1 1 |1 2 1 1 1 1 |1 2 1 2 1 2 1 1 1 1 |1 2 1 2 1 5 1 1 1 2 5 1 1 2 1 1 1 2 3 |1 1 1 3 1 1 1 1 1 |1 1 2 1 1 1 |2 1 1 1 1 2 1 1 1 1 3 1 1 1 1 1 1 |3 2 1 1 1 2 1 1 2 1 2 1 2 1 |1 1 1 1 1 1 1 1 |1 1 1 1 1 1 1 |1 1 1 1 1 1 1 1 2 1 1 3 1 1 1 1 |2 1 1 1 1 1 1 1 1 1 1 3 2 1 2 |4 6 1 1 1 3 1 1 1 1 3 1 1 1 1 1 1 1 |1 1 1 1 1 1 1 1 2 1 1 1 1 1 3 1 |1 1 1 1 1 1 3 1 1 1 2 1 1 1 |4 1 1 1 1 1 1 1 1 |1 2 2 2 5 5 3 1 5 3 1 1 2 1 1 1 1 2 2 3 |1 1 1 1 2 1 1 2 1 1 1 2 1 |5 2 1 2 1 4 1 1 1 1 3 2 4 2 2 1 2 1 2 1 |1 1 1 1 1 1 |2 1 1 1 1 1 1 1 3 1 1 1 |realPatrol = 600|fitness = 90.71522479577746

第9个BestWave: 
3 1 1 1 1 1 1 1 1 1 1 2 1 3 1 6 5 1 |2 1 2 2 1 1 1 2 1 1 1 |1 1 2 1 1 1 1 1 1 1 1 1 |1 1 1 1 5 2 1 1 1 1 5 5 2 1 1 1 |1 1 1 1 1 1 1 1 1 1 |2 1 2 1 1 1 1 1 1 1 2 4 3 2 2 4 1 |1 1 1 1 1 1 1 2 1 3 1 3 1 3 3 3 1 1 |1 1 1 1 1 1 1 |1 1 1 2 1 2 2 1 2 1 4 1 3 1 1 2 5 1 |2 1 1 1 1 1 5 5 1 4 1 1 3 1 3 1 2 2 1 |1 1 1 1 1 1 |1 1 1 1 1 1 1 1 1 1 |2 1 1 2 2 3 1 1 1 2 3 1 2 1 1 1 3 2 2 |2 1 1 3 1 1 1 5 2 |1 2 1 1 1 1 |1 1 1 1 1 3 1 1 1 1 1 1 1 1 1 2 3 |1 1 2 2 1 2 1 1 1 1 1 1 1 1 |1 1 1 2 1 1 1 1 |1 1 1 1 1 1 1 |3 1 1 3 1 1 1 1 2 1 1 1 1 1 2 1 |1 3 2 2 1 1 2 1 1 1 1 1 1 1 1 |2 5 2 2 1 2 1 1 1 1 1 1 2 6 4 1 1 4 |1 1 1 4 2 2 1 1 1 1 1 1 1 2 1 2 |1 1 1 2 1 1 1 1 1 1 1 1 1 1 |1 1 1 1 1 1 1 1 2 |1 2 1 1 1 6 2 1 2 1 2 1 1 1 1 1 2 2 1 2 |1 1 1 1 1 1 1 1 1 1 2 1 2 |2 1 3 2 1 3 1 1 2 1 4 1 5 1 3 3 1 2 1 2 |1 1 1 1 1 4 |1 1 1 2 1 1 1 1 2 1 1 1 |realPatrol = 600|fitness = 91.04725108109534

第10个BestWave: 
1 2 1 1 2 1 3 1 2 1 1 1 1 3 1 4 3 1 |1 2 1 2 2 1 1 1 1 1 2 |1 1 1 1 2 2 3 2 1 1 1 1 |1 1 1 1 1 1 1 1 1 3 4 1 1 1 1 1 |1 1 1 1 1 2 1 1 2 1 |2 4 1 1 1 4 1 1 1 1 1 2 1 2 1 1 1 |1 5 4 3 1 3 2 1 1 1 1 1 2 1 1 3 1 1 |1 1 1 1 1 1 1 |2 1 1 2 1 6 1 1 1 1 1 2 1 1 3 1 2 1 |4 1 1 2 1 3 1 2 1 4 1 3 1 1 1 2 1 2 1 |1 1 1 1 1 1 |2 1 1 1 1 1 3 1 1 1 |2 2 1 4 1 2 1 1 1 1 3 2 2 3 1 1 1 1 1 |3 1 2 6 2 1 2 2 1 |1 1 1 1 1 1 |1 1 1 3 1 1 2 1 1 2 6 2 1 1 2 1 1 |3 1 1 1 3 1 2 1 1 1 2 1 1 2 |1 1 1 1 1 1 1 1 |1 1 1 1 1 1 1 |1 1 1 1 1 1 1 1 2 1 1 2 1 1 1 1 |1 3 1 1 1 2 1 1 1 1 1 3 2 1 2 |1 3 1 1 2 1 4 1 2 2 1 1 1 2 1 1 2 1 |1 1 1 1 3 1 1 1 1 1 2 1 1 1 2 2 |1 1 1 1 1 1 2 2 1 2 2 1 2 1 |5 1 1 1 1 2 2 1 2 |1 2 1 1 3 4 1 1 3 1 1 1 1 1 1 3 1 2 4 1 |1 3 1 1 1 2 1 2 1 1 1 1 1 |3 1 2 2 2 4 1 2 1 1 1 1 6 2 2 1 1 2 2 3 |1 1 1 1 1 1 |1 1 1 1 1 1 4 1 1 2 1 1 |realPatrol = 600|fitness = 91.14005534189903

第11个BestWave: 
1 1 1 1 1 1 1 1 3 4 1 3 1 1 1 5 2 1 |1 1 1 2 2 2 1 1 1 1 1 |1 2 1 1 1 1 1 3 1 1 1 1 |1 1 1 1 1 1 5 1 2 3 1 1 2 1 2 1 |1 1 1 1 3 1 1 1 2 1 |6 1 1 1 1 1 1 2 1 1 1 3 2 1 1 5 1 |1 1 1 1 1 5 2 2 1 2 1 1 1 1 2 1 4 3 |1 1 1 1 1 1 1 |1 1 1 1 1 1 1 1 2 2 6 1 1 1 1 1 1 1 |1 1 1 3 1 2 5 1 2 1 3 1 1 2 2 2 1 1 1 |1 1 1 1 1 1 |1 1 2 1 1 2 2 1 1 1 |4 3 2 5 2 6 1 1 1 2 4 1 1 2 1 1 3 1 1 |1 1 1 4 1 1 1 5 1 |1 1 1 1 1 1 |3 1 1 1 1 2 2 1 1 2 2 1 2 1 1 1 1 |5 1 2 2 1 1 1 1 1 1 1 1 1 1 |1 1 2 1 1 1 1 1 |1 1 1 1 1 1 1 |1 1 1 1 1 2 2 1 1 1 1 1 1 2 1 1 |1 1 1 1 1 1 3 1 1 2 1 1 1 1 1 |1 1 1 2 2 2 1 1 1 2 1 1 1 1 1 1 1 4 |2 1 1 3 1 1 2 1 1 1 1 1 1 1 1 1 |1 1 2 1 1 1 1 1 1 1 2 1 1 1 |1 2 1 1 1 1 1 1 1 |5 1 1 1 4 6 1 1 5 1 1 1 2 1 1 3 1 4 2 1 |1 1 1 2 1 1 3 1 3 1 1 1 1 |4 2 2 2 1 4 2 1 2 4 2 2 5 1 3 1 1 1 1 1 |1 1 1 2 1 2 |2 1 1 1 2 1 1 1 1 3 1 1 |realPatrol = 600|fitness = 92.05419113645402

第12个BestWave: 
1 1 1 2 1 1 1 2 1 1 2 3 3 4 1 5 1 1 |2 1 2 2 1 1 1 1 2 1 2 |1 1 1 1 1 1 1 5 1 1 2 1 |1 1 1 1 4 1 1 1 1 2 4 3 1 1 1 1 |1 1 1 2 1 1 1 2 1 1 |3 1 1 1 1 1 1 1 1 1 2 1 1 1 1 4 1 |2 1 3 1 1 5 1 3 1 2 1 1 1 1 1 1 2 2 |1 1 1 1 1 1 1 |1 1 1 2 2 1 2 1 1 1 3 2 2 1 3 1 1 1 |1 1 1 1 1 3 1 1 1 2 2 1 1 1 2 1 1 1 1 |1 1 1 1 1 1 |1 3 1 1 1 1 1 1 1 1 |1 1 3 5 1 1 1 1 1 3 2 2 2 1 1 3 3 1 1 |1 2 1 6 1 1 1 1 1 |1 1 1 1 1 1 |1 1 3 2 1 1 1 1 1 1 4 2 1 1 3 3 1 |5 1 1 1 1 1 3 1 1 1 1 1 1 1 |1 1 1 1 1 1 1 1 |1 1 2 1 1 1 1 |1 1 4 1 1 1 2 1 1 1 1 1 1 2 1 1 |1 2 2 1 5 1 1 1 2 1 1 1 1 2 3 |1 5 1 2 2 1 4 1 1 1 1 1 4 2 1 1 1 1 |1 3 2 1 4 1 1 1 3 1 2 3 1 3 3 2 |2 1 1 2 2 1 1 1 1 1 1 1 1 1 |1 1 1 1 1 1 1 1 1 |1 1 2 5 3 5 3 2 3 1 1 1 1 2 1 1 1 5 4 3 |1 1 1 1 1 1 1 1 1 1 2 1 1 |2 1 2 2 1 2 1 1 1 1 2 1 1 3 1 2 1 1 4 2 |1 1 1 1 1 1 |1 1 1 1 1 1 2 4 1 2 1 1 |realPatrol = 600|fitness = 91.48611744421623

第13个BestWave: 
3 3 1 1 2 3 1 1 1 1 1 1 1 3 1 6 3 1 |1 1 1 1 1 1 1 1 1 3 1 |1 2 1 1 1 1 1 1 1 1 1 1 |1 3 2 1 6 1 4 1 1 2 2 2 1 1 3 1 |1 1 1 2 1 1 1 1 1 1 |3 1 1 1 1 2 1 1 1 1 2 2 2 5 1 5 1 |1 1 1 1 1 2 1 1 3 3 1 1 2 1 2 1 2 1 |1 1 1 1 1 1 1 |1 1 1 1 1 2 2 1 1 1 3 1 1 2 1 1 2 4 |2 2 1 1 1 3 2 1 1 1 1 1 1 3 3 2 1 1 2 |1 1 1 1 1 1 |1 2 1 1 1 1 1 2 1 1 |2 3 1 3 1 1 1 1 1 2 2 3 5 4 1 1 6 1 1 |1 1 1 4 1 1 1 1 1 |1 1 1 1 1 1 |1 1 2 1 1 2 2 1 1 1 3 1 1 2 1 3 1 |6 1 1 1 2 5 1 1 1 1 3 1 1 1 |1 1 2 1 1 1 1 1 |1 1 1 1 1 2 1 |2 2 1 2 3 1 1 1 1 2 1 1 1 1 1 2 |1 1 1 1 1 2 1 1 1 1 1 1 2 3 1 |1 3 1 1 1 1 2 1 1 1 2 1 2 4 3 2 1 3 |1 2 1 2 3 1 2 1 2 1 1 1 1 1 1 1 |2 1 1 1 1 1 1 1 1 1 1 1 1 1 |3 1 1 1 1 1 1 1 1 |1 1 2 1 4 6 2 1 4 1 1 1 1 1 1 1 2 3 1 2 |1 1 1 1 1 1 1 1 1 1 1 1 2 |5 1 2 1 1 5 2 1 1 1 3 1 1 1 2 1 1 1 3 1 |1 1 1 1 1 1 |1 1 2 3 1 1 3 2 1 1 2 1 |realPatrol = 600|fitness = 91.75910914553373

第14个BestWave: 
3 1 1 1 1 1 1 1 1 3 3 1 1 5 2 6 1 2 |1 1 1 3 2 1 1 4 1 1 1 |1 1 1 1 1 1 2 2 2 1 1 1 |2 1 1 1 4 1 1 2 2 1 4 6 1 2 1 1 |1 1 1 1 1 1 1 1 1 1 |4 2 1 2 1 1 1 1 1 1 1 1 2 2 1 1 1 |2 1 1 1 2 1 2 6 3 1 1 2 1 2 2 1 1 3 |1 1 1 1 1 1 1 |2 2 1 1 1 1 2 1 1 1 6 2 1 1 2 1 3 1 |2 2 1 1 2 3 1 1 2 1 1 1 1 6 1 1 1 1 2 |1 1 1 1 1 1 |2 1 1 1 1 1 1 1 1 1 |1 2 1 1 1 5 1 1 2 3 2 1 1 2 1 1 5 1 2 |2 2 2 5 3 1 1 1 1 |1 1 2 1 1 1 |1 1 2 1 1 1 1 2 1 1 1 1 1 1 1 1 1 |1 1 1 1 1 2 1 1 1 1 3 1 2 1 |1 1 1 2 1 1 1 1 |1 1 1 3 1 1 1 |3 1 4 1 1 1 1 2 1 1 1 1 1 1 1 1 |2 1 1 1 1 1 1 1 1 1 1 1 1 1 1 |1 5 1 2 1 4 2 1 1 1 2 1 1 6 1 1 2 3 |1 1 1 1 1 1 1 1 1 2 1 1 2 1 1 3 |2 1 1 1 1 1 1 1 3 3 1 1 3 1 |1 1 1 1 1 1 1 1 1 |1 1 3 1 3 6 2 1 2 1 1 2 1 2 1 2 3 6 3 1 |1 1 1 1 1 1 1 1 1 1 1 1 1 |1 3 1 1 1 1 1 1 1 1 4 4 2 1 2 3 1 1 3 1 |1 1 1 1 1 1 |1 1 1 1 1 2 2 1 2 1 2 1 |realPatrol = 600|fitness = 90.09888903605331

第15个BestWave: 
1 1 1 1 1 1 3 1 2 1 1 1 1 1 1 6 1 1 |1 1 1 1 1 1 1 1 1 1 1 |1 1 1 1 1 1 2 1 1 1 2 1 |1 1 1 1 1 1 3 1 1 3 4 4 1 1 1 1 |2 1 1 1 2 1 1 1 1 1 |1 2 1 1 1 2 1 1 1 2 1 3 1 1 3 2 1 |1 2 1 2 1 1 2 1 2 1 1 1 3 1 1 1 3 1 |1 1 2 1 1 1 1 |1 1 2 3 3 1 2 1 1 1 3 1 1 3 1 1 3 1 |2 2 2 1 1 1 1 3 1 4 1 1 1 1 2 2 1 1 1 |1 1 1 1 1 1 |1 1 1 1 1 1 1 1 1 1 |1 2 1 4 2 1 1 1 2 1 3 1 3 2 1 1 2 1 1 |1 1 1 4 1 1 1 1 1 |1 1 1 1 2 1 |1 1 5 1 3 3 2 1 1 3 2 1 1 3 1 1 1 |3 1 2 1 1 1 1 1 1 1 1 2 1 1 |2 1 1 1 1 1 1 1 |1 1 1 1 1 1 1 |1 2 4 1 1 2 1 1 3 2 1 2 1 3 3 1 |1 2 2 1 1 1 1 1 1 1 2 1 2 1 1 |2 6 3 2 2 1 1 1 2 1 1 1 1 1 1 1 1 5 |1 2 1 1 2 1 1 2 1 1 2 3 1 5 1 1 |1 1 1 1 1 1 1 1 1 1 1 1 1 1 |5 1 1 1 1 1 2 1 1 |1 2 2 1 5 6 1 4 2 3 1 1 1 1 1 1 2 3 3 1 |2 2 2 1 1 1 1 6 1 2 2 1 1 |5 2 4 1 1 5 1 1 1 1 3 2 2 2 1 4 1 2 1 1 |1 1 1 1 1 1 |1 2 1 1 2 2 1 1 1 1 1 1 |realPatrol = 600|fitness = 90.80760337858047

第16个BestWave: 
2 1 1 1 1 2 2 1 1 2 1 1 1 1 1 5 1 2 |1 1 1 1 1 2 1 1 2 2 1 |1 1 2 1 1 1 1 3 1 1 2 1 |1 1 1 2 3 3 6 3 5 1 5 2 1 1 1 1 |2 1 1 1 1 1 2 1 2 1 |1 1 1 1 1 1 1 2 1 1 1 2 2 3 1 6 2 |1 1 2 1 1 3 2 3 3 1 1 3 1 1 1 1 2 1 |1 1 1 1 1 1 1 |2 1 1 1 2 1 1 2 4 1 3 1 1 1 1 1 4 1 |2 1 1 1 1 1 4 2 1 2 1 1 1 1 1 2 1 2 1 |1 1 1 1 1 1 |1 1 1 1 1 1 1 1 1 1 |2 1 1 3 1 5 1 1 4 4 3 2 1 1 1 1 3 1 4 |1 1 1 3 1 1 1 1 1 |1 1 1 1 1 1 |1 1 3 1 1 3 1 1 2 3 5 1 1 1 2 1 1 |6 1 1 1 1 1 1 1 1 1 1 1 1 2 |1 1 1 1 1 1 1 1 |1 1 1 1 1 1 1 |2 2 1 1 1 1 1 1 1 1 1 2 2 2 1 3 |1 2 1 1 1 1 1 1 2 1 1 1 1 3 1 |2 3 2 1 3 1 1 1 1 1 1 1 1 1 1 1 2 5 |2 2 1 1 2 1 1 1 3 1 3 2 1 1 4 1 |2 1 1 2 1 1 1 1 1 1 1 1 2 2 |1 1 1 2 1 2 1 1 1 |1 1 1 1 2 4 1 1 3 1 1 1 1 2 1 2 1 4 1 1 |1 1 2 2 1 1 1 1 1 2 1 1 1 |6 2 1 1 1 1 2 2 2 2 2 2 4 1 2 2 2 2 1 2 |1 1 1 1 1 1 |1 2 1 1 1 2 2 1 1 1 1 2 |realPatrol = 600|fitness = 90.8157966400472

第17个BestWave: 
3 1 1 1 1 1 3 1 2 1 1 3 1 3 1 5 4 1 |1 1 1 2 1 1 1 2 1 1 1 |1 1 1 1 1 1 1 4 1 1 1 1 |1 4 1 2 6 3 3 1 2 3 2 1 1 1 1 2 |1 1 1 1 1 1 1 1 1 2 |1 1 1 1 1 2 1 2 1 1 1 2 1 3 2 4 1 |1 1 3 1 1 5 3 1 2 2 1 2 2 1 1 1 1 2 |1 1 1 1 1 1 1 |2 3 1 1 1 2 2 4 1 1 2 2 1 2 4 1 1 1 |1 3 4 1 2 1 3 3 1 4 3 1 1 2 2 2 1 1 1 |1 1 1 1 1 1 |1 1 1 1 1 1 1 1 1 1 |3 1 1 4 1 6 1 1 1 1 6 1 1 2 2 1 1 2 1 |1 1 1 1 1 1 1 2 2 |1 1 1 1 1 1 |1 1 3 1 1 4 4 1 1 1 2 2 1 1 1 1 1 |1 1 1 1 1 1 1 1 1 1 2 1 2 1 |1 1 1 1 1 1 1 2 |1 1 1 1 1 1 1 |1 3 1 1 2 1 2 1 1 1 1 1 1 2 1 1 |2 1 1 1 1 1 2 1 1 2 1 1 1 1 1 |1 5 1 2 1 2 1 1 1 1 1 2 1 2 1 1 2 1 |2 1 1 1 1 2 1 2 4 2 1 1 1 2 1 1 |1 1 1 3 1 1 2 1 2 2 1 1 2 1 |1 1 1 1 1 1 1 1 1 |1 1 2 1 6 5 1 1 1 1 1 1 4 1 1 2 1 1 3 2 |1 1 1 1 1 1 1 1 1 2 1 1 1 |2 1 1 3 1 4 1 1 1 1 3 4 4 4 1 1 2 1 3 1 |1 1 1 1 1 1 |1 1 1 1 1 1 4 1 1 1 1 1 |realPatrol = 600|fitness = 91.05560239950489

第18个BestWave: 
1 1 1 1 1 1 1 2 1 1 4 1 1 1 2 5 4 2 |1 1 1 1 1 1 1 2 1 1 1 |2 2 1 1 1 4 1 2 1 1 1 1 |1 1 1 1 1 2 2 1 1 2 3 6 3 2 1 1 |2 1 1 1 1 1 1 1 2 1 |2 1 2 1 1 1 1 1 1 1 1 1 1 1 1 5 1 |2 2 1 2 1 2 3 3 3 1 1 1 2 1 1 2 1 1 |1 1 1 1 1 1 1 |2 1 1 1 2 2 2 1 3 2 2 1 1 1 1 1 3 1 |1 2 1 1 3 1 1 1 1 1 1 3 2 1 4 1 1 1 1 |1 1 1 1 1 2 |1 1 1 1 1 1 1 1 1 1 |1 3 3 3 1 2 2 1 1 1 5 2 4 2 1 2 2 1 1 |1 1 1 5 1 1 2 4 1 |1 1 1 1 1 1 |3 1 2 2 3 1 1 2 5 1 2 1 1 2 1 1 1 |3 1 1 1 2 1 1 1 2 1 2 1 1 1 |1 1 1 1 1 1 1 1 |1 1 1 1 1 1 1 |1 1 1 1 1 3 1 1 2 1 2 1 1 1 1 1 |1 1 1 1 1 1 1 1 1 1 1 1 1 2 1 |1 6 1 1 2 3 1 1 5 1 3 1 1 5 1 2 1 2 |2 1 1 1 1 1 2 2 2 2 1 4 1 1 2 1 |1 1 2 1 1 1 1 1 2 3 3 1 1 1 |1 1 1 1 1 2 1 3 1 |1 1 3 1 5 4 1 1 1 1 1 2 1 1 1 2 1 1 1 1 |1 1 2 1 1 1 1 1 2 1 1 1 2 |4 1 1 2 1 3 1 1 2 2 4 1 4 3 1 2 1 1 2 2 |1 1 1 1 1 2 |1 1 2 1 2 2 1 1 1 1 1 2 |realPatrol = 600|fitness = 90.96844538764333

第19个BestWave: 
1 1 1 1 2 1 1 1 1 1 1 1 1 3 1 6 4 1 |1 1 2 2 1 1 1 1 1 2 1 |1 2 1 1 1 2 1 2 1 1 1 1 |1 1 1 2 3 1 3 1 1 3 6 1 1 1 1 3 |1 1 2 1 1 1 1 1 1 2 |3 2 1 2 1 2 1 2 1 2 3 1 1 2 1 3 1 |1 2 1 1 1 1 1 1 2 4 1 2 2 2 2 1 1 1 |1 1 1 1 1 1 1 |2 2 2 1 1 3 1 1 2 1 5 1 2 1 1 1 1 1 |4 1 3 1 2 1 1 1 1 2 1 4 1 1 1 1 1 1 1 |1 1 1 1 1 1 |1 1 1 1 1 1 1 1 1 1 |1 1 1 2 1 5 1 3 1 1 5 1 2 1 4 1 1 2 1 |1 1 1 4 1 1 1 1 3 |1 1 1 1 1 1 |1 1 2 1 1 1 2 1 1 2 3 1 1 1 1 1 1 |3 2 2 1 1 2 3 1 1 1 1 1 1 1 |1 1 1 1 1 1 1 1 |1 1 1 1 1 1 1 |1 1 2 1 1 1 2 1 1 1 1 1 1 1 1 2 |2 1 2 1 1 1 1 1 1 1 2 3 1 1 1 |1 5 2 2 2 1 1 1 5 1 3 1 3 1 1 2 1 1 |1 2 1 1 1 1 2 2 3 1 1 2 1 1 2 4 |1 1 1 1 3 2 1 1 1 2 1 1 2 1 |1 1 1 1 1 2 1 2 1 |1 1 1 1 6 5 1 3 4 1 1 2 1 1 1 1 1 2 2 2 |2 1 1 1 2 1 2 1 1 1 3 1 1 |3 2 1 2 2 4 2 2 1 1 1 3 5 3 2 1 1 2 1 4 |1 1 1 1 1 1 |1 1 3 1 1 2 1 1 1 1 1 2 |realPatrol = 600|fitness = 90.7722753819414

第20个BestWave: 
1 2 1 1 2 2 3 1 1 1 1 1 2 4 2 6 1 1 |1 1 2 1 1 2 1 2 1 1 1 |1 1 1 1 1 1 1 2 1 1 1 3 |1 1 1 1 4 1 2 2 2 2 5 2 2 2 1 1 |1 1 2 1 1 1 1 1 1 1 |5 1 1 1 1 3 2 1 1 1 1 1 1 2 2 4 1 |1 1 1 1 1 6 1 2 1 1 1 1 2 1 2 2 1 1 |1 1 1 1 1 1 1 |3 1 1 1 1 1 1 4 2 1 2 1 1 1 1 2 1 1 |4 1 2 3 1 2 3 4 1 2 1 1 1 1 3 1 2 4 1 |1 1 1 1 1 1 |1 1 2 1 1 2 1 1 1 1 |1 2 2 5 2 1 1 1 1 1 3 1 1 2 1 1 4 2 1 |1 1 3 4 1 1 1 1 1 |1 2 1 1 1 1 |2 1 3 1 1 1 2 2 1 2 1 1 1 1 1 5 3 |2 1 1 3 1 1 1 1 1 1 2 1 2 2 |1 1 2 1 1 1 1 1 |1 1 1 1 1 1 1 |2 2 1 1 1 1 1 1 1 3 1 3 1 1 2 2 |2 1 1 2 1 1 2 1 2 1 2 1 2 1 1 |1 2 1 3 1 1 1 1 1 1 3 1 1 2 3 1 3 1 |1 1 1 1 1 1 2 1 2 2 1 2 1 2 1 1 |1 2 1 3 1 1 2 1 2 1 2 1 1 1 |3 1 1 1 1 1 1 1 1 |3 1 1 1 5 6 2 2 3 1 2 1 3 1 1 1 1 2 2 1 |1 1 1 1 1 1 1 1 1 1 1 1 1 |1 1 1 1 1 1 1 1 1 1 1 2 5 2 1 2 2 2 2 2 |1 1 1 1 1 1 |2 1 1 1 1 1 3 1 1 3 1 2 |realPatrol = 600|fitness = 91.24091344634911

第21个BestWave: 
1 1 2 2 1 4 3 1 1 1 1 1 3 4 1 6 2 1 |1 1 1 2 1 1 1 2 1 1 1 |1 1 1 1 1 1 1 1 2 1 1 1 |1 1 1 2 3 1 1 1 2 2 2 1 1 4 2 1 |2 1 1 1 1 1 2 1 2 1 |1 1 1 1 3 1 1 3 1 1 2 1 1 1 1 3 1 |1 1 2 1 1 6 4 2 1 1 2 1 2 1 1 1 1 2 |1 2 1 1 1 1 1 |1 1 1 1 1 3 4 1 1 2 1 1 1 1 1 1 1 1 |3 1 1 3 2 2 1 1 2 2 1 1 2 1 2 1 1 3 2 |1 1 1 1 1 2 |1 1 1 1 2 1 1 1 1 1 |1 2 2 3 1 3 1 2 1 3 4 1 1 5 1 3 2 4 2 |1 1 1 4 1 1 1 6 1 |1 1 1 1 1 1 |1 1 4 1 1 2 1 1 1 1 1 1 1 1 2 1 1 |4 1 1 3 1 1 3 1 1 1 1 1 2 1 |1 1 1 1 1 1 1 1 |1 1 1 1 1 2 1 |2 1 1 4 1 1 2 2 1 1 1 1 1 1 1 1 |2 1 1 2 1 1 2 1 1 1 3 1 1 1 1 |1 4 3 1 1 2 1 1 2 1 2 1 1 2 1 2 2 3 |1 1 1 1 1 1 1 1 1 3 1 3 4 1 3 1 |1 2 1 1 2 1 1 1 1 1 2 2 1 1 |1 1 1 1 1 1 1 1 1 |1 1 1 1 4 3 1 2 4 4 1 1 1 3 1 1 1 2 5 1 |1 1 1 1 1 1 1 1 1 2 1 1 1 |1 2 3 1 1 5 2 1 1 2 5 3 2 1 2 1 1 1 1 1 |1 1 1 1 1 1 |1 1 1 1 1 1 3 1 2 2 1 1 |realPatrol = 600|fitness = 91.67325227958032

第22个BestWave: 
1 1 1 1 2 1 1 1 1 2 4 1 1 3 1 6 3 1 |2 1 1 1 2 3 1 3 2 2 1 |1 1 2 1 1 1 1 1 1 1 2 1 |1 1 2 2 2 1 5 1 2 2 4 2 1 1 1 2 |1 1 1 1 1 1 1 1 1 1 |4 2 1 1 1 1 2 1 1 1 2 3 1 2 3 5 1 |1 1 1 1 1 4 1 1 2 1 1 1 1 1 1 1 1 3 |1 1 1 1 1 1 1 |2 1 2 1 1 1 2 1 1 1 1 1 1 2 1 1 2 2 |3 1 3 3 1 1 2 1 1 2 1 1 3 1 1 3 1 1 1 |1 1 1 1 1 1 |1 1 1 1 1 2 1 1 1 1 |2 1 1 2 2 5 1 2 1 2 3 1 1 1 1 1 4 1 1 |1 1 1 5 1 1 2 2 2 |1 1 1 1 1 1 |3 1 4 1 2 1 1 2 1 1 2 1 1 1 1 1 1 |5 1 1 1 1 1 1 2 1 1 1 1 1 1 |1 1 1 1 1 1 1 2 |1 1 1 1 1 1 1 |2 1 1 1 1 2 2 2 1 1 3 1 2 1 1 1 |1 2 1 1 1 1 3 1 1 1 5 2 3 1 1 |1 4 1 2 1 2 1 1 4 1 2 1 2 4 1 1 2 1 |1 1 1 1 1 1 1 1 2 2 2 3 1 1 2 2 |1 2 1 1 1 1 1 1 1 1 1 2 1 1 |2 1 1 1 1 1 1 1 1 |1 2 1 2 1 6 2 1 1 2 1 1 1 2 1 4 1 4 6 3 |1 2 1 2 1 1 1 1 1 1 1 1 1 |2 4 1 1 1 2 1 2 1 3 3 2 4 1 1 2 1 1 1 3 |1 1 1 1 1 2 |1 1 1 1 1 1 1 1 2 1 2 1 |realPatrol = 600|fitness = 92.02900552079592

第23个BestWave: 
1 1 1 1 1 1 1 1 1 2 2 1 1 6 1 6 1 1 |1 1 1 1 1 1 2 1 1 1 1 |1 3 3 1 2 1 2 6 1 1 1 1 |2 2 1 1 3 3 5 1 5 1 6 4 1 1 1 1 |1 1 2 1 1 1 2 1 1 1 |1 2 1 1 1 4 3 1 1 2 1 1 1 1 1 6 1 |1 3 1 1 2 1 1 3 3 1 1 1 3 2 1 1 1 3 |1 1 1 1 1 1 1 |4 1 1 1 2 1 1 1 1 1 3 2 1 1 3 1 2 1 |3 1 1 3 1 2 1 1 2 1 1 1 1 1 1 1 1 1 1 |1 1 1 1 1 1 |1 1 1 1 1 1 1 1 1 1 |4 3 1 6 1 1 1 2 1 2 5 2 1 1 1 1 1 1 1 |1 1 1 3 1 1 1 1 1 |1 1 1 1 1 1 |1 1 2 1 1 1 1 2 1 1 1 1 1 2 2 1 1 |2 1 1 3 1 1 1 2 1 1 1 3 1 1 |1 1 1 1 1 1 1 1 |1 1 1 1 1 1 1 |1 1 2 1 1 1 2 1 1 4 2 1 1 1 1 1 |1 1 1 1 1 1 1 2 1 1 1 1 1 1 1 |1 3 1 1 1 3 1 1 1 1 1 1 1 2 1 1 1 3 |4 2 1 1 3 3 3 1 1 2 1 2 1 1 4 1 |1 2 1 2 1 1 2 2 2 1 1 1 1 1 |1 1 1 1 1 2 1 1 1 |1 3 1 1 4 5 1 1 3 1 1 4 1 1 1 1 1 3 4 4 |2 2 1 1 3 1 2 2 3 1 1 1 1 |1 1 1 2 1 1 1 1 1 1 4 1 4 2 1 1 1 1 1 4 |1 1 1 1 1 1 |4 1 1 1 1 1 1 1 3 2 1 1 |realPatrol = 600|fitness = 90.20419314998297

第24个BestWave: 
3 1 1 4 2 1 1 1 1 1 1 1 1 2 1 6 4 1 |1 1 1 1 2 2 1 1 1 1 1 |2 1 2 2 1 1 1 1 1 1 1 1 |2 1 1 2 1 3 2 1 1 1 2 3 1 1 1 1 |1 1 1 1 1 2 1 1 1 1 |3 1 1 1 1 1 2 2 1 1 1 1 1 1 1 4 1 |2 1 1 2 1 6 4 1 2 1 1 1 1 1 1 1 2 1 |1 1 1 1 1 1 1 |2 1 3 4 2 1 1 3 1 1 1 1 1 1 3 2 2 1 |2 1 1 4 1 2 1 4 1 2 1 1 1 1 2 1 1 2 1 |1 1 1 1 1 1 |1 1 1 1 1 1 1 2 1 1 |2 3 1 5 1 1 1 2 1 1 4 1 2 3 1 1 1 4 1 |1 1 3 4 1 1 1 2 1 |1 1 1 1 1 1 |1 3 5 1 1 1 3 1 1 1 1 1 1 1 1 3 1 |5 1 1 1 1 1 2 2 2 1 1 2 1 2 |1 1 1 1 1 2 1 1 |1 2 1 1 1 1 1 |1 1 1 2 1 1 1 1 2 2 1 2 1 1 1 1 |1 3 1 1 1 1 1 3 1 4 1 2 1 1 1 |1 6 1 1 1 2 2 1 3 1 1 1 1 5 1 1 1 2 |1 1 2 2 1 1 1 1 5 2 4 5 2 1 1 1 |2 1 1 1 1 1 1 1 1 1 1 1 3 1 |1 2 1 1 1 1 1 1 1 |1 1 2 2 1 6 1 1 3 2 1 1 2 1 1 1 1 1 1 1 |1 2 1 1 1 1 1 1 2 2 1 1 1 |3 2 2 1 2 3 1 1 1 4 4 1 6 4 1 2 1 1 1 1 |1 1 1 1 1 1 |1 1 1 1 1 2 1 1 1 1 1 1 |realPatrol = 600|fitness = 92.0354789264809

第25个BestWave: 
1 2 2 2 1 2 1 1 2 1 3 1 2 2 1 5 2 1 |1 1 1 1 1 1 1 1 1 1 1 |2 1 1 1 1 2 1 2 1 1 1 1 |2 2 1 1 3 4 3 1 3 2 4 1 3 1 1 2 |2 1 1 1 1 1 1 1 1 1 |6 1 2 1 3 1 1 2 2 1 1 2 1 1 1 4 1 |1 1 1 1 1 2 1 1 2 1 2 1 2 2 1 1 4 1 |1 1 1 1 2 1 1 |2 1 2 1 1 4 1 1 1 1 1 1 1 2 1 2 1 1 |1 1 1 3 1 1 1 1 1 4 2 1 1 1 2 1 1 1 1 |1 1 1 1 1 1 |1 1 1 2 1 1 1 1 1 1 |1 2 2 5 1 4 4 1 1 2 2 1 1 2 2 1 3 1 1 |1 1 1 5 1 2 1 1 1 |1 1 1 1 1 1 |1 1 2 1 2 1 1 1 1 1 3 2 1 1 1 1 2 |5 1 1 3 2 2 1 1 1 1 1 1 2 3 |2 1 1 1 1 1 1 1 |1 1 1 1 1 1 1 |1 1 1 1 2 1 3 1 1 1 2 5 1 1 1 1 |2 1 1 1 2 1 1 2 2 1 3 1 1 1 1 |1 3 2 2 3 1 1 2 1 1 3 1 1 6 1 1 1 2 |1 1 1 1 1 2 1 1 1 2 2 3 1 1 2 2 |1 1 2 1 1 1 1 1 1 1 1 1 1 1 |1 2 1 1 1 1 1 1 1 |1 2 1 4 6 6 1 1 2 1 1 2 3 1 2 1 2 3 2 1 |1 2 1 1 1 1 3 3 1 1 2 1 2 |2 4 1 1 1 3 1 1 1 1 2 3 1 1 4 2 1 1 2 1 |1 1 1 1 1 1 |1 1 1 1 1 1 3 1 1 1 1 1 |realPatrol = 600|fitness = 90.97699162142733

第26个BestWave: 
1 1 1 1 5 1 2 1 1 1 1 1 1 4 1 4 4 1 |1 1 1 1 1 1 1 2 1 2 3 |1 1 1 1 1 1 1 2 1 1 1 1 |1 1 1 1 2 1 1 3 1 1 1 1 1 1 1 3 |1 1 1 1 1 1 1 1 1 1 |4 1 1 1 1 3 1 1 2 1 1 1 1 1 1 3 2 |1 1 1 1 1 5 1 1 3 1 1 1 3 2 1 1 3 1 |1 1 1 1 1 1 1 |4 1 2 1 2 2 1 2 2 1 2 1 1 2 2 1 3 2 |1 1 3 1 1 1 3 1 1 1 1 3 2 2 1 1 1 1 1 |1 1 1 1 1 1 |1 1 1 1 2 1 1 2 1 3 |1 1 1 4 1 4 3 1 1 3 3 1 2 2 1 1 3 1 1 |1 1 2 2 1 2 1 2 1 |1 1 1 1 1 1 |1 1 3 1 1 1 1 2 1 1 1 3 1 2 1 1 1 |5 3 1 3 2 1 1 1 1 1 1 1 1 1 |1 1 1 1 1 1 1 1 |1 2 1 1 1 1 2 |1 2 3 1 1 1 1 1 2 1 3 1 1 1 3 1 |1 1 1 2 2 1 1 1 1 1 1 1 1 2 1 |2 3 3 1 1 2 1 1 2 1 3 1 1 2 1 1 1 1 |1 1 2 1 1 1 1 1 1 2 1 2 1 1 2 1 |1 2 1 3 1 1 1 1 2 1 1 3 3 1 |1 1 1 1 1 3 1 1 1 |2 1 3 2 4 6 2 1 6 1 1 1 2 1 1 1 1 2 2 2 |1 1 1 1 1 1 1 1 4 1 2 1 2 |1 3 1 2 1 5 1 2 2 1 1 4 5 1 1 1 2 1 2 1 |1 1 1 1 1 1 |3 1 1 1 1 3 4 3 4 1 1 1 |realPatrol = 600|fitness = 91.1994345493305

第27个BestWave: 
1 1 1 1 2 2 1 1 1 1 1 2 1 1 1 5 2 1 |1 1 1 2 1 2 2 1 1 2 1 |2 1 1 2 1 1 1 3 1 1 1 3 |2 1 1 1 2 1 4 3 2 1 5 5 1 1 1 1 |1 1 1 1 1 1 1 2 1 1 |1 1 1 1 4 1 1 1 2 1 1 1 1 1 1 4 1 |1 2 1 1 1 2 1 2 2 1 1 1 1 1 1 1 3 1 |1 1 1 1 1 1 1 |1 3 3 2 4 3 1 3 1 2 1 3 1 1 1 2 1 2 |3 4 2 4 3 1 5 1 1 1 1 2 3 2 1 1 1 2 2 |1 1 1 1 1 1 |1 1 1 1 1 1 1 1 1 1 |2 2 1 5 1 2 2 1 3 2 6 1 4 1 1 2 2 2 1 |1 1 1 5 1 1 2 1 3 |1 1 1 2 1 1 |1 3 2 1 1 1 1 1 1 1 4 1 1 1 1 5 1 |3 1 1 1 1 1 2 1 1 3 1 1 1 1 |1 1 1 1 1 1 1 1 |1 1 1 1 1 1 1 |2 2 1 1 1 1 1 1 1 1 1 1 1 1 2 1 |2 3 1 1 2 1 1 1 2 2 1 1 1 1 1 |2 2 1 1 1 2 1 1 1 1 3 1 1 1 1 1 1 2 |1 3 1 2 3 1 1 1 2 2 1 3 1 1 2 1 |1 1 1 1 1 1 1 1 1 1 1 2 2 3 |1 1 1 1 1 1 1 1 2 |1 1 2 1 4 6 2 2 2 1 1 2 3 1 1 1 1 2 6 1 |1 1 1 1 1 1 1 1 1 1 2 2 1 |2 1 1 2 1 3 1 1 2 1 2 1 3 2 1 3 1 1 1 1 |1 1 2 1 1 2 |2 1 1 1 1 1 1 1 1 1 1 2 |realPatrol = 600|fitness = 91.26718637622236

第28个BestWave: 
1 2 1 1 1 1 1 3 1 1 1 1 1 6 1 5 2 1 |1 1 1 2 2 2 1 2 1 1 1 |3 1 1 2 1 1 1 2 2 1 1 1 |1 2 1 2 5 1 1 1 1 1 2 2 1 1 2 1 |1 1 1 1 1 1 1 1 1 1 |4 1 3 1 1 2 1 1 1 3 1 1 1 4 1 4 1 |2 2 1 3 1 3 1 2 2 2 2 1 4 4 1 2 1 1 |1 1 1 2 1 1 1 |2 2 2 2 1 2 1 2 1 1 5 1 1 1 3 2 2 1 |1 1 1 1 1 1 3 4 2 1 2 3 3 1 1 1 1 1 1 |1 1 1 1 1 1 |1 1 1 1 1 1 1 1 1 1 |3 3 1 2 1 3 1 2 1 2 5 1 3 2 1 1 3 1 2 |1 1 1 4 1 2 1 1 1 |1 1 1 1 1 1 |2 2 2 1 2 1 1 3 1 3 3 2 1 3 1 2 1 |2 1 1 2 2 1 2 2 1 1 2 1 1 1 |1 1 1 1 1 1 1 1 |1 1 1 2 1 1 1 |1 1 1 1 1 2 1 1 1 2 1 2 1 1 2 1 |1 1 2 1 1 1 2 1 1 1 1 2 1 1 1 |2 4 3 2 1 2 1 1 2 2 1 1 1 1 1 2 1 1 |1 1 1 1 2 1 1 1 1 1 1 4 2 1 5 1 |1 1 1 2 1 1 1 1 2 1 1 2 3 2 |2 1 2 1 1 1 1 1 1 |1 1 2 1 6 3 1 1 1 1 4 1 1 1 1 1 1 1 1 1 |1 1 1 1 1 1 1 4 1 1 1 2 1 |3 1 2 1 3 2 2 1 1 2 2 2 5 1 1 3 1 1 1 1 |1 1 1 1 1 1 |1 1 1 2 1 1 1 1 1 1 1 1 |realPatrol = 600|fitness = 90.9079398515188

第29个BestWave: 
1 1 1 1 2 1 1 1 2 1 1 1 2 1 1 4 1 1 |1 1 1 1 2 2 1 3 1 3 1 |2 1 1 1 1 1 1 2 1 3 1 2 |1 1 1 1 4 2 1 1 1 1 2 2 1 2 1 1 |1 1 1 1 1 1 2 1 1 1 |3 1 1 1 1 4 2 1 2 1 1 1 1 4 3 4 3 |1 1 2 1 1 2 1 3 3 1 1 1 1 1 1 2 1 2 |1 1 1 1 1 1 1 |1 1 2 3 1 1 1 1 1 2 2 1 1 2 1 1 1 1 |2 1 1 1 3 1 2 2 1 4 2 1 1 1 1 1 1 2 1 |1 1 1 1 1 1 |1 1 1 1 1 1 1 1 1 1 |2 1 1 4 1 2 1 2 2 2 6 1 1 1 1 1 3 2 1 |1 1 1 5 1 1 1 1 1 |1 1 1 1 1 1 |5 1 4 1 1 3 1 4 2 1 4 1 1 1 1 1 1 |2 1 3 1 1 1 2 1 1 1 1 1 2 2 |1 1 1 1 1 1 1 1 |1 1 1 1 1 1 1 |1 1 3 3 1 1 3 1 1 1 1 1 1 2 2 2 |1 3 1 1 1 1 2 2 1 2 2 1 1 1 1 |1 2 2 1 3 4 1 2 2 1 1 2 2 3 1 1 1 4 |1 1 1 1 2 1 1 1 5 1 1 5 1 2 1 1 |1 1 1 1 2 1 2 1 1 2 1 1 3 1 |1 1 1 1 1 2 1 2 1 |1 1 1 1 5 6 1 2 2 1 1 1 1 1 2 1 4 1 3 2 |1 2 1 1 1 1 1 1 1 1 1 1 1 |2 2 1 1 6 5 1 1 1 1 1 1 2 1 4 1 1 1 2 2 |1 1 1 1 1 3 |2 1 1 1 2 2 1 1 1 2 2 1 |realPatrol = 600|fitness = 91.79304311610815

第30个BestWave: 
1 1 1 1 1 1 1 2 1 1 1 2 1 2 1 6 1 1 |1 1 2 4 1 1 1 2 1 1 1 |1 1 1 1 1 1 2 1 2 1 1 1 |1 2 1 2 4 1 3 1 4 3 5 1 1 1 2 1 |1 2 1 2 1 1 1 1 1 1 |5 3 2 1 2 1 1 2 3 2 2 1 1 1 1 5 1 |1 3 4 3 1 1 2 1 1 4 2 2 1 1 1 1 2 1 |1 1 1 1 1 1 1 |2 2 2 1 1 2 2 1 1 1 2 1 1 1 1 1 1 1 |1 1 1 3 2 2 2 1 1 1 2 2 1 1 1 2 2 2 1 |1 1 1 1 1 1 |1 1 1 1 1 1 1 1 1 1 |2 1 1 4 1 2 1 1 2 1 1 1 5 1 1 3 1 1 1 |1 1 3 5 3 1 1 2 1 |1 1 1 1 1 1 |2 1 1 1 2 2 1 1 3 1 1 1 1 1 1 1 1 |6 1 1 1 1 1 1 1 1 1 2 2 1 1 |1 1 1 2 1 1 1 1 |1 1 1 1 1 1 1 |2 1 1 2 1 2 1 2 1 3 1 3 1 2 1 3 |1 1 2 1 2 1 1 1 2 1 1 1 3 1 2 |1 4 1 2 2 2 1 2 1 1 4 1 1 2 1 2 3 2 |1 2 1 1 2 1 1 1 2 1 1 2 1 1 1 2 |1 1 1 1 1 1 1 1 1 1 1 1 2 1 |3 1 1 1 1 1 1 1 1 |1 1 1 2 1 6 1 1 3 1 1 1 3 1 1 1 1 2 1 1 |1 1 1 5 1 1 1 1 1 1 1 2 1 |2 2 2 1 2 5 1 3 3 3 1 1 1 2 2 1 2 1 3 2 |1 1 1 1 1 1 |6 1 2 1 1 1 3 1 1 1 1 1 |realPatrol = 600|fitness = 91.60631879047739

第31个BestWave: 
1 2 1 1 3 3 1 1 3 1 5 1 3 2 1 5 1 1 |1 2 1 4 1 1 1 1 1 2 1 |1 1 2 1 1 1 2 1 1 1 1 1 |1 1 1 3 4 1 1 3 1 1 3 3 1 1 1 1 |2 1 1 1 1 1 1 1 1 1 |3 4 1 2 1 2 1 1 1 1 1 2 1 2 1 4 2 |1 1 1 1 2 2 2 2 3 1 1 2 1 2 3 1 3 1 |1 1 1 1 1 2 1 |2 1 1 1 2 2 1 1 1 1 4 1 1 1 2 1 1 2 |3 1 1 2 1 2 1 1 2 1 6 1 1 1 1 1 1 1 1 |1 1 1 1 1 1 |1 1 1 1 1 1 1 1 1 1 |1 2 1 3 1 4 2 2 1 4 6 1 4 4 1 1 6 1 1 |1 1 1 3 1 1 1 2 1 |1 1 1 1 1 1 |1 1 4 1 1 2 3 1 1 3 2 2 3 3 1 1 1 |4 1 2 1 1 1 3 2 1 1 2 1 1 1 |1 1 1 1 1 1 1 1 |1 1 1 1 1 1 1 |1 1 2 1 2 2 1 1 1 1 1 1 1 1 1 1 |1 1 1 1 2 1 1 1 1 1 1 1 1 1 2 |1 5 1 1 1 4 1 1 1 1 1 1 1 2 2 1 1 3 |1 1 1 1 1 2 1 3 4 3 1 1 1 2 1 1 |1 2 1 1 1 1 1 1 1 1 1 1 2 1 |1 1 1 1 1 1 1 1 1 |1 4 1 2 2 4 1 3 6 1 1 1 1 1 1 2 1 3 5 1 |1 1 1 1 2 1 1 1 1 1 1 1 1 |2 1 1 1 1 2 1 1 1 2 3 5 1 1 2 2 1 2 1 1 |1 1 1 1 1 1 |1 1 1 1 1 1 3 2 2 1 1 1 |realPatrol = 600|fitness = 91.87746049937412

第32个BestWave: 
2 2 1 1 1 2 1 2 1 1 1 1 1 3 2 6 5 1 |1 2 1 4 1 2 1 2 1 1 1 |1 1 1 1 1 1 1 1 2 1 1 1 |1 1 2 1 4 2 4 3 1 5 2 1 1 1 1 1 |1 1 1 1 1 1 1 1 1 1 |4 2 1 1 2 2 1 1 3 1 1 1 1 1 1 4 1 |1 1 1 1 2 4 1 3 1 3 1 2 1 2 2 3 6 1 |1 1 1 1 1 1 1 |1 1 2 1 3 2 1 1 1 1 2 1 1 1 2 2 1 1 |1 2 2 1 2 1 2 1 1 1 3 2 1 4 1 2 1 1 2 |1 1 1 1 1 2 |1 1 1 2 1 1 1 1 1 1 |2 1 1 5 1 1 1 1 1 1 4 2 1 1 1 1 1 2 1 |1 1 1 3 1 1 1 3 1 |1 1 1 1 1 1 |2 1 1 1 1 2 2 1 1 1 3 1 1 1 2 1 1 |1 2 1 2 3 1 1 2 1 1 1 2 1 1 |1 1 1 1 1 1 1 1 |1 1 1 2 1 1 1 |2 1 1 1 1 1 2 3 3 1 1 1 1 1 1 1 |1 1 1 1 1 1 3 1 1 2 1 1 5 1 1 |1 3 1 1 1 3 1 2 2 1 2 1 1 5 4 1 1 3 |1 3 1 1 1 2 1 1 2 2 1 2 1 1 1 1 |1 1 1 1 1 2 1 1 1 1 1 2 2 1 |2 1 1 1 1 2 1 1 1 |3 3 1 1 3 2 2 1 3 1 3 1 2 1 1 1 1 4 4 1 |2 2 1 2 1 1 1 1 1 1 1 1 1 |3 1 1 5 1 6 1 1 5 2 1 2 2 1 2 1 1 1 1 2 |1 1 1 1 1 1 |3 1 1 1 1 1 1 1 1 1 1 1 |realPatrol = 600|fitness = 90.48546659932545

第33个BestWave: 
1 1 2 2 1 1 1 1 1 1 1 1 2 1 1 3 3 1 |1 2 1 2 1 2 2 1 1 2 1 |1 1 1 1 1 1 1 2 1 1 1 1 |2 1 1 3 1 1 1 1 1 2 5 2 1 1 2 2 |1 1 1 1 2 1 1 1 1 1 |1 1 1 1 1 1 2 1 4 2 2 1 1 4 1 6 1 |1 1 4 1 1 2 3 1 1 1 1 1 2 1 2 1 1 1 |1 1 1 1 1 1 1 |1 2 1 1 1 4 2 2 1 2 1 1 1 2 1 1 2 1 |4 2 1 2 1 3 3 1 1 4 1 2 1 2 1 1 1 1 1 |1 1 1 2 1 1 |1 1 1 1 1 1 1 1 1 2 |2 5 1 2 1 1 1 1 1 2 4 2 1 5 1 1 5 1 1 |1 1 1 5 1 1 2 2 1 |1 1 2 1 2 1 |1 1 1 1 1 1 1 2 1 1 2 2 1 1 2 4 2 |4 1 1 1 1 1 1 1 3 1 1 1 1 1 |1 1 1 1 1 2 1 1 |1 1 1 2 1 1 1 |2 1 1 1 1 1 1 2 1 1 1 1 1 1 1 1 |2 1 1 1 1 2 1 2 1 1 3 1 1 2 1 |1 5 1 2 2 4 2 2 1 3 2 1 1 2 1 1 1 1 |1 1 1 1 1 1 1 1 1 1 2 1 1 1 2 2 |1 1 2 3 1 1 1 2 1 2 1 1 1 1 |3 1 1 1 1 1 1 1 1 |1 1 1 2 5 4 1 1 2 2 1 1 3 1 1 1 1 3 3 2 |1 1 1 2 2 1 2 1 4 1 1 1 1 |4 1 1 3 1 5 1 1 2 3 3 4 6 1 3 1 1 1 3 2 |1 1 1 1 1 1 |1 1 1 1 1 1 2 1 1 2 1 1 |realPatrol = 600|fitness = 92.62441151563114

第34个BestWave: 
2 1 1 1 1 2 2 1 2 1 1 2 2 1 3 5 1 3 |2 1 1 4 4 2 1 2 1 1 1 |2 1 1 1 1 2 1 2 1 1 1 1 |1 1 1 1 4 2 2 1 3 2 4 1 1 1 1 1 |1 1 1 1 1 1 1 2 1 1 |2 1 1 1 1 2 1 1 2 1 1 1 2 6 3 4 1 |1 1 1 1 1 4 3 1 1 3 1 1 1 1 1 2 1 1 |2 1 1 1 1 1 1 |1 1 1 1 3 2 1 1 1 2 2 3 1 2 1 1 3 1 |2 1 2 3 1 2 2 1 3 3 2 1 1 1 1 1 1 1 1 |1 1 1 1 1 1 |1 1 2 1 1 2 1 1 1 1 |1 1 2 1 3 5 1 1 2 1 3 1 2 1 1 1 1 2 1 |1 1 1 3 1 2 1 3 4 |2 1 1 1 1 1 |2 2 6 1 1 1 1 1 2 1 3 1 1 2 1 1 5 |1 1 1 1 1 1 1 1 1 2 1 1 1 1 |1 1 1 1 1 1 1 1 |1 1 1 1 1 1 1 |2 3 1 1 1 1 2 2 1 1 1 2 2 1 2 1 |2 2 2 1 1 1 2 1 1 1 2 1 1 1 1 |1 5 1 1 1 2 1 2 1 2 1 2 1 3 1 1 1 4 |1 1 3 2 1 1 1 1 4 1 2 2 2 2 1 1 |1 1 1 1 1 1 1 1 2 2 2 1 3 1 |1 1 1 1 1 1 2 2 1 |1 1 1 1 2 4 1 1 3 2 1 2 1 1 2 1 1 2 5 1 |1 1 1 1 2 1 1 1 1 1 1 1 1 |5 1 2 1 2 1 2 1 1 1 2 1 2 4 1 2 1 1 1 3 |1 1 1 1 1 2 |2 1 1 1 1 1 2 2 1 1 1 2 |realPatrol = 600|fitness = 91.39550638670585

第35个BestWave: 
1 1 1 1 1 1 2 1 1 1 1 2 1 1 3 3 2 1 |1 2 1 2 1 2 1 1 1 2 1 |2 1 1 1 1 1 1 1 1 2 2 1 |1 1 1 1 3 1 2 1 1 1 5 1 1 2 3 1 |1 1 1 1 1 2 1 1 2 1 |2 2 1 1 1 4 1 1 1 1 3 1 1 3 2 2 1 |1 1 3 2 2 1 3 2 1 1 1 2 3 2 1 1 2 1 |1 1 1 1 2 1 1 |2 1 3 1 1 3 1 1 1 1 1 2 3 1 1 1 2 3 |1 1 1 1 1 2 4 2 1 4 3 3 1 2 1 1 2 1 1 |1 1 1 1 1 2 |2 1 1 1 2 1 2 1 1 1 |1 1 1 5 1 6 1 1 1 2 5 1 1 5 3 3 3 1 1 |1 1 1 3 1 1 1 2 1 |1 1 1 1 1 1 |2 1 5 2 3 1 1 1 1 1 1 1 1 1 2 1 1 |5 1 1 2 1 1 1 1 1 1 1 1 1 1 |1 1 1 1 1 1 1 1 |1 1 1 2 1 1 1 |4 1 1 1 1 1 1 1 3 1 1 4 1 1 1 1 |1 1 1 1 1 2 1 2 2 1 1 2 1 1 1 |2 3 1 3 1 1 1 2 2 3 2 1 1 3 1 1 1 1 |2 1 1 3 3 1 1 1 2 1 1 4 1 1 1 3 |1 1 2 3 1 2 1 1 1 2 1 1 5 1 |1 1 1 1 1 1 1 2 1 |1 2 1 1 5 6 1 1 3 2 1 1 1 1 1 1 1 1 3 2 |1 1 1 1 1 1 1 1 2 1 1 1 1 |3 1 2 1 1 4 1 1 1 1 1 2 3 1 2 1 1 2 2 1 |1 1 2 2 1 1 |1 1 1 1 1 2 1 1 2 1 1 1 |realPatrol = 600|fitness = 92.60110026620652

第36个BestWave: 
1 1 1 1 1 2 1 1 1 1 2 3 1 1 1 6 2 1 |1 2 1 2 1 1 1 1 1 1 1 |2 2 1 1 1 2 1 1 1 1 1 1 |2 1 1 1 3 2 3 1 1 3 3 1 2 1 1 1 |2 1 1 2 1 1 1 1 1 1 |1 2 1 2 2 1 2 2 1 2 1 1 3 1 1 6 2 |1 2 1 1 1 4 2 1 3 2 2 1 1 2 1 1 2 2 |1 1 1 1 1 1 2 |2 1 2 2 2 1 1 1 1 2 3 1 1 1 1 1 3 1 |1 4 1 2 3 2 2 1 1 3 1 2 2 2 2 1 1 3 1 |1 1 1 1 1 1 |1 1 4 1 1 1 1 1 1 1 |1 2 1 2 1 5 2 1 2 1 5 1 1 1 3 1 1 1 1 |2 2 1 2 1 1 1 1 1 |1 1 1 1 2 1 |2 1 3 1 1 3 1 2 1 1 1 1 1 1 1 1 1 |6 2 2 1 1 1 5 2 1 1 1 1 2 1 |1 1 1 1 1 1 1 1 |1 1 1 1 1 1 1 |1 1 2 2 2 1 1 1 1 1 1 1 1 1 1 1 |1 1 1 2 1 2 1 1 1 1 1 1 1 1 1 |2 5 1 1 2 2 2 5 3 1 2 1 2 5 2 1 1 1 |2 1 1 3 1 1 1 1 1 1 1 4 1 1 1 2 |1 2 1 2 2 1 1 1 1 1 1 1 1 1 |2 1 1 1 1 1 2 1 1 |1 1 1 1 6 3 1 1 3 1 1 1 2 1 1 1 1 2 2 2 |1 1 1 1 1 1 1 1 1 1 1 1 2 |2 1 5 2 1 2 2 1 2 1 3 1 5 1 1 3 2 1 1 1 |2 1 1 1 1 1 |1 1 2 1 3 2 5 1 1 1 1 1 |realPatrol = 600|fitness = 90.85043171990868

第37个BestWave: 
1 2 1 3 1 2 1 1 1 1 1 1 1 1 1 5 1 1 |1 1 1 1 1 4 1 1 1 1 1 |1 1 1 1 1 1 1 2 1 1 1 1 |3 1 2 1 1 3 2 1 1 1 5 1 2 1 1 1 |1 3 1 1 1 1 1 1 3 1 |2 1 1 3 2 1 1 1 1 1 1 5 1 1 1 6 2 |3 1 1 2 2 6 1 3 2 1 1 1 1 1 1 2 1 1 |1 1 1 1 1 1 1 |2 1 1 2 2 2 1 1 1 1 2 2 1 1 1 2 1 1 |1 1 1 1 1 1 2 1 1 3 4 2 2 1 1 1 1 2 1 |1 1 1 1 1 1 |1 1 1 1 1 1 1 1 1 1 |2 3 1 6 1 5 2 1 1 1 5 2 1 4 1 1 3 1 1 |1 1 1 3 1 1 1 2 1 |1 1 1 1 1 1 |4 1 1 2 1 1 3 1 2 1 5 1 1 1 1 1 2 |5 1 1 3 1 1 2 1 1 2 2 1 2 1 |1 1 1 1 1 1 1 1 |1 1 1 1 1 1 1 |1 1 1 1 2 1 1 1 1 2 3 2 4 1 1 1 |1 2 1 1 1 1 2 1 1 1 1 1 1 1 1 |1 4 3 1 1 2 2 1 1 2 2 1 3 2 1 1 1 2 |1 1 1 1 1 1 1 1 1 1 1 1 1 1 1 1 |1 2 1 1 1 1 1 2 2 1 1 1 6 1 |1 2 1 1 1 2 1 1 1 |1 1 1 1 1 6 2 1 6 1 1 2 6 1 1 3 3 5 3 1 |2 1 1 1 1 1 1 1 1 1 1 2 2 |3 2 1 1 1 1 1 1 1 1 2 4 5 1 2 1 2 1 3 2 |1 1 1 1 1 1 |1 1 1 1 1 1 2 1 1 2 1 1 |realPatrol = 600|fitness = 91.90905776901181

第38个BestWave: 
3 1 1 1 2 1 2 1 1 1 1 1 1 3 1 5 4 1 |1 1 1 1 1 2 1 2 1 1 1 |1 3 2 1 1 1 1 1 1 2 1 1 |3 1 3 1 3 3 4 1 1 2 5 1 1 1 1 1 |1 2 1 1 1 1 1 1 2 1 |2 1 1 1 1 1 1 1 1 2 1 3 1 6 2 5 1 |1 2 2 3 2 3 1 1 2 2 1 1 6 2 1 3 1 1 |1 1 1 1 1 1 1 |2 1 1 2 2 1 2 1 1 1 4 1 2 1 1 1 2 3 |1 2 1 1 1 1 1 1 1 2 1 2 1 1 1 1 1 1 2 |2 1 1 1 1 1 |1 1 1 1 1 1 1 1 1 1 |1 2 2 5 1 2 1 3 1 1 3 1 1 2 3 2 3 1 3 |1 1 1 5 1 1 1 3 1 |1 1 1 1 1 1 |1 2 1 1 1 1 1 1 2 1 5 3 1 2 1 2 1 |3 1 1 1 1 1 1 1 1 1 1 1 1 1 |1 2 1 1 1 1 1 1 |1 1 1 1 2 1 1 |1 3 1 1 1 1 1 1 1 4 1 1 1 1 1 1 |1 1 1 1 2 1 1 2 1 1 1 3 1 1 1 |1 4 1 1 1 1 2 1 2 2 1 1 1 1 4 1 1 2 |1 1 1 2 1 1 1 2 2 2 1 3 2 1 1 2 |1 1 1 1 1 1 1 1 1 1 1 1 2 1 |1 1 1 1 1 1 1 1 1 |2 3 1 1 4 2 2 1 6 1 2 2 1 1 1 1 1 2 4 1 |2 1 2 1 1 1 1 2 1 1 1 2 1 |6 1 3 3 1 3 3 1 1 1 1 3 5 2 3 1 1 1 1 2 |1 1 1 1 1 1 |2 1 1 1 1 1 1 1 2 1 1 1 |realPatrol = 600|fitness = 92.92387395112469

第39个BestWave: 
3 2 1 1 1 1 1 1 2 1 2 1 2 4 1 6 2 2 |1 1 1 1 1 1 1 1 1 1 1 |1 2 1 1 1 1 2 3 1 1 1 1 |1 3 1 1 5 1 1 2 2 2 4 3 1 1 1 1 |1 2 1 2 1 1 1 1 1 1 |3 2 1 1 1 1 1 1 1 1 1 1 1 3 1 1 1 |1 1 5 1 1 2 1 1 1 3 1 2 1 1 1 2 1 1 |1 1 1 1 1 1 1 |1 2 2 1 1 2 2 1 1 1 2 1 4 3 1 1 1 1 |4 2 1 4 1 1 5 3 2 1 2 1 3 1 1 1 1 1 1 |1 1 1 1 1 1 |1 1 1 1 1 1 1 1 1 1 |1 2 2 5 1 2 3 1 1 1 6 1 1 1 1 1 5 1 1 |1 1 2 1 1 1 1 1 3 |1 1 1 1 1 1 |1 1 6 1 2 2 2 3 1 1 3 1 1 1 1 1 1 |3 1 1 1 1 1 2 1 1 1 2 1 2 2 |1 1 1 2 1 1 1 2 |1 1 1 1 1 1 1 |1 2 3 1 1 2 3 1 1 1 1 1 1 1 2 1 |1 1 2 1 1 3 1 2 1 1 1 1 1 1 1 |1 4 1 2 1 4 1 1 3 2 3 1 3 3 1 1 1 2 |1 1 2 1 2 2 1 3 1 1 1 2 1 1 3 2 |2 1 1 3 1 1 1 1 1 1 1 2 3 2 |2 1 1 1 2 1 1 1 1 |2 1 1 2 3 5 1 2 4 1 1 1 1 1 1 2 1 1 4 1 |1 2 1 1 1 1 1 1 1 2 1 1 1 |1 1 1 2 1 3 2 1 1 2 1 3 1 1 1 1 4 2 1 3 |1 1 1 1 1 1 |2 1 1 1 2 1 1 1 2 1 1 2 |realPatrol = 600|fitness = 90.36949208969477

第40个BestWave: 
1 1 1 1 2 1 1 1 1 1 2 1 2 5 1 4 2 1 |1 1 2 2 1 1 1 1 1 1 1 |1 1 1 1 1 1 1 4 1 1 1 1 |1 1 2 1 5 1 2 1 1 1 4 1 1 3 1 2 |2 1 1 1 1 1 1 1 1 1 |4 1 1 1 1 1 2 1 1 1 1 4 3 1 2 2 1 |1 1 2 2 1 1 4 1 5 2 1 1 1 2 1 1 1 1 |1 1 1 1 1 1 1 |1 1 1 2 1 1 3 3 2 2 4 1 1 2 2 1 3 1 |1 1 1 1 1 1 4 1 1 2 1 4 1 1 2 2 1 3 2 |1 1 1 1 1 1 |1 1 1 1 1 1 1 1 1 1 |1 4 1 5 1 6 3 1 3 5 2 1 1 3 1 2 1 1 1 |1 1 1 4 1 1 1 1 1 |1 1 1 2 1 1 |2 1 5 1 1 1 1 1 3 2 3 1 1 1 1 1 2 |6 1 1 1 1 1 2 1 1 1 1 1 1 1 |1 1 1 1 1 1 1 1 |1 1 1 1 1 1 1 |2 2 2 1 1 1 1 3 2 1 1 2 1 1 1 1 |2 2 1 1 1 2 1 1 2 1 2 1 1 1 2 |1 4 1 1 1 2 1 1 1 2 3 1 2 3 3 1 2 6 |3 1 1 1 1 2 1 1 1 1 1 1 1 1 1 1 |1 1 1 3 1 1 1 1 1 1 1 1 1 1 |1 1 1 1 1 1 1 1 1 |2 1 1 1 5 5 1 1 2 1 1 1 1 1 2 2 1 1 3 1 |1 1 1 2 2 1 1 1 1 1 1 1 1 |5 2 1 1 1 1 5 2 1 1 1 4 5 3 2 2 1 1 1 1 |1 1 1 1 1 1 |3 1 1 2 1 2 1 1 1 1 1 1 |realPatrol = 600|fitness = 91.68391156455989

第41个BestWave: 
3 1 1 1 1 1 2 3 1 1 2 2 1 3 1 6 1 1 |1 3 1 1 1 1 1 2 1 1 1 |2 2 1 1 2 2 1 2 1 1 1 1 |1 1 2 1 6 1 3 2 3 3 4 1 1 2 1 2 |1 1 1 1 1 1 1 1 1 1 |4 1 2 1 1 2 1 1 2 2 1 1 1 1 1 4 1 |2 1 1 1 1 1 1 1 2 2 1 3 1 1 1 1 1 1 |1 1 1 1 1 1 2 |2 1 1 1 1 3 1 1 2 1 1 1 1 1 1 1 3 1 |1 2 1 1 1 1 1 1 1 1 3 2 3 1 2 2 1 1 1 |1 1 1 1 1 1 |1 1 1 1 1 1 1 1 1 1 |1 1 1 4 1 4 1 3 1 1 5 1 1 2 2 2 5 1 1 |1 1 1 3 1 1 1 1 1 |1 1 1 1 1 1 |1 5 1 1 2 1 1 1 1 1 5 1 1 1 1 1 2 |2 1 1 1 1 4 2 1 1 1 5 1 1 1 |1 2 1 1 1 1 1 1 |1 1 1 1 1 1 1 |1 1 1 2 2 2 1 1 1 1 1 2 1 1 1 1 |1 3 2 1 1 4 1 2 1 1 2 1 1 1 1 |1 5 1 2 1 1 1 1 1 1 3 2 1 1 1 1 3 2 |1 3 1 2 1 1 2 1 1 2 1 4 1 2 1 1 |1 1 2 1 1 1 1 1 1 1 2 1 4 1 |2 1 1 1 1 1 1 1 2 |1 1 5 1 2 4 1 1 4 1 2 1 3 1 2 2 1 1 4 1 |2 2 1 2 1 1 1 1 1 1 1 2 1 |6 2 2 3 1 3 1 1 1 1 1 5 5 2 1 1 1 2 3 1 |1 1 1 1 1 1 |1 1 1 1 1 1 3 1 2 1 1 1 |realPatrol = 600|fitness = 90.89399613727784

第42个BestWave: 
1 1 1 1 1 3 3 2 1 1 1 1 1 5 1 3 1 1 |1 1 2 2 1 1 1 2 1 1 1 |1 1 1 1 1 1 1 1 1 3 1 1 |1 2 1 1 3 1 1 1 1 2 2 1 1 1 1 1 |1 1 1 2 1 1 1 2 1 1 |1 1 1 1 1 1 1 1 1 1 1 1 1 4 1 4 1 |1 2 1 2 2 6 1 2 2 1 1 2 2 1 1 2 2 2 |1 1 1 1 1 1 1 |2 1 1 3 2 2 1 2 1 1 3 1 1 2 1 3 1 1 |2 1 3 1 1 1 2 1 1 2 1 4 3 1 1 2 2 1 1 |1 1 1 1 1 1 |1 1 1 1 1 1 1 1 1 1 |4 3 2 5 1 2 2 1 4 2 4 1 1 6 3 1 3 1 2 |1 2 1 2 1 1 1 5 1 |1 1 1 1 1 1 |2 2 2 1 1 3 1 2 4 2 3 1 2 1 1 1 1 |4 1 3 3 1 1 1 1 1 1 1 1 1 1 |1 1 1 1 1 1 1 1 |1 1 1 1 1 1 1 |1 1 4 1 1 1 1 1 1 1 1 2 1 2 2 1 |2 2 2 1 1 3 1 1 1 1 1 2 1 1 1 |2 4 1 2 1 1 1 1 3 1 3 2 2 5 2 1 1 1 |1 1 1 1 1 3 1 2 5 2 2 4 1 1 3 1 |1 2 1 1 1 1 1 1 1 1 1 1 1 1 |2 1 1 1 1 1 1 1 1 |1 3 1 2 2 4 2 1 2 1 2 1 1 1 1 1 1 4 3 1 |1 1 2 1 1 1 1 2 1 1 1 1 1 |1 1 2 1 1 3 1 1 2 2 1 3 3 1 1 4 1 1 1 1 |1 1 1 1 1 1 |3 1 1 1 1 1 1 1 2 1 2 1 |realPatrol = 600|fitness = 90.52600269441338

第43个BestWave: 
1 1 1 1 2 1 1 2 2 1 1 2 1 2 1 4 3 4 |1 1 2 1 2 2 1 1 1 1 1 |2 2 2 1 1 1 1 4 1 1 1 1 |1 1 2 2 1 2 2 1 1 2 2 1 1 1 1 1 |1 1 2 1 1 1 1 1 3 1 |3 1 1 1 1 1 1 1 1 2 1 1 1 3 1 2 1 |1 1 1 1 1 3 1 4 2 2 1 1 2 2 3 1 1 1 |1 2 1 1 1 1 2 |2 1 1 2 2 2 1 3 3 1 1 1 2 1 1 2 1 3 |1 2 1 2 1 1 1 1 1 4 1 1 2 2 1 1 1 1 1 |1 1 1 1 1 1 |1 1 2 1 1 1 1 1 1 1 |2 1 1 4 1 2 1 1 2 2 5 1 1 1 2 1 1 1 1 |1 1 1 4 1 1 1 1 1 |1 2 2 1 1 1 |1 1 3 1 1 1 2 1 1 1 2 2 1 1 1 1 1 |4 1 1 1 1 3 2 1 1 1 2 1 1 1 |1 1 1 1 1 1 1 1 |1 1 1 1 1 1 1 |2 1 1 1 1 2 1 1 2 1 1 2 1 3 2 1 |4 2 1 1 1 1 1 1 1 3 1 1 2 1 2 |2 4 1 2 1 3 5 1 2 1 4 2 1 5 1 1 2 5 |1 1 2 3 1 1 1 1 3 3 1 3 1 1 2 1 |1 1 1 1 1 1 1 1 1 1 1 1 2 1 |4 1 1 1 1 1 2 1 1 |1 3 1 3 2 2 2 1 5 2 1 1 2 1 1 1 1 2 5 1 |1 1 1 2 1 1 1 1 3 1 1 1 1 |1 4 3 1 2 4 1 2 1 1 2 1 5 2 1 3 1 1 1 4 |1 1 1 1 1 2 |2 1 1 1 1 1 1 2 1 1 1 1 |realPatrol = 600|fitness = 91.02041802213212

第44个BestWave: 
2 1 1 1 1 2 1 1 1 1 1 1 1 4 1 4 4 1 |1 1 1 1 1 1 1 2 1 1 2 |2 1 1 1 2 3 1 4 1 3 2 1 |1 1 1 1 1 1 2 2 1 3 3 2 1 1 1 1 |1 1 1 1 1 1 1 1 3 1 |3 1 1 1 1 1 1 1 1 1 1 1 1 2 1 2 1 |1 1 4 2 1 5 2 3 1 2 1 1 6 1 1 1 3 2 |1 1 1 1 1 1 1 |1 2 2 3 1 2 1 1 1 1 2 1 2 3 1 1 2 1 |1 1 1 1 2 1 2 2 2 2 1 2 1 2 2 3 1 1 1 |1 1 1 1 1 2 |1 1 1 2 1 1 3 1 1 1 |1 2 1 1 1 1 1 1 1 4 5 1 1 1 2 1 4 2 1 |1 1 1 2 1 1 1 3 2 |1 1 1 1 1 1 |2 2 4 2 2 1 1 1 2 1 2 1 1 1 1 2 1 |5 1 1 1 1 1 1 1 1 1 3 2 1 2 |1 1 1 1 1 1 1 1 |1 1 1 1 1 1 1 |1 2 2 1 1 2 1 1 2 1 4 5 3 1 1 1 |1 2 1 1 1 1 2 2 3 1 1 1 2 1 2 |1 4 1 2 2 4 1 3 1 1 1 2 1 2 1 1 1 3 |1 1 1 1 1 1 1 1 1 1 1 1 2 1 1 1 |1 3 1 1 3 1 1 1 1 1 1 1 1 1 |3 1 1 1 1 1 1 1 1 |1 1 1 2 3 6 1 1 3 2 2 1 1 1 2 1 2 2 2 1 |1 1 1 1 1 1 1 2 5 1 2 1 1 |2 2 1 2 2 4 2 2 1 2 1 2 3 1 2 1 1 1 1 1 |1 1 1 1 1 2 |1 1 1 1 2 2 3 1 2 1 2 1 |realPatrol = 600|fitness = 91.96320480407306

第45个BestWave: 
1 1 3 1 2 1 3 2 1 1 1 1 1 4 1 5 2 1 |1 2 1 2 1 1 1 2 1 1 1 |1 1 1 1 1 2 1 2 1 1 1 2 |2 1 1 1 1 1 1 1 3 4 4 1 1 1 1 1 |1 1 1 1 1 1 1 2 2 1 |4 1 1 1 1 1 1 2 1 1 1 1 1 2 1 5 1 |1 1 1 1 1 3 2 2 3 3 1 1 1 3 1 3 3 1 |1 1 1 1 1 1 1 |1 1 2 1 1 4 2 2 2 1 4 1 2 1 1 3 2 1 |5 2 1 3 3 2 2 2 1 4 2 1 1 1 1 1 1 1 1 |1 1 1 1 1 1 |1 1 1 1 1 1 2 1 1 2 |1 1 1 5 1 2 5 1 3 3 5 1 1 2 1 3 1 2 1 |1 1 3 5 1 1 1 1 1 |1 1 1 1 2 1 |1 1 2 2 2 1 1 1 2 1 1 1 1 1 1 2 1 |1 1 1 2 1 1 2 1 2 2 1 1 2 1 |1 1 1 1 1 1 2 2 |1 1 1 1 1 1 1 |1 1 1 2 1 2 2 1 4 1 1 1 1 1 1 2 |1 1 1 1 2 1 1 1 1 2 3 3 2 1 1 |2 3 1 1 3 1 1 1 2 1 1 1 1 2 2 1 1 1 |1 1 1 1 1 1 1 2 3 1 2 1 1 2 1 2 |3 1 1 1 1 1 1 1 1 1 2 1 1 1 |1 2 1 2 1 1 1 1 1 |1 1 1 1 5 6 3 5 4 1 1 1 3 1 1 1 1 1 2 1 |1 1 1 1 1 1 1 1 1 1 1 1 1 |4 2 3 1 1 2 1 1 1 2 4 3 3 1 3 1 2 1 1 1 |1 1 1 1 1 1 |1 1 1 1 1 2 1 1 1 1 1 1 |realPatrol = 600|fitness = 90.66842490700071

第46个BestWave: 
1 2 1 1 1 3 2 1 1 4 3 1 1 4 1 6 2 1 |2 1 1 1 1 1 1 1 1 1 1 |2 1 1 1 1 1 2 2 1 2 1 1 |2 1 1 2 5 2 2 1 1 1 1 1 4 1 1 1 |2 2 2 2 1 1 1 2 1 1 |3 2 2 1 1 1 1 1 1 2 1 1 1 2 1 3 1 |1 1 1 1 2 5 5 1 1 1 1 1 1 1 1 3 1 2 |1 1 1 1 1 1 1 |1 3 2 1 3 1 1 1 1 1 2 1 1 2 2 1 2 1 |1 1 2 1 1 1 1 1 2 2 1 1 1 1 1 1 1 2 1 |1 1 1 1 1 1 |1 1 1 1 1 1 1 1 1 1 |1 2 1 5 1 1 1 1 1 1 5 2 1 3 2 2 4 1 1 |1 1 1 3 1 1 1 1 1 |1 1 1 1 1 1 |1 1 1 1 1 2 5 2 1 1 4 2 1 1 1 1 3 |2 1 1 1 1 1 1 1 1 1 1 1 2 1 |1 1 1 1 1 1 1 1 |1 1 1 1 1 1 1 |1 1 1 1 2 1 1 1 1 2 2 1 1 1 1 3 |2 1 1 2 1 2 1 2 2 3 1 1 1 1 1 |2 4 2 1 1 2 3 1 1 1 1 1 1 5 3 1 1 4 |1 1 1 1 1 1 1 1 4 1 2 4 1 1 1 1 |2 1 1 2 2 1 2 1 1 1 1 1 2 1 |5 1 1 1 1 1 1 1 2 |2 4 2 1 3 6 1 1 1 1 2 3 2 1 4 1 2 2 6 1 |1 1 1 1 1 1 1 1 1 2 1 2 1 |3 1 1 1 1 2 1 4 1 1 1 1 6 2 1 2 1 1 3 3 |1 1 1 1 1 1 |1 1 1 1 1 1 2 1 1 3 1 1 |realPatrol = 600|fitness = 91.11137120082033

第47个BestWave: 
2 5 1 1 1 1 2 1 2 1 1 1 1 2 1 5 2 2 |2 1 1 1 1 1 1 1 1 1 1 |1 1 1 1 1 3 1 2 1 1 1 1 |1 1 1 1 2 1 1 2 1 4 4 1 1 1 1 1 |1 1 1 2 1 1 1 1 1 1 |4 1 1 2 3 2 3 1 1 1 1 1 2 3 1 5 2 |1 2 1 2 1 4 1 2 4 1 2 2 6 1 1 1 3 1 |1 1 1 1 1 1 1 |1 1 1 1 3 2 1 1 1 1 2 1 4 1 3 2 4 1 |2 1 2 2 2 1 3 2 2 3 1 1 1 1 1 2 1 3 1 |1 1 1 1 1 1 |1 1 1 1 1 1 1 1 1 1 |5 1 1 6 1 2 1 2 1 1 3 1 5 1 1 1 5 1 1 |1 1 1 3 1 1 1 2 1 |1 1 1 1 1 1 |1 1 2 1 1 3 1 2 1 1 1 2 1 1 1 1 2 |3 1 1 1 2 2 2 1 1 1 1 1 2 1 |1 1 1 1 1 1 1 1 |1 1 1 1 1 1 1 |1 1 1 2 1 1 1 1 1 1 1 1 1 3 1 1 |2 1 1 1 1 1 2 1 1 2 3 1 1 1 1 |1 6 2 1 1 1 1 1 3 1 5 2 3 1 1 1 2 2 |2 1 1 2 1 1 1 1 2 1 1 2 1 1 1 1 |1 1 1 1 2 1 1 1 1 1 2 2 1 1 |5 1 1 1 1 1 1 2 2 |1 3 1 3 1 5 1 1 1 1 1 1 2 2 1 1 1 5 3 2 |1 1 1 1 1 2 1 1 1 1 1 1 1 |2 1 1 1 1 1 1 2 1 1 2 4 4 2 3 3 1 1 3 1 |1 2 1 1 1 1 |1 3 1 1 1 1 1 1 1 1 1 1 |realPatrol = 600|fitness = 91.79297449139145

第48个BestWave: 
1 1 1 2 2 1 2 1 1 1 1 2 1 4 1 4 3 1 |1 1 1 3 1 1 1 1 1 1 1 |1 1 2 1 1 1 1 3 1 1 1 1 |1 1 1 2 6 1 5 1 3 4 1 1 1 1 1 1 |1 1 2 2 1 1 1 1 2 2 |1 1 1 1 1 1 1 1 1 2 1 1 1 2 2 2 1 |1 1 1 1 1 6 3 1 1 2 3 1 2 1 1 2 2 2 |1 1 1 1 1 1 1 |1 1 1 1 1 3 1 2 1 1 1 1 1 1 1 2 2 2 |4 1 1 3 2 1 1 1 2 4 2 2 1 1 1 1 1 1 1 |1 1 1 1 1 1 |1 1 1 1 1 1 1 1 1 1 |2 1 1 2 3 1 1 1 1 1 3 1 1 3 3 1 2 1 1 |1 1 1 1 1 1 1 1 1 |1 1 1 1 1 1 |2 2 3 3 2 2 1 1 1 1 4 2 1 1 1 2 3 |5 1 1 3 3 1 4 1 1 1 1 2 2 2 |1 1 1 1 1 1 1 1 |1 1 1 1 1 1 1 |1 1 1 1 1 1 1 1 1 1 1 3 1 1 2 1 |1 2 1 3 1 1 2 1 1 1 1 1 1 1 1 |1 5 1 1 2 1 1 1 1 1 2 1 1 3 1 1 1 4 |1 1 1 1 1 1 1 1 1 3 1 2 1 2 1 1 |1 3 1 2 1 1 1 1 1 1 2 1 1 1 |4 1 1 1 1 1 1 1 1 |3 1 2 1 4 6 2 2 2 2 1 2 2 3 1 1 3 3 4 1 |3 1 2 1 2 1 1 1 1 1 1 1 1 |4 2 1 1 2 4 4 3 1 4 2 2 4 1 2 1 3 1 2 1 |1 1 1 1 1 1 |2 2 1 1 1 1 2 1 1 1 1 1 |realPatrol = 600|fitness = 91.55724317710568

第49个BestWave: 
1 2 1 1 1 1 2 1 1 1 1 3 1 3 1 5 2 1 |1 1 3 3 1 1 2 2 1 1 1 |1 1 1 1 1 1 1 3 1 2 1 1 |1 1 1 1 2 1 2 1 1 2 3 1 2 1 1 1 |1 2 1 2 1 1 1 1 1 1 |3 2 1 3 1 1 4 1 1 1 1 1 1 2 4 1 1 |3 1 1 1 2 2 3 2 2 1 1 1 2 1 2 1 1 1 |1 1 1 1 1 1 2 |3 1 1 1 1 2 2 1 1 1 2 1 1 1 2 1 2 1 |3 1 2 2 1 1 6 1 1 1 1 1 1 2 1 2 1 1 1 |1 1 1 1 1 1 |1 1 1 1 1 1 1 1 1 2 |1 1 1 5 1 1 1 1 1 1 2 1 3 3 1 1 4 5 1 |1 1 2 3 1 1 1 1 1 |1 1 1 1 1 1 |2 1 2 1 1 2 1 1 2 1 2 1 1 1 1 2 2 |3 1 1 1 1 1 2 2 1 1 1 1 1 2 |2 1 1 1 1 1 1 1 |1 1 1 1 1 1 2 |2 1 1 1 2 3 1 1 2 1 2 1 1 1 1 1 |1 1 1 3 1 2 1 1 1 1 2 1 1 1 2 |1 5 1 1 1 1 2 1 1 2 2 1 2 2 1 2 2 2 |2 2 2 1 1 1 2 1 5 1 1 1 1 1 1 2 |1 1 1 1 1 1 2 1 1 1 3 1 2 1 |4 2 1 1 1 1 1 1 1 |2 1 1 2 3 5 2 2 6 1 1 1 1 1 1 1 3 3 2 1 |1 2 1 3 1 1 1 1 2 1 2 1 2 |5 1 1 1 1 3 3 2 1 1 3 1 4 2 3 1 1 1 4 2 |1 1 1 1 1 2 |1 1 1 1 1 2 5 3 1 2 1 1 |realPatrol = 600|fitness = 91.39500760653151

第50个BestWave: 
1 1 1 2 2 1 1 1 3 1 4 1 2 1 1 5 3 1 |1 1 2 1 2 3 1 1 1 1 1 |1 1 1 3 1 1 2 1 1 1 1 1 |2 1 4 1 3 1 5 1 1 5 5 3 1 1 1 1 |2 1 1 1 1 1 1 2 1 1 |3 2 1 1 1 3 2 2 3 2 1 2 2 1 1 3 1 |1 1 1 1 1 4 3 1 1 2 1 1 4 1 1 1 1 1 |1 1 1 1 1 1 1 |3 2 1 1 4 3 1 1 1 2 2 1 1 1 3 1 1 1 |1 1 1 3 1 2 3 3 2 4 1 4 1 1 1 1 1 3 2 |1 1 1 1 1 1 |1 2 2 1 1 1 1 1 1 1 |2 1 1 4 1 5 1 1 1 2 4 1 2 5 1 3 1 2 2 |2 1 1 2 1 1 1 1 1 |1 1 1 1 1 1 |1 3 4 1 1 1 2 3 1 1 1 4 3 2 2 3 1 |4 1 1 1 1 1 1 1 1 1 1 1 2 1 |1 1 1 1 1 1 1 1 |1 1 1 1 1 1 1 |1 1 4 1 1 1 1 1 1 1 1 1 1 1 1 2 |1 1 2 2 1 1 1 1 1 1 1 2 1 1 1 |1 4 2 1 1 2 2 1 2 1 3 1 1 2 1 2 1 1 |1 1 1 2 1 1 2 1 3 1 1 1 1 2 4 1 |1 1 1 1 1 1 1 1 1 1 1 2 1 2 |3 1 1 1 1 1 1 1 1 |2 2 1 2 5 3 1 1 2 1 1 1 1 1 1 1 3 2 2 2 |1 1 1 1 1 1 1 1 1 1 1 1 1 |3 2 1 1 1 3 2 1 1 2 1 2 4 1 1 1 1 1 1 1 |1 1 1 1 1 1 |2 1 1 1 1 1 1 1 1 1 2 1 |realPatrol = 600|fitness = 91.19529108484929

第51个BestWave: 
1 1 1 2 1 3 2 3 1 1 1 1 1 1 1 5 4 1 |1 1 1 4 1 1 1 1 1 3 2 |1 1 1 1 1 1 1 5 1 1 1 1 |1 1 1 1 2 1 1 2 2 2 3 1 1 1 1 1 |1 1 1 1 1 1 2 1 1 1 |1 2 1 1 1 2 1 1 1 1 1 1 1 4 3 5 2 |1 1 1 3 1 2 1 1 3 1 1 1 1 1 2 1 1 2 |1 1 1 2 1 1 1 |2 1 1 3 1 2 1 1 1 1 4 1 1 1 1 1 2 1 |1 1 1 1 1 2 6 1 1 3 1 1 1 2 1 1 2 1 2 |1 1 1 1 1 1 |1 2 1 1 1 1 1 1 1 1 |2 2 1 3 1 4 1 2 2 3 6 1 2 4 1 3 3 1 1 |1 2 1 2 1 1 1 2 1 |1 1 2 1 1 1 |2 1 2 2 3 1 1 1 1 1 1 1 2 1 1 2 2 |4 1 1 1 2 1 4 1 1 1 1 1 3 1 |1 2 1 1 1 1 1 2 |1 1 1 1 1 1 1 |1 1 2 1 2 1 3 3 1 1 1 1 2 1 1 1 |1 1 1 3 2 2 3 1 1 1 3 1 1 1 1 |3 6 1 3 1 1 2 3 1 1 2 1 2 4 5 2 1 2 |1 1 1 1 2 1 1 1 2 1 2 4 1 1 2 1 |1 1 1 1 2 1 1 1 1 1 1 1 1 1 |1 1 1 1 1 2 1 1 1 |1 1 1 1 5 4 1 1 2 1 1 1 1 1 1 1 2 1 1 1 |1 1 1 2 1 1 1 1 2 1 1 1 2 |2 3 2 1 1 5 1 1 2 1 1 3 4 2 2 1 1 1 2 2 |2 1 2 1 1 1 |3 1 1 1 1 1 2 1 1 1 1 1 |realPatrol = 600|fitness = 92.2640080665194

第52个BestWave: 
1 1 2 1 1 1 2 1 1 1 1 3 1 4 1 4 1 4 |1 1 1 5 2 1 1 1 1 1 1 |3 1 1 1 1 1 2 4 2 1 1 3 |2 1 1 3 2 2 1 2 1 3 1 2 1 3 1 2 |2 1 3 1 2 1 2 1 1 1 |2 1 1 3 1 2 2 2 2 1 1 1 2 2 2 4 1 |1 1 1 1 1 1 1 1 1 2 3 1 1 1 2 4 1 1 |1 1 1 1 1 1 1 |3 2 3 1 2 2 1 1 2 1 6 1 1 1 1 3 2 1 |1 1 2 2 1 2 1 1 1 3 1 1 1 1 2 1 2 1 2 |1 1 1 2 1 1 |1 1 1 1 1 1 1 1 2 1 |1 1 3 5 1 6 1 1 1 1 6 1 1 3 1 1 1 1 1 |1 1 1 3 1 1 1 3 1 |1 1 1 1 1 1 |1 1 6 3 1 1 2 1 1 1 2 1 2 1 1 1 1 |4 1 1 1 1 1 2 1 1 1 1 1 1 1 |1 1 1 1 1 1 1 1 |1 1 1 1 1 1 1 |1 2 1 1 1 1 1 1 1 1 1 1 2 2 1 1 |1 1 1 1 1 2 1 1 1 1 1 1 1 1 1 |2 5 2 1 1 1 1 3 1 1 1 1 1 1 1 1 1 2 |1 1 1 1 1 1 2 1 2 1 1 1 1 1 2 1 |2 3 2 2 1 1 1 1 2 2 1 1 3 1 |2 1 1 1 1 1 1 1 1 |1 1 3 1 1 5 2 1 4 1 1 2 2 1 3 2 1 1 6 1 |1 3 1 1 2 2 2 2 1 1 1 1 1 |1 2 1 2 1 5 1 1 1 5 2 3 1 1 2 1 1 2 1 3 |1 1 1 1 1 2 |1 1 1 1 1 1 2 2 1 2 1 1 |realPatrol = 600|fitness = 91.40482872310398

第53个BestWave: 
2 2 1 1 1 3 3 1 1 1 4 1 1 5 1 6 4 1 |1 2 1 1 1 1 1 1 1 1 1 |1 1 1 2 1 1 1 5 2 1 1 1 |2 1 2 1 1 4 4 1 1 3 2 1 2 1 1 1 |1 1 2 1 1 1 1 1 1 1 |3 1 1 1 3 1 2 1 1 2 1 3 1 1 1 3 2 |1 2 2 1 1 1 1 1 1 2 2 1 2 1 2 1 3 2 |2 1 1 1 2 1 1 |1 1 1 1 1 6 1 1 3 1 3 1 1 1 2 1 1 1 |1 1 1 2 1 1 2 2 1 4 1 3 3 1 1 3 1 1 1 |1 1 1 1 1 1 |1 1 1 1 1 1 1 1 2 1 |2 3 1 1 1 4 1 3 1 3 6 1 2 6 1 1 2 1 3 |1 1 2 1 1 1 1 2 1 |1 1 1 2 1 1 |1 2 2 1 1 1 1 1 1 2 4 1 1 1 2 2 1 |3 1 1 4 1 2 2 1 1 1 1 1 1 1 |2 1 1 1 1 1 1 1 |1 1 1 1 2 1 1 |2 1 1 1 1 1 1 2 2 2 1 1 1 1 1 1 |1 2 1 1 1 1 3 1 1 1 1 1 2 1 1 |2 2 1 1 2 1 2 1 2 1 3 1 1 5 1 1 1 2 |1 2 1 1 1 1 1 1 1 1 1 1 1 1 2 1 |1 2 1 1 1 1 1 1 1 1 1 1 2 1 |1 1 1 1 1 1 1 1 1 |1 1 1 2 4 4 3 1 5 1 1 2 1 1 1 1 1 3 4 1 |3 1 1 1 3 1 1 1 2 1 1 1 1 |3 4 1 2 1 1 1 1 1 1 2 5 4 1 1 1 1 1 1 1 |1 2 1 1 1 1 |1 1 1 1 1 2 6 1 1 1 1 1 |realPatrol = 600|fitness = 91.0587554419988

第54个BestWave: 
1 2 1 1 1 1 3 1 1 1 3 1 1 2 2 6 2 1 |1 1 1 5 1 1 1 1 1 1 1 |1 1 1 1 1 1 1 2 1 1 1 2 |1 1 1 1 4 1 2 1 3 5 2 1 1 1 1 2 |2 2 1 1 1 1 1 1 1 1 |3 2 1 1 1 2 4 1 1 1 1 1 1 3 1 4 1 |1 1 2 1 2 1 1 2 1 1 1 1 2 1 1 2 2 2 |2 1 1 1 1 1 1 |2 1 1 2 1 2 2 1 1 1 2 1 2 2 1 1 1 1 |1 1 2 1 1 1 2 1 1 4 4 2 3 1 1 1 2 1 1 |1 1 1 1 1 1 |1 1 1 1 1 1 1 1 1 1 |2 1 1 4 1 3 1 2 1 1 3 1 2 1 1 1 3 1 1 |1 1 1 2 1 1 1 1 1 |2 1 1 1 1 1 |2 1 3 1 1 1 1 1 2 1 5 1 1 2 1 3 4 |4 1 1 1 2 1 2 1 1 1 1 1 3 1 |1 1 1 1 1 2 2 1 |1 1 1 1 1 1 1 |2 1 4 1 1 1 2 1 1 2 2 2 1 1 3 1 |1 2 1 2 1 1 1 1 2 1 1 1 1 1 2 |1 6 3 1 1 1 2 1 2 1 1 1 1 3 1 2 1 2 |1 1 1 1 1 1 1 1 1 1 1 3 1 1 2 1 |2 1 1 1 3 3 1 1 1 1 1 1 2 1 |2 1 2 2 1 1 2 1 1 |1 1 1 4 2 3 1 1 3 1 1 1 2 1 3 1 1 1 2 1 |1 1 1 2 1 1 1 1 1 1 1 1 1 |6 3 2 3 1 6 2 1 1 3 2 5 5 5 1 1 2 1 1 1 |1 1 1 1 1 1 |2 2 1 1 1 1 1 1 2 2 1 2 |realPatrol = 600|fitness = 91.47981521191826

第55个BestWave: 
2 1 1 2 1 1 1 1 2 1 4 1 1 4 1 5 1 1 |1 1 1 2 2 1 1 1 1 2 1 |2 1 2 1 1 1 1 2 4 1 1 1 |2 1 1 1 2 1 1 1 1 6 5 1 1 1 1 1 |1 1 1 1 1 1 1 1 1 1 |1 1 1 1 1 1 4 1 1 1 2 1 1 1 5 5 1 |2 2 1 1 1 3 4 3 3 3 1 3 4 3 1 2 1 3 |1 1 1 1 1 1 2 |1 2 1 1 2 3 1 1 1 1 2 1 1 1 1 1 5 1 |2 2 1 2 1 1 1 1 2 5 2 1 2 1 5 1 1 1 1 |1 1 1 1 1 1 |1 1 1 1 2 1 1 1 1 1 |2 3 2 3 1 1 1 1 1 1 3 1 3 2 1 2 2 2 2 |1 1 1 2 1 1 1 1 1 |1 1 1 1 1 1 |3 1 2 1 1 2 1 1 2 1 1 1 1 1 2 1 1 |3 1 1 1 1 1 1 1 1 1 4 1 1 1 |1 1 1 1 1 1 1 1 |1 1 1 1 1 1 1 |1 1 2 1 1 1 1 1 1 1 2 1 1 1 1 1 |1 1 1 1 1 1 1 1 4 2 2 1 1 1 2 |1 6 1 2 1 3 1 1 5 1 1 1 1 1 4 1 2 2 |1 1 1 2 2 1 2 1 1 2 1 1 1 1 1 4 |1 1 1 1 1 1 2 1 1 1 1 1 1 1 |6 1 2 1 1 1 1 1 1 |1 2 2 2 5 6 1 4 6 1 1 1 1 1 1 2 2 1 4 1 |2 1 1 2 1 1 1 1 1 1 1 2 2 |2 1 1 2 1 2 1 1 1 1 1 2 2 2 2 1 1 2 1 1 |1 1 1 1 1 1 |1 1 1 1 1 1 3 1 2 1 1 1 |realPatrol = 600|fitness = 92.30119244217536

第56个BestWave: 
2 1 1 1 1 1 2 3 1 2 1 2 2 2 1 6 3 1 |2 1 1 1 1 1 1 3 1 1 1 |2 1 2 1 1 1 2 2 2 1 1 1 |3 1 1 1 1 1 5 4 1 5 2 1 1 1 1 2 |1 1 1 1 1 1 1 1 1 1 |1 1 1 1 1 1 4 1 1 2 1 2 2 2 2 3 1 |2 1 3 1 2 6 1 1 3 1 1 1 1 2 1 4 1 1 |1 1 1 1 1 1 1 |2 1 1 2 2 1 1 2 1 2 1 1 1 1 1 1 2 1 |1 2 2 2 2 1 5 3 1 1 2 2 1 1 1 1 1 1 1 |1 1 1 1 1 1 |1 1 1 1 1 1 1 1 1 2 |4 1 1 1 1 1 1 2 2 1 3 1 1 6 2 1 5 1 1 |1 1 1 3 1 1 1 3 1 |1 1 1 1 1 1 |1 2 5 1 1 2 1 1 1 1 1 1 1 1 1 1 1 |4 1 1 1 1 1 1 1 2 1 2 1 1 1 |1 1 1 1 1 1 2 1 |1 2 1 1 1 1 1 |1 1 2 1 1 1 5 1 2 1 1 1 2 1 1 1 |1 2 1 1 1 1 1 1 1 1 3 3 2 1 1 |1 6 2 1 1 1 1 1 1 1 2 1 1 2 3 1 1 1 |1 1 1 3 1 1 1 2 2 1 1 2 1 1 3 1 |1 1 1 1 1 1 1 2 1 1 1 1 2 1 |1 1 1 1 1 1 1 1 1 |2 1 1 4 5 5 1 1 5 1 2 1 1 1 3 1 1 1 5 1 |1 2 1 1 2 1 1 1 1 1 3 2 1 |5 1 1 1 2 2 1 2 1 1 1 2 3 1 1 2 1 2 5 1 |1 1 1 1 1 1 |2 1 1 1 1 1 3 1 1 2 1 4 |realPatrol = 600|fitness = 91.85713694318977

第57个BestWave: 
2 1 1 1 1 2 2 2 2 1 1 1 2 2 1 6 1 1 |1 1 1 1 1 1 1 1 1 1 1 |1 2 1 1 1 1 1 2 1 1 1 2 |2 1 1 1 5 2 1 2 2 1 4 3 1 1 1 1 |1 1 1 2 1 1 1 1 2 1 |3 2 2 1 1 3 1 1 4 1 1 1 1 4 2 3 1 |1 1 1 1 1 5 2 1 2 1 1 1 1 1 2 2 1 2 |1 1 1 1 1 1 1 |4 1 1 1 1 1 1 1 2 1 5 1 1 1 2 2 5 1 |2 1 3 3 1 1 3 2 1 1 2 1 1 5 2 1 1 2 1 |1 1 1 1 1 1 |1 1 1 1 1 2 1 1 1 1 |2 1 1 2 2 5 1 2 1 2 1 2 1 5 1 1 4 1 1 |1 1 1 5 1 1 1 1 1 |1 1 1 1 1 1 |2 1 6 1 1 1 2 1 1 1 1 2 4 1 1 1 1 |6 2 1 1 1 1 2 1 1 1 2 3 1 1 |1 1 1 1 1 1 1 1 |1 1 1 1 1 1 1 |1 2 1 1 1 3 1 2 1 1 1 1 1 1 2 1 |2 3 2 1 1 1 1 1 1 1 1 1 2 1 1 |2 3 1 1 3 3 1 1 1 1 3 2 2 1 2 2 1 2 |1 1 1 1 2 1 1 1 1 2 1 2 1 1 1 1 |2 1 1 1 2 1 1 2 1 1 1 1 1 1 |1 1 1 1 1 2 1 1 1 |1 1 4 2 2 2 1 1 5 1 1 2 3 1 1 1 1 2 6 1 |1 1 1 2 1 1 1 1 1 1 1 2 1 |1 2 1 2 1 4 2 2 2 1 2 1 4 1 3 1 1 2 1 3 |1 1 2 1 1 2 |2 1 1 1 1 1 2 1 1 1 1 1 |realPatrol = 600|fitness = 90.95023421653582

第58个BestWave: 
3 3 1 2 2 1 1 2 2 1 1 1 1 4 1 2 4 1 |1 1 1 1 1 1 1 1 1 1 1 |2 1 1 1 1 1 1 1 1 1 1 1 |1 1 2 1 5 1 2 1 4 1 6 1 1 1 1 3 |1 1 1 1 1 1 1 1 2 1 |1 2 1 1 1 1 1 1 1 1 1 2 1 6 4 6 1 |1 2 3 1 1 2 3 1 1 1 1 1 1 1 1 1 3 1 |1 1 1 1 1 1 1 |3 1 1 6 2 2 2 3 1 2 1 1 1 3 2 1 1 2 |2 2 2 2 1 3 1 3 1 1 1 2 1 1 1 1 1 2 1 |1 1 1 1 1 1 |1 1 1 1 1 1 1 1 1 1 |1 3 1 5 1 2 2 1 1 3 1 2 1 2 2 1 1 1 2 |1 1 1 6 1 1 1 1 2 |1 1 1 1 1 1 |2 2 1 1 1 2 1 1 3 1 5 1 1 2 1 1 1 |4 1 1 1 1 1 1 1 1 1 1 1 2 1 |1 1 1 1 1 1 1 1 |1 1 1 1 1 1 1 |2 1 1 1 1 1 2 1 1 1 1 1 1 1 2 2 |1 4 1 1 1 1 3 1 1 1 2 3 1 1 1 |1 5 1 1 1 2 4 2 2 1 1 1 1 1 4 3 2 5 |1 1 1 1 2 1 1 1 3 2 1 1 1 1 2 1 |1 1 1 1 1 1 1 3 1 2 1 1 2 1 |6 1 1 1 1 1 1 1 2 |3 3 4 1 1 5 2 2 4 1 1 1 1 1 1 1 1 4 2 1 |2 1 1 1 1 1 1 1 1 1 1 1 1 |1 2 1 1 1 4 1 4 1 2 2 2 2 2 2 2 1 1 1 1 |1 1 1 1 1 1 |1 1 1 1 1 1 1 1 1 1 1 1 |realPatrol = 600|fitness = 90.86813662980884

第59个BestWave: 
1 1 1 2 1 1 4 1 1 1 1 2 1 4 1 5 5 1 |1 1 1 1 1 1 1 1 1 2 1 |1 1 2 1 1 1 1 1 1 1 3 1 |1 1 1 1 2 1 1 2 2 4 5 1 1 1 1 1 |1 1 1 1 1 1 1 1 1 1 |2 1 1 1 1 2 2 2 4 1 1 1 1 2 3 5 1 |2 1 2 1 1 4 1 3 1 4 1 1 2 2 1 1 4 1 |2 2 1 1 1 1 1 |1 1 1 1 1 1 1 1 1 1 3 1 1 1 2 1 1 1 |5 1 1 1 1 2 3 1 1 2 1 1 1 1 1 1 2 1 1 |1 1 2 1 1 1 |2 1 1 1 1 1 2 1 1 1 |2 4 1 5 1 1 2 1 2 1 3 1 1 1 2 1 3 3 1 |1 1 2 4 1 2 2 1 1 |1 1 1 1 1 1 |1 2 5 2 1 5 1 1 1 1 4 1 1 1 1 1 3 |3 1 1 5 1 1 1 1 1 1 1 4 1 1 |1 1 1 1 1 1 1 1 |1 1 1 1 1 1 1 |1 1 3 1 1 1 1 1 2 2 1 3 1 2 1 1 |1 3 1 3 2 1 2 1 4 2 1 2 1 1 2 |1 6 1 1 3 1 1 2 1 1 1 2 1 2 1 1 3 2 |1 1 3 1 1 2 1 1 4 1 1 1 1 4 3 1 |2 1 1 1 2 1 1 1 1 1 1 1 2 1 |1 1 1 1 1 1 1 1 1 |2 1 1 1 4 5 1 1 4 1 1 1 1 1 1 1 1 1 3 1 |1 1 1 1 1 1 1 1 1 2 1 1 1 |3 1 1 1 1 3 4 2 1 1 1 2 1 1 2 3 1 3 2 1 |1 1 1 1 1 1 |2 1 1 1 1 1 1 1 1 1 1 1 |realPatrol = 600|fitness = 91.28227398729837

第60个BestWave: 
1 1 2 1 1 1 1 1 1 1 2 1 2 5 3 6 3 2 |1 2 1 2 4 1 2 1 1 1 1 |1 1 1 1 2 1 1 1 2 1 1 1 |1 1 1 1 4 1 2 1 1 1 3 2 2 1 1 2 |1 2 1 1 1 1 1 1 6 1 |1 1 2 1 2 1 1 2 1 1 2 1 1 1 5 4 1 |1 3 1 2 1 2 1 1 1 3 1 1 1 1 1 1 1 1 |1 1 1 1 1 1 1 |1 3 2 1 3 4 1 2 1 2 2 1 2 1 1 2 2 2 |3 2 1 4 1 1 1 1 2 4 1 1 1 3 1 1 1 2 1 |1 1 1 1 1 1 |1 1 1 1 2 1 1 1 1 1 |2 1 2 5 1 6 1 1 1 1 2 1 1 1 1 2 1 3 1 |1 1 1 4 1 1 1 3 2 |2 1 1 1 2 1 |1 1 1 1 2 1 4 3 1 5 1 2 1 1 2 1 1 |3 2 1 1 1 1 1 1 3 1 1 1 1 1 |1 1 1 2 1 1 1 1 |1 1 1 1 1 1 1 |1 1 2 1 3 2 1 1 1 4 1 4 1 1 1 1 |1 1 1 1 2 1 1 1 1 3 1 1 1 1 1 |1 4 2 1 1 1 1 3 1 1 5 1 1 1 1 1 1 1 |2 1 1 1 2 1 3 1 3 2 1 1 1 1 1 2 |1 1 1 2 1 1 1 3 1 2 1 2 2 2 |3 1 1 2 1 1 1 1 1 |1 1 1 1 1 6 3 1 2 1 1 1 1 1 1 1 2 4 5 1 |1 1 1 1 1 1 1 1 2 1 1 1 1 |1 1 2 1 1 2 1 1 1 2 1 1 5 1 1 1 1 2 1 4 |1 1 1 2 1 1 |1 1 1 1 1 1 3 1 1 1 1 1 |realPatrol = 600|fitness = 91.45288182048307

最优解的最大适应度：92.92387395112469
最优解的最小适应度：90.09888903605331
最优解的平均适应度：91.3640614919802
估计标准差值：0.5970573327832359
最优解的最佳分配：
3 1 1 1 2 1 2 1 1 1 1 1 1 3 1 5 4 1 |1 1 1 1 1 2 1 2 1 1 1 |1 3 2 1 1 1 1 1 1 2 1 1 |3 1 3 1 3 3 4 1 1 2 5 1 1 1 1 1 |1 2 1 1 1 1 1 1 2 1 |2 1 1 1 1 1 1 1 1 2 1 3 1 6 2 5 1 |1 2 2 3 2 3 1 1 2 2 1 1 6 2 1 3 1 1 |1 1 1 1 1 1 1 |2 1 1 2 2 1 2 1 1 1 4 1 2 1 1 1 2 3 |1 2 1 1 1 1 1 1 1 2 1 2 1 1 1 1 1 1 2 |2 1 1 1 1 1 |1 1 1 1 1 1 1 1 1 1 |1 2 2 5 1 2 1 3 1 1 3 1 1 2 3 2 3 1 3 |1 1 1 5 1 1 1 3 1 |1 1 1 1 1 1 |1 2 1 1 1 1 1 1 2 1 5 3 1 2 1 2 1 |3 1 1 1 1 1 1 1 1 1 1 1 1 1 |1 2 1 1 1 1 1 1 |1 1 1 1 2 1 1 |1 3 1 1 1 1 1 1 1 4 1 1 1 1 1 1 |1 1 1 1 2 1 1 2 1 1 1 3 1 1 1 |1 4 1 1 1 1 2 1 2 2 1 1 1 1 4 1 1 2 |1 1 1 2 1 1 1 2 2 2 1 3 2 1 1 2 |1 1 1 1 1 1 1 1 1 1 1 1 2 1 |1 1 1 1 1 1 1 1 1 |2 3 1 1 4 2 2 1 6 1 2 2 1 1 1 1 1 2 4 1 |2 1 2 1 1 1 1 2 1 1 1 2 1 |6 1 3 3 1 3 3 1 1 1 1 3 5 2 3 1 1 1 1 2 |1 1 1 1 1 1 |2 1 1 1 1 1 1 1 2 1 1 1 |600|realPatrol = 600
WWO算法运行求解巡逻调度问题耗时：1小时，33分钟，3秒
