===============第1个全局最优解================
最佳代数：
9600
最佳分配：
5 1 2 1 1 1 1 1 2 1 1 1 1 6 1 4 1 1 |1 1 1 4 1 1 1 2 1 1 1 |1 4 1 2 1 1 1 5 1 1 1 1 |1 1 1 4 4 1 1 1 3 3 3 1 1 1 1 1 |1 2 1 1 2 1 2 1 1 1 |3 1 1 1 1 1 1 1 1 1 1 1 1 2 1 4 1 |1 1 1 1 1 2 5 4 1 3 1 2 1 1 1 2 1 1 |1 1 1 1 1 1 2 |1 1 1 1 2 3 1 1 1 1 5 1 1 1 1 1 1 3 |3 1 1 1 1 1 4 1 1 1 1 1 1 2 1 1 1 1 1 |1 1 2 1 1 6 |1 1 4 1 1 1 1 1 1 1 |1 1 1 5 1 1 1 1 1 4 6 1 1 1 1 1 6 1 1 |1 1 5 5 1 1 1 5 1 |1 1 1 1 3 1 |1 1 3 1 1 2 1 1 1 1 3 1 1 1 1 1 2 |4 1 1 2 1 1 1 1 1 1 1 1 1 2 |1 3 3 1 1 1 2 1 |1 1 1 3 1 1 1 |3 1 1 1 1 2 1 1 1 1 1 3 1 1 1 1 |1 1 1 1 1 1 1 1 1 1 1 2 1 1 1 |1 6 1 2 1 1 1 3 1 1 1 1 1 1 1 1 1 1 |1 1 1 1 2 1 1 1 4 1 1 1 2 1 5 1 |2 1 1 1 1 2 1 1 1 1 1 1 3 1 |6 1 1 2 1 1 1 1 1 |1 2 1 1 5 6 1 1 1 1 1 1 1 1 1 1 3 4 4 1 |1 1 2 1 1 1 1 1 1 1 1 1 1 |1 1 1 1 1 1 1 1 1 1 1 2 1 1 1 1 1 1 1 1 |1 1 1 1 1 5 |5 1 1 1 2 1 4 1 2 1 1 1 |
最佳适应度：
100.73304948968338

最大适应度：100.73304948968338
最小适应度：100.73304948968338
平均适应度：100.73304948968338
估计标准差值：NaN
最佳分配：
5 1 2 1 1 1 1 1 2 1 1 1 1 6 1 4 1 1 |1 1 1 4 1 1 1 2 1 1 1 |1 4 1 2 1 1 1 5 1 1 1 1 |1 1 1 4 4 1 1 1 3 3 3 1 1 1 1 1 |1 2 1 1 2 1 2 1 1 1 |3 1 1 1 1 1 1 1 1 1 1 1 1 2 1 4 1 |1 1 1 1 1 2 5 4 1 3 1 2 1 1 1 2 1 1 |1 1 1 1 1 1 2 |1 1 1 1 2 3 1 1 1 1 5 1 1 1 1 1 1 3 |3 1 1 1 1 1 4 1 1 1 1 1 1 2 1 1 1 1 1 |1 1 2 1 1 6 |1 1 4 1 1 1 1 1 1 1 |1 1 1 5 1 1 1 1 1 4 6 1 1 1 1 1 6 1 1 |1 1 5 5 1 1 1 5 1 |1 1 1 1 3 1 |1 1 3 1 1 2 1 1 1 1 3 1 1 1 1 1 2 |4 1 1 2 1 1 1 1 1 1 1 1 1 2 |1 3 3 1 1 1 2 1 |1 1 1 3 1 1 1 |3 1 1 1 1 2 1 1 1 1 1 3 1 1 1 1 |1 1 1 1 1 1 1 1 1 1 1 2 1 1 1 |1 6 1 2 1 1 1 3 1 1 1 1 1 1 1 1 1 1 |1 1 1 1 2 1 1 1 4 1 1 1 2 1 5 1 |2 1 1 1 1 2 1 1 1 1 1 1 3 1 |6 1 1 2 1 1 1 1 1 |1 2 1 1 5 6 1 1 1 1 1 1 1 1 1 1 3 4 4 1 |1 1 2 1 1 1 1 1 1 1 1 1 1 |1 1 1 1 1 1 1 1 1 1 1 2 1 1 1 1 1 1 1 1 |1 1 1 1 1 5 |5 1 1 1 2 1 4 1 2 1 1 1 |
PSO算法运行求解巡逻调度问题耗时：0小时，11分钟，33秒
===============第1个全局最优解================
最佳代数：
2116
最佳分配：
1 1 1 1 1 1 1 1 1 1 1 1 1 1 1 2 1 1 |1 2 1 3 1 4 1 5 1 1 1 |1 3 1 1 1 1 1 3 4 1 4 2 |1 1 1 1 6 1 5 1 1 5 3 3 2 3 1 1 |1 1 1 1 1 1 1 1 1 1 |4 1 1 1 1 1 3 1 1 1 1 2 1 6 1 5 1 |1 2 1 1 1 5 1 1 5 3 1 1 4 1 1 1 1 1 |1 1 1 1 1 1 1 |1 1 1 1 1 1 1 1 2 1 5 1 1 1 1 1 3 1 |1 3 1 1 1 1 1 1 1 2 1 1 1 1 1 1 1 1 1 |1 1 1 1 1 1 |1 1 1 4 1 1 1 1 1 1 |1 1 1 1 1 5 1 1 1 1 5 1 1 4 1 1 6 1 1 |1 1 1 6 1 3 1 1 2 |1 1 1 1 5 1 |1 1 2 1 1 1 1 1 1 1 1 1 1 1 1 1 1 |6 1 1 1 1 1 2 1 1 1 3 1 1 1 |1 1 1 4 1 3 1 1 |2 1 1 6 1 1 1 |2 1 1 1 1 1 1 1 1 1 1 3 1 1 1 2 |1 1 1 1 1 1 1 1 1 1 1 1 1 1 1 |1 5 1 1 1 1 1 1 1 1 1 1 1 1 1 1 1 1 |1 1 1 2 5 1 1 1 1 1 1 6 1 1 4 1 |1 1 1 1 1 1 2 1 1 1 1 1 6 1 |4 2 1 1 1 1 1 2 1 |1 1 2 1 3 4 1 1 4 1 1 1 1 1 1 2 1 2 3 1 |1 3 1 5 3 1 1 1 1 1 1 2 1 |5 1 1 1 1 1 1 1 2 1 1 2 1 3 1 1 1 1 1 1 |1 1 1 1 1 2 |2 1 1 1 1 1 3 2 1 1 1 1 |
最佳适应度：
101.02076099441886

最大适应度：101.02076099441886
最小适应度：101.02076099441886
平均适应度：101.02076099441886
估计标准差值：NaN
最佳分配：
1 1 1 1 1 1 1 1 1 1 1 1 1 1 1 2 1 1 |1 2 1 3 1 4 1 5 1 1 1 |1 3 1 1 1 1 1 3 4 1 4 2 |1 1 1 1 6 1 5 1 1 5 3 3 2 3 1 1 |1 1 1 1 1 1 1 1 1 1 |4 1 1 1 1 1 3 1 1 1 1 2 1 6 1 5 1 |1 2 1 1 1 5 1 1 5 3 1 1 4 1 1 1 1 1 |1 1 1 1 1 1 1 |1 1 1 1 1 1 1 1 2 1 5 1 1 1 1 1 3 1 |1 3 1 1 1 1 1 1 1 2 1 1 1 1 1 1 1 1 1 |1 1 1 1 1 1 |1 1 1 4 1 1 1 1 1 1 |1 1 1 1 1 5 1 1 1 1 5 1 1 4 1 1 6 1 1 |1 1 1 6 1 3 1 1 2 |1 1 1 1 5 1 |1 1 2 1 1 1 1 1 1 1 1 1 1 1 1 1 1 |6 1 1 1 1 1 2 1 1 1 3 1 1 1 |1 1 1 4 1 3 1 1 |2 1 1 6 1 1 1 |2 1 1 1 1 1 1 1 1 1 1 3 1 1 1 2 |1 1 1 1 1 1 1 1 1 1 1 1 1 1 1 |1 5 1 1 1 1 1 1 1 1 1 1 1 1 1 1 1 1 |1 1 1 2 5 1 1 1 1 1 1 6 1 1 4 1 |1 1 1 1 1 1 2 1 1 1 1 1 6 1 |4 2 1 1 1 1 1 2 1 |1 1 2 1 3 4 1 1 4 1 1 1 1 1 1 2 1 2 3 1 |1 3 1 5 3 1 1 1 1 1 1 2 1 |5 1 1 1 1 1 1 1 2 1 1 2 1 3 1 1 1 1 1 1 |1 1 1 1 1 2 |2 1 1 1 1 1 3 2 1 1 1 1 |
PSO算法运行求解巡逻调度问题耗时：0小时，2分钟，54秒
===============第1个全局最优解================
最佳代数：
5530
最佳分配：
1 1 1 1 1 3 1 1 1 1 1 1 1 2 1 5 4 1 |1 1 1 1 1 1 1 5 1 1 1 |1 3 1 1 1 3 1 6 1 1 1 1 |1 1 2 1 1 1 3 1 3 1 6 1 1 1 1 1 |1 1 1 1 1 1 1 1 1 1 |1 1 2 1 1 6 1 1 1 1 1 1 1 1 1 1 1 |1 1 1 1 1 3 1 1 2 2 1 1 1 1 1 1 1 1 |1 1 1 1 1 1 4 |3 1 2 1 4 1 1 1 1 1 2 2 1 1 1 2 3 1 |1 1 1 1 1 1 1 1 1 1 1 1 1 1 2 1 1 1 1 |1 1 1 2 1 3 |1 1 1 1 1 3 1 1 1 1 |2 1 2 3 1 4 1 1 1 2 5 1 1 1 1 1 2 1 1 |1 1 4 5 1 1 1 4 1 |3 1 2 1 2 1 |2 1 4 1 1 2 1 1 1 1 1 1 1 1 1 2 2 |5 1 1 4 1 1 2 1 1 1 1 1 2 1 |1 1 1 1 1 2 1 4 |2 1 1 6 1 1 1 |1 2 1 1 1 2 1 1 1 1 1 1 1 2 1 1 |1 1 1 1 1 1 1 1 1 2 1 1 1 1 1 |1 6 1 1 1 2 1 1 2 1 3 1 1 3 1 1 5 1 |1 4 1 1 1 2 1 1 1 1 1 3 1 1 1 1 |1 1 1 1 1 1 1 1 1 1 1 3 4 2 |4 1 1 1 1 1 1 4 3 |1 1 1 1 4 6 1 1 4 1 1 1 1 1 1 1 1 4 4 1 |1 2 1 4 2 1 1 1 4 1 1 1 2 |6 1 1 1 1 5 1 1 1 1 1 2 1 1 1 1 1 1 1 1 |1 1 1 1 1 3 |4 1 1 1 1 1 4 1 1 1 1 1 |
最佳适应度：
100.30583096569949

最大适应度：100.30583096569949
最小适应度：100.30583096569949
平均适应度：100.30583096569949
估计标准差值：NaN
最佳分配：
1 1 1 1 1 3 1 1 1 1 1 1 1 2 1 5 4 1 |1 1 1 1 1 1 1 5 1 1 1 |1 3 1 1 1 3 1 6 1 1 1 1 |1 1 2 1 1 1 3 1 3 1 6 1 1 1 1 1 |1 1 1 1 1 1 1 1 1 1 |1 1 2 1 1 6 1 1 1 1 1 1 1 1 1 1 1 |1 1 1 1 1 3 1 1 2 2 1 1 1 1 1 1 1 1 |1 1 1 1 1 1 4 |3 1 2 1 4 1 1 1 1 1 2 2 1 1 1 2 3 1 |1 1 1 1 1 1 1 1 1 1 1 1 1 1 2 1 1 1 1 |1 1 1 2 1 3 |1 1 1 1 1 3 1 1 1 1 |2 1 2 3 1 4 1 1 1 2 5 1 1 1 1 1 2 1 1 |1 1 4 5 1 1 1 4 1 |3 1 2 1 2 1 |2 1 4 1 1 2 1 1 1 1 1 1 1 1 1 2 2 |5 1 1 4 1 1 2 1 1 1 1 1 2 1 |1 1 1 1 1 2 1 4 |2 1 1 6 1 1 1 |1 2 1 1 1 2 1 1 1 1 1 1 1 2 1 1 |1 1 1 1 1 1 1 1 1 2 1 1 1 1 1 |1 6 1 1 1 2 1 1 2 1 3 1 1 3 1 1 5 1 |1 4 1 1 1 2 1 1 1 1 1 3 1 1 1 1 |1 1 1 1 1 1 1 1 1 1 1 3 4 2 |4 1 1 1 1 1 1 4 3 |1 1 1 1 4 6 1 1 4 1 1 1 1 1 1 1 1 4 4 1 |1 2 1 4 2 1 1 1 4 1 1 1 2 |6 1 1 1 1 5 1 1 1 1 1 2 1 1 1 1 1 1 1 1 |1 1 1 1 1 3 |4 1 1 1 1 1 4 1 1 1 1 1 |
PSO算法运行求解巡逻调度问题耗时：0小时，4分钟，0秒
