===============第1个全局最优解================
最佳代数：
9981
最佳分配：
2 2 1 1 1 1 1 3 1 1 1 1 1 5 1 3 1 1 |1 1 1 6 2 1 1 5 1 1 1 |1 1 2 1 1 2 1 4 1 1 1 1 |1 1 1 2 2 1 5 1 1 3 4 3 2 2 1 1 |1 1 2 1 1 1 2 1 2 1 |3 1 1 1 1 1 1 1 1 1 1 1 1 1 1 4 1 |1 1 1 1 2 3 1 1 1 1 1 1 4 1 1 1 6 1 |1 1 3 1 1 1 1 |1 1 1 1 1 2 1 1 1 1 5 1 1 1 1 1 1 1 |1 1 1 2 1 1 2 1 1 2 1 1 1 1 1 1 1 1 1 |1 1 1 1 1 1 |1 2 1 1 1 1 1 1 1 1 |1 1 3 1 2 3 1 1 1 1 2 1 1 1 1 1 1 1 1 |1 1 1 5 1 1 1 3 1 |4 2 1 1 6 1 |1 1 3 1 1 1 1 1 1 1 1 1 1 1 1 1 1 |6 1 1 1 1 1 6 1 1 1 3 1 1 1 |1 2 1 1 1 1 1 2 |2 4 1 3 1 1 1 |2 1 1 1 1 2 1 1 1 1 1 1 1 1 1 1 |1 1 1 1 1 1 1 1 2 2 1 1 1 1 1 |1 5 1 1 1 4 1 1 1 1 5 1 1 4 1 2 1 1 |1 1 1 1 3 1 1 1 5 2 1 2 1 1 4 1 |1 1 1 1 1 1 1 1 1 3 1 1 5 1 |5 1 1 1 1 1 1 1 1 |1 1 1 1 5 5 1 1 2 1 2 1 2 1 1 1 1 4 4 1 |1 1 1 1 1 2 1 1 3 1 1 3 1 |3 1 2 1 1 4 1 1 1 3 1 1 3 1 4 1 1 1 1 1 |1 1 1 1 1 6 |3 1 2 1 1 1 4 1 1 1 1 1 |
最佳适应度：
102.22876185857271

===============第2个全局最优解================
最佳代数：
9103
最佳分配：
1 1 1 1 1 1 1 1 1 1 1 1 1 2 1 6 1 2 |1 1 1 3 1 2 1 3 1 1 1 |1 1 1 1 1 1 1 5 2 1 1 1 |1 1 2 1 1 1 4 1 1 1 3 2 1 1 1 1 |3 2 1 1 1 1 1 1 5 1 |4 2 1 1 1 1 1 2 3 1 1 3 1 1 1 5 1 |1 1 2 1 1 4 1 1 2 1 1 1 6 1 1 1 2 1 |1 1 1 1 1 1 1 |1 1 1 1 1 3 1 1 1 1 1 1 1 1 2 2 4 1 |1 1 1 2 1 1 1 2 1 2 1 1 2 1 1 1 1 1 1 |4 1 1 1 2 1 |1 1 1 1 1 1 1 1 1 1 |1 1 1 3 1 1 1 1 2 1 4 1 1 5 1 1 3 1 1 |2 1 4 5 1 1 1 6 5 |6 1 1 1 6 1 |1 1 1 1 2 1 1 1 1 1 1 1 1 1 1 1 1 |2 1 1 1 1 1 1 1 2 2 1 1 1 2 |1 1 1 1 1 1 1 1 |1 1 1 5 1 1 1 |1 1 3 1 1 1 2 1 1 1 1 1 1 1 2 1 |1 1 1 2 1 2 1 1 1 1 1 2 1 1 2 |1 6 1 1 1 4 1 1 1 1 1 1 1 1 1 1 2 6 |3 1 1 1 2 1 1 1 4 1 1 1 1 1 1 1 |1 1 1 1 1 1 1 1 1 2 1 1 3 1 |5 1 1 1 2 1 1 1 1 |1 1 1 1 4 4 1 1 4 1 1 1 1 1 1 1 1 1 6 1 |5 3 1 1 1 1 3 2 1 1 1 3 1 |5 1 1 1 1 3 1 1 1 1 3 1 4 1 1 1 1 1 1 1 |1 1 1 1 1 4 |3 1 1 1 1 1 5 1 1 1 1 1 |
最佳适应度：
101.26821405915379

===============第3个全局最优解================
最佳代数：
8295
最佳分配：
1 1 1 1 1 1 1 1 1 1 1 1 1 5 1 5 6 1 |1 2 1 5 1 1 1 4 2 1 1 |5 1 1 1 3 3 1 4 1 1 2 1 |1 1 1 1 3 2 3 2 1 1 6 4 1 1 1 1 |3 1 1 2 1 1 1 1 2 1 |1 1 1 1 2 1 2 1 1 1 1 1 1 1 3 4 1 |1 1 2 3 1 6 1 2 1 4 2 1 2 1 1 2 2 1 |1 1 3 1 1 1 1 |1 1 1 1 1 4 1 3 1 1 5 1 1 1 1 1 1 1 |1 1 1 1 1 1 1 1 1 1 1 1 1 1 1 1 1 1 1 |3 1 1 1 1 3 |1 1 1 1 1 1 1 2 1 1 |1 1 1 3 1 2 4 1 1 1 3 1 1 2 1 1 3 3 1 |1 2 4 5 1 1 1 6 1 |3 1 1 1 3 1 |3 1 6 1 1 1 1 1 1 1 1 1 1 1 1 1 1 |4 1 1 1 1 1 3 2 1 1 1 1 1 1 |1 1 1 1 1 1 1 2 |1 1 2 3 1 1 1 |2 1 2 1 1 1 1 1 1 2 1 1 1 1 2 1 |1 1 1 1 1 1 1 1 1 1 1 1 1 1 1 |1 4 1 1 1 1 1 1 1 1 1 1 1 1 2 1 1 3 |1 1 1 1 1 1 1 1 1 1 1 2 1 1 1 1 |2 1 1 1 1 3 1 1 1 1 1 4 1 1 |5 1 1 1 1 2 1 1 1 |1 1 1 1 6 4 2 1 3 1 2 1 1 1 2 2 1 2 5 1 |1 1 1 1 2 1 1 3 2 1 1 1 1 |1 1 1 1 1 1 1 1 1 1 1 1 1 1 1 1 1 1 1 1 |2 1 1 1 1 6 |5 1 1 1 1 2 5 2 1 1 1 1 |
最佳适应度：
102.10629468293317

===============第4个全局最优解================
最佳代数：
9719
最佳分配：
1 1 1 2 1 1 1 1 1 1 1 1 1 6 1 5 4 1 |1 1 1 5 1 5 1 5 1 1 1 |1 1 1 1 1 4 1 4 1 1 1 1 |1 1 1 2 5 1 2 2 1 1 4 1 1 1 1 1 |1 1 1 1 1 1 1 1 2 1 |3 1 2 1 1 2 1 1 1 1 1 1 1 4 1 4 3 |1 1 3 1 1 4 3 1 2 1 1 1 1 1 2 2 1 1 |1 1 1 2 1 1 4 |1 1 1 1 1 2 1 1 1 1 3 3 1 1 1 1 1 2 |1 1 1 1 1 1 1 1 1 2 1 1 1 1 1 1 1 1 1 |1 1 1 1 1 1 |1 1 1 1 1 1 1 1 1 1 |1 1 1 2 1 4 1 1 1 4 5 1 1 5 2 1 3 3 1 |1 1 1 6 1 2 1 6 3 |1 1 1 1 4 1 |1 2 1 2 1 1 1 1 1 1 2 1 1 1 1 1 1 |5 1 2 1 1 1 1 1 1 1 1 1 1 1 |1 2 1 1 1 1 1 1 |2 1 1 2 1 1 1 |4 1 1 1 2 1 1 1 2 1 1 1 1 1 1 1 |1 1 1 1 1 1 1 1 1 1 1 1 1 1 1 |1 4 1 1 1 1 1 2 2 1 1 2 1 4 1 1 1 1 |1 1 3 1 3 1 2 1 1 1 1 2 1 1 1 4 |1 2 1 3 1 1 1 1 2 1 1 4 4 1 |4 1 1 2 1 1 1 1 1 |1 1 1 1 4 6 1 1 3 1 1 1 2 1 1 1 1 1 4 2 |1 1 1 3 1 1 1 1 1 1 1 1 1 |1 1 1 1 1 4 1 1 1 1 1 3 5 1 1 1 3 1 1 1 |1 1 1 2 1 5 |1 2 1 2 1 1 3 2 1 1 2 2 |
最佳适应度：
102.5891132594767

===============第5个全局最优解================
最佳代数：
8933
最佳分配：
1 1 1 2 1 1 1 1 1 1 1 1 1 5 1 5 1 1 |1 1 1 3 1 4 1 5 1 4 1 |1 1 2 1 1 1 3 3 2 1 1 1 |1 1 1 1 4 2 5 1 1 1 3 5 1 1 1 2 |1 1 1 4 1 1 1 1 3 1 |5 1 1 1 2 1 1 1 1 1 1 1 1 2 1 4 1 |1 1 1 1 1 4 1 3 1 1 1 1 2 1 1 1 1 1 |1 1 1 1 1 1 3 |2 2 1 5 1 3 1 1 2 1 3 1 1 2 1 1 1 1 |1 1 1 1 1 1 3 1 1 1 1 1 1 1 1 3 1 1 1 |1 1 1 1 1 1 |1 1 1 1 1 1 1 1 1 4 |1 4 1 4 1 4 1 2 1 1 5 1 2 1 1 1 4 4 1 |1 1 5 6 1 1 1 5 1 |1 1 1 1 1 1 |1 3 2 1 1 1 1 1 2 1 3 2 1 1 1 1 1 |5 1 2 1 1 1 1 1 1 1 1 2 1 1 |2 1 1 2 1 1 1 1 |1 2 1 1 1 1 1 |1 1 1 1 1 1 1 1 1 1 1 1 1 1 1 1 |4 1 1 1 2 1 1 1 1 1 1 1 2 1 1 |1 6 2 1 2 2 1 1 1 1 1 1 1 3 1 1 1 3 |1 1 2 1 1 1 1 1 5 1 1 2 1 1 1 2 |1 1 1 2 1 1 1 1 1 1 1 1 3 1 |5 1 1 1 1 1 1 1 1 |1 4 1 1 3 5 1 1 4 1 2 1 1 1 1 2 1 1 4 1 |1 1 1 1 1 1 1 2 1 1 2 1 1 |4 1 1 1 1 3 1 1 1 3 1 1 2 1 1 1 1 1 1 1 |1 1 1 1 1 5 |1 1 1 1 1 1 5 1 1 1 1 1 |
最佳适应度：
101.63816408101889

===============第6个全局最优解================
最佳代数：
6761
最佳分配：
1 1 1 1 4 1 1 1 1 1 1 1 1 3 1 5 5 2 |1 1 1 5 2 2 1 4 1 1 1 |1 2 1 1 1 1 1 5 1 1 1 1 |2 1 1 1 5 1 1 1 1 1 3 3 1 1 1 1 |1 1 1 1 1 1 1 1 3 1 |1 1 1 1 1 1 1 2 2 2 2 1 1 1 2 5 1 |1 1 1 1 1 6 1 1 1 1 1 1 5 1 1 1 1 2 |1 1 1 1 1 1 1 |1 1 1 1 1 4 3 2 1 1 5 1 1 1 1 1 2 1 |1 1 1 1 1 1 2 1 1 1 1 2 1 2 2 1 1 1 1 |1 1 1 1 1 4 |1 1 1 1 1 1 1 1 1 2 |1 1 1 5 2 1 1 1 1 1 6 1 1 1 1 1 1 1 1 |1 1 5 5 1 5 1 3 5 |1 1 1 1 3 1 |1 2 5 1 1 1 1 1 1 1 2 1 1 1 1 1 1 |4 1 1 1 1 1 1 1 1 1 2 1 2 1 |2 1 1 1 1 1 1 1 |1 1 1 5 1 1 1 |1 1 3 1 1 1 1 2 1 1 1 1 1 1 1 1 |1 1 1 1 1 1 1 1 2 1 1 1 1 1 1 |2 4 1 1 2 1 1 1 1 1 1 2 1 4 1 1 1 1 |2 1 1 1 1 1 1 1 1 1 1 6 1 1 1 4 |1 1 1 1 1 1 2 2 1 1 1 3 3 1 |4 1 1 1 1 1 1 1 2 |3 1 1 1 1 5 1 1 1 1 1 1 1 1 1 1 1 4 4 3 |1 1 1 1 1 2 1 1 1 1 1 1 1 |4 3 1 2 1 4 1 1 2 2 1 1 3 1 1 1 1 1 1 1 |2 1 1 1 1 4 |6 1 1 1 1 2 5 1 1 3 1 1 |
最佳适应度：
101.0734861284914

===============第7个全局最优解================
最佳代数：
5435
最佳分配：
1 1 1 1 1 1 1 1 1 1 1 1 1 5 1 5 5 1 |1 1 1 5 1 2 1 2 1 1 1 |1 1 1 1 1 1 1 4 1 1 1 2 |1 1 1 1 5 1 3 1 1 1 6 4 1 1 1 1 |1 1 2 1 1 1 1 1 4 1 |2 1 1 1 1 1 1 1 1 1 1 1 1 1 1 6 1 |1 1 1 1 1 2 1 1 3 5 3 1 1 1 1 1 1 1 |2 1 2 1 1 1 1 |1 1 1 1 3 2 1 1 1 1 4 1 1 1 1 1 1 2 |1 1 1 1 1 1 2 1 1 1 5 1 1 1 1 1 1 1 1 |1 1 1 1 1 3 |1 1 1 1 1 1 1 1 1 2 |1 1 1 3 1 5 1 1 1 1 3 3 1 5 1 1 1 2 1 |1 1 1 6 1 3 2 5 2 |1 1 1 1 5 1 |1 1 1 1 2 3 1 1 1 1 1 1 1 1 1 2 1 |3 1 1 1 1 1 3 1 2 1 1 1 1 1 |1 1 1 2 1 1 1 1 |2 1 1 3 2 1 1 |2 1 6 1 1 3 1 1 1 1 1 2 1 1 1 1 |1 1 1 1 1 1 1 1 1 1 1 1 1 1 1 |1 1 1 1 1 3 1 1 1 1 3 1 1 3 1 1 1 5 |1 2 1 1 1 1 1 2 2 1 1 4 1 1 3 1 |3 1 1 3 2 1 1 2 1 1 1 1 1 1 |6 1 1 1 1 1 1 1 1 |1 1 1 1 5 5 1 1 1 1 1 1 2 1 2 1 3 2 1 2 |2 1 1 2 1 1 1 1 1 3 1 1 1 |2 1 2 1 1 1 2 1 1 1 1 4 4 1 1 1 2 2 1 1 |1 1 1 1 3 4 |3 1 2 1 1 1 4 1 3 2 1 1 |
最佳适应度：
100.76992564979743

===============第8个全局最优解================
最佳代数：
9866
最佳分配：
1 1 1 1 2 1 1 1 1 1 1 1 1 4 1 5 2 1 |1 1 1 5 1 3 1 1 1 6 1 |1 1 1 1 4 2 1 5 1 1 2 1 |1 1 1 1 3 1 5 1 1 1 5 1 1 1 1 1 |1 1 1 2 1 1 1 1 5 1 |5 1 1 2 1 1 1 1 1 1 1 1 1 1 1 3 1 |1 1 1 1 1 2 1 1 3 1 1 1 1 1 1 1 2 3 |1 2 1 1 2 1 1 |4 1 1 1 3 1 1 1 1 1 5 2 1 1 1 1 3 1 |1 1 3 1 1 1 4 1 1 1 2 1 1 1 1 1 1 3 1 |1 1 1 1 1 3 |1 1 2 1 1 1 1 1 1 2 |1 4 1 5 2 1 1 2 1 1 5 1 4 1 1 2 3 1 1 |1 1 4 3 1 4 1 5 2 |1 1 1 1 3 1 |1 2 2 1 1 1 1 1 1 1 6 1 1 1 1 1 1 |3 1 1 2 1 1 1 1 1 1 1 1 1 1 |1 1 1 2 1 1 1 1 |1 1 1 3 1 1 1 |2 1 3 1 1 2 1 1 1 1 1 1 1 1 1 1 |1 1 1 2 1 1 1 1 1 1 2 1 2 1 2 |2 3 1 1 1 1 1 1 1 1 5 1 1 4 1 1 1 4 |1 1 1 1 1 1 1 1 1 2 1 4 1 1 1 1 |2 1 1 4 1 1 1 1 1 1 1 1 1 1 |6 1 1 1 1 1 1 1 2 |1 1 2 1 4 4 1 1 1 1 1 1 1 1 1 1 1 1 5 2 |1 1 1 1 1 1 1 1 1 2 1 1 1 |4 1 1 1 1 2 1 1 2 1 1 1 4 1 1 1 2 1 1 1 |1 3 1 1 1 6 |2 1 1 1 1 1 5 1 1 1 1 1 |
最佳适应度：
101.15304603929167

===============第9个全局最优解================
最佳代数：
8897
最佳分配：
1 1 2 1 1 1 1 1 1 1 1 1 1 2 3 5 2 1 |3 1 1 5 1 2 1 5 1 2 2 |1 1 2 1 1 1 1 5 1 1 1 2 |1 1 1 1 4 2 3 1 1 1 5 2 2 1 1 1 |1 1 1 2 1 1 1 1 5 3 |3 1 1 1 1 1 1 1 1 1 1 1 1 2 1 4 1 |1 2 2 1 1 5 1 1 1 1 1 1 1 1 1 2 1 1 |1 1 1 1 1 1 1 |1 1 1 1 3 5 5 1 1 1 1 2 1 1 1 2 1 1 |2 1 1 1 1 1 1 3 1 1 1 1 1 1 1 1 1 2 1 |1 1 1 1 1 3 |1 1 1 1 1 2 1 1 1 1 |1 1 2 2 1 4 1 1 1 1 1 3 4 1 1 2 2 1 1 |1 1 6 5 1 1 1 6 1 |1 1 1 1 2 1 |1 1 1 1 1 2 1 3 1 1 5 1 1 1 2 1 1 |5 1 1 2 1 1 4 1 1 3 1 1 1 1 |1 1 1 1 1 1 1 1 |2 2 3 5 1 1 1 |1 1 3 1 1 1 1 1 1 1 3 4 1 2 1 1 |1 1 1 1 1 1 2 1 1 3 1 1 1 1 1 |1 5 1 1 1 1 1 1 1 1 2 1 2 2 2 1 1 1 |1 1 1 1 1 1 1 1 2 3 1 1 1 1 1 1 |1 1 1 1 2 1 1 1 1 1 1 1 1 1 |5 1 1 1 1 1 1 2 1 |1 1 1 1 6 5 1 1 2 1 1 1 1 1 1 1 1 3 4 1 |1 1 1 1 1 1 1 1 1 1 1 1 1 |1 1 3 1 2 1 2 1 1 1 1 3 4 1 2 1 1 1 1 1 |1 3 2 1 3 5 |3 1 1 1 1 1 3 1 1 1 1 2 |
最佳适应度：
101.3270758874163

===============第10个全局最优解================
最佳代数：
8332
最佳分配：
1 1 1 1 1 2 1 1 1 1 1 1 2 4 1 4 3 1 |1 1 4 3 1 1 1 5 1 3 1 |1 1 5 1 1 2 1 4 1 1 1 1 |1 1 1 2 5 1 2 1 1 5 5 1 1 1 1 2 |1 1 2 3 1 1 1 1 4 2 |5 1 1 1 1 2 2 1 1 1 1 1 1 1 1 4 1 |1 1 1 2 1 3 2 2 1 1 1 1 3 1 1 1 1 1 |1 1 1 1 2 1 6 |1 1 1 1 1 3 2 2 2 1 2 1 1 1 1 1 1 1 |1 1 1 1 1 1 1 1 1 1 1 1 1 1 1 1 1 1 1 |2 1 2 1 2 3 |1 1 1 1 1 1 1 1 1 1 |1 1 1 5 1 2 1 1 1 1 4 1 2 2 1 1 1 1 1 |1 1 4 5 1 1 1 4 3 |2 1 1 1 4 1 |1 1 1 1 1 1 1 2 2 1 4 1 1 2 1 1 1 |2 1 1 1 1 1 3 1 1 1 1 1 5 1 |1 1 1 2 1 1 1 1 |1 1 1 4 1 1 1 |1 1 1 1 1 1 2 2 1 1 1 1 1 1 1 1 |1 1 1 1 1 2 1 1 1 1 1 1 1 1 1 |1 4 1 1 1 2 3 1 1 1 1 1 1 1 1 1 1 1 |1 2 1 1 1 1 1 1 1 1 1 5 1 1 3 1 |1 1 1 1 1 1 1 1 1 1 1 1 4 1 |4 2 1 1 1 1 1 1 1 |1 1 1 1 5 6 1 1 4 1 1 1 1 1 1 1 1 2 6 1 |1 1 3 1 1 1 1 1 2 1 1 1 1 |4 1 1 1 1 5 1 1 1 2 1 2 4 2 1 2 1 1 1 1 |1 1 1 3 2 3 |3 1 1 1 1 1 6 1 2 1 1 2 |
最佳适应度：
102.53910769664938

===============第11个全局最优解================
最佳代数：
9759
最佳分配：
1 2 1 1 1 1 1 1 1 1 1 1 1 4 1 5 1 2 |1 1 1 6 1 1 1 3 1 2 1 |1 2 1 1 2 1 1 3 1 1 1 1 |1 1 1 1 4 1 1 1 1 4 5 3 1 1 1 1 |1 1 1 2 1 1 1 1 3 1 |3 1 1 1 1 1 1 1 4 1 1 1 1 2 1 4 1 |1 1 3 1 2 2 3 2 4 2 1 1 4 1 1 1 1 1 |1 1 1 1 1 1 1 |1 1 1 1 1 4 1 3 2 1 1 1 1 1 1 1 1 1 |2 1 1 1 2 1 2 1 1 2 1 2 1 1 1 1 1 1 2 |1 1 1 1 1 1 |1 1 2 1 1 2 1 1 1 2 |1 1 1 2 1 3 2 1 1 1 4 1 1 1 2 1 1 1 1 |1 1 3 5 1 1 1 4 3 |2 1 2 1 4 1 |1 1 5 1 1 1 1 2 1 2 1 1 1 1 1 1 1 |5 1 1 3 1 1 1 1 1 1 1 2 1 1 |1 1 1 1 2 1 3 2 |1 1 1 6 1 1 1 |1 1 1 1 1 1 1 1 1 1 1 1 1 2 1 1 |1 2 1 1 1 1 1 1 3 1 2 1 1 2 1 |1 4 1 1 1 1 1 1 1 1 3 1 1 2 5 1 1 4 |1 1 1 2 1 1 1 1 1 1 1 4 1 1 1 1 |1 1 1 1 1 2 1 2 1 1 1 1 6 1 |4 1 1 1 1 2 1 1 1 |1 2 1 1 4 3 1 2 4 1 3 1 1 1 1 2 1 1 5 1 |1 1 1 1 1 2 1 1 5 1 1 1 1 |4 1 3 1 1 5 1 1 1 1 1 1 3 1 1 1 1 1 1 1 |1 2 1 2 1 4 |3 1 1 1 1 1 6 1 1 1 1 1 |
最佳适应度：
101.61491492707414

===============第12个全局最优解================
最佳代数：
9841
最佳分配：
1 1 1 2 1 1 1 1 1 1 1 1 1 3 1 2 3 1 |1 1 1 6 1 1 1 4 2 1 1 |1 1 1 1 1 3 1 4 1 1 1 1 |1 1 1 1 2 1 1 2 1 4 4 1 1 1 2 1 |1 1 2 1 1 1 1 1 1 1 |4 1 1 1 1 4 1 2 1 1 1 1 2 5 1 6 1 |2 1 1 1 2 2 2 1 2 3 1 1 1 1 1 1 3 1 |2 2 2 1 1 1 4 |2 1 1 1 1 6 1 1 1 2 4 1 1 1 1 1 1 3 |1 1 1 1 2 1 1 1 1 1 1 1 1 1 2 2 1 1 1 |1 1 1 1 1 3 |3 1 1 1 1 2 2 1 1 1 |1 1 1 4 1 2 1 1 1 1 1 1 1 5 2 1 5 1 1 |1 1 1 6 1 1 1 4 2 |1 1 1 1 1 1 |1 1 5 1 1 1 1 1 1 1 1 1 1 1 1 1 1 |5 1 1 5 1 1 1 1 3 1 2 1 1 1 |1 1 1 1 1 1 1 1 |1 1 1 6 1 1 1 |1 1 5 1 1 1 1 2 3 2 2 1 1 1 1 1 |1 1 1 1 2 1 1 1 1 6 1 1 1 1 1 |1 6 1 1 1 1 1 1 5 1 1 1 1 5 1 1 1 1 |1 1 1 1 1 1 1 1 1 1 1 5 1 1 1 1 |1 1 1 4 1 1 1 1 1 1 1 1 1 1 |6 1 1 1 1 1 2 1 1 |1 1 1 1 6 3 2 1 4 1 1 1 1 1 1 1 1 1 4 1 |1 1 1 1 1 1 1 1 1 1 2 1 1 |2 1 2 1 1 1 1 1 1 1 1 1 3 1 2 3 1 1 1 1 |1 1 1 1 1 5 |2 1 1 3 1 1 5 1 1 1 1 1 |
最佳适应度：
102.61063092905333

===============第13个全局最优解================
最佳代数：
8025
最佳分配：
1 1 1 1 1 1 1 1 1 1 1 1 1 6 1 5 1 1 |1 2 1 5 3 1 1 2 1 1 1 |1 1 1 1 1 1 1 4 1 1 1 1 |2 1 1 1 3 1 5 1 1 1 2 3 1 3 1 1 |1 1 1 1 1 1 1 1 6 1 |3 1 1 1 1 1 1 1 1 1 1 1 1 4 1 3 1 |1 1 1 4 1 4 1 5 1 1 1 1 1 1 1 1 1 3 |1 1 1 1 1 1 4 |1 1 1 1 1 1 1 1 1 2 5 1 1 1 1 1 3 1 |1 1 1 3 2 1 5 1 1 4 1 1 1 2 1 1 1 2 1 |2 1 1 1 1 1 |1 1 1 1 1 1 1 1 1 1 |3 4 1 4 2 1 1 1 1 1 1 1 1 4 1 1 1 1 1 |2 1 4 5 1 5 1 6 1 |1 1 1 1 1 1 |1 1 4 1 1 2 1 1 2 1 1 1 1 1 1 1 1 |6 1 1 1 1 1 1 1 1 1 2 5 1 1 |1 2 2 1 1 1 1 1 |1 1 1 6 1 1 1 |1 1 2 1 1 1 1 1 2 1 1 3 1 1 1 1 |1 1 1 1 1 1 1 1 2 1 1 1 1 1 1 |1 4 1 2 1 1 1 1 1 2 1 1 1 1 1 2 2 6 |1 2 1 1 1 1 1 1 2 1 1 1 1 1 1 1 |1 1 3 3 1 1 2 1 2 2 1 1 1 1 |5 1 1 1 1 1 1 1 1 |1 1 1 1 5 6 1 2 1 1 1 1 1 1 1 1 3 1 4 1 |1 1 1 2 1 1 1 1 1 2 1 1 1 |5 1 1 1 1 2 1 1 1 1 1 1 5 1 2 1 1 1 1 2 |1 1 1 1 1 3 |4 1 1 1 1 1 5 3 1 1 1 1 |
最佳适应度：
101.5151589358969

===============第14个全局最优解================
最佳代数：
7896
最佳分配：
1 2 1 1 1 1 3 2 1 2 1 1 1 2 1 5 3 1 |2 2 1 6 1 2 1 5 1 2 1 |1 1 1 1 1 5 1 4 1 3 1 1 |2 1 1 1 5 1 1 1 1 5 5 3 1 1 1 1 |1 1 1 2 1 1 2 1 1 1 |1 4 1 1 1 1 1 1 1 1 1 1 1 4 2 3 1 |1 1 1 1 1 1 2 4 1 1 1 1 1 1 1 1 1 2 |1 1 2 1 1 1 2 |1 1 1 1 1 4 1 1 1 1 1 1 1 1 1 1 1 1 |1 1 1 1 1 1 5 1 1 2 1 1 1 1 1 1 1 1 1 |1 1 1 2 1 1 |1 1 1 1 1 1 1 3 2 1 |1 1 1 4 1 4 1 2 1 1 4 1 3 2 1 1 1 1 2 |2 1 5 5 1 5 1 5 1 |1 1 1 1 4 1 |1 1 2 1 1 4 1 1 1 1 1 1 1 1 1 1 1 |5 1 1 1 1 1 1 1 1 2 2 1 1 1 |1 1 2 1 1 1 1 1 |6 2 1 6 1 2 1 |3 1 3 1 1 1 1 1 1 1 1 1 1 1 1 1 |1 2 1 1 1 1 1 1 1 2 1 1 1 1 1 |1 4 1 1 1 1 2 1 2 1 1 1 1 1 1 1 1 1 |1 1 2 1 4 1 1 1 2 3 1 4 1 1 1 1 |1 2 1 1 1 2 1 1 1 1 1 1 1 1 |6 1 1 1 1 3 2 4 1 |1 1 1 1 3 6 1 1 5 1 1 1 1 1 1 1 1 1 5 1 |1 1 1 1 1 1 1 1 1 1 2 1 1 |1 1 1 1 1 1 1 1 1 1 1 1 1 1 1 1 1 1 1 2 |1 1 1 2 3 3 |1 1 1 2 1 1 6 1 1 1 2 1 |
最佳适应度：
101.50083408323873

===============第15个全局最优解================
最佳代数：
7399
最佳分配：
1 1 1 1 1 1 1 1 1 1 1 2 1 3 1 4 1 1 |1 1 1 5 4 4 1 6 1 1 1 |1 1 1 1 1 6 1 5 1 1 1 1 |1 1 1 3 2 1 5 1 2 3 4 1 1 1 2 1 |1 1 3 2 1 1 1 2 1 1 |5 1 1 1 1 1 1 1 1 1 1 1 1 1 1 5 1 |1 1 1 1 1 1 1 1 1 1 1 1 1 2 2 1 1 1 |2 1 1 1 1 1 2 |2 1 1 1 2 3 1 1 1 1 1 1 1 1 1 1 1 1 |1 1 1 1 1 2 1 2 1 1 4 1 1 1 2 1 1 3 1 |1 1 1 1 1 1 |1 1 1 1 1 1 1 1 2 3 |2 2 1 5 1 1 1 1 1 2 4 1 1 1 1 1 3 1 1 |2 1 5 6 1 1 1 4 3 |1 2 1 4 1 1 |1 1 3 1 1 1 1 1 1 1 6 3 1 1 1 1 1 |5 1 1 1 1 1 1 1 1 2 1 1 1 1 |1 1 1 3 1 3 1 1 |1 2 1 4 1 1 1 |1 1 2 1 2 1 1 1 1 2 1 2 1 1 1 2 |1 1 1 1 1 1 1 1 1 3 1 1 1 1 3 |1 4 1 1 1 1 1 2 1 1 1 1 1 1 1 1 1 2 |1 1 1 1 3 1 1 1 1 1 1 2 1 1 1 2 |1 1 1 1 1 1 1 1 1 1 1 1 4 1 |5 1 1 1 2 1 1 1 1 |1 1 1 2 5 4 1 1 4 1 1 2 1 1 1 1 2 3 1 1 |1 2 1 1 1 1 1 1 2 3 1 1 1 |1 1 2 1 1 5 1 1 1 4 1 2 3 1 1 1 1 1 2 2 |1 2 1 1 1 5 |4 1 1 1 1 1 5 1 2 1 1 1 |
最佳适应度：
100.58213778431153

===============第16个全局最优解================
最佳代数：
9517
最佳分配：
3 1 1 1 1 1 1 1 1 1 1 3 1 6 1 5 2 1 |1 2 1 5 1 2 1 3 2 2 1 |1 1 2 1 1 1 1 4 1 5 1 1 |1 1 1 2 6 1 2 1 1 5 5 1 1 1 1 1 |1 2 3 1 2 1 2 1 1 1 |4 1 1 1 1 1 1 1 1 1 1 1 1 5 1 5 3 |1 1 1 2 1 1 1 1 2 1 1 1 1 1 1 1 1 1 |2 1 1 1 1 1 6 |1 1 1 1 1 2 1 1 1 1 3 1 1 1 1 1 1 1 |3 1 2 1 1 1 1 1 4 1 1 1 1 1 1 1 1 2 1 |1 1 1 1 3 1 |1 1 1 4 1 1 1 1 1 1 |1 3 2 4 2 3 1 1 1 1 1 1 1 6 1 1 3 1 1 |1 1 1 5 1 1 2 2 3 |2 1 1 1 2 1 |1 2 1 1 2 2 1 1 1 2 2 1 1 2 1 1 1 |5 1 1 3 1 1 2 1 1 1 1 1 2 1 |1 1 2 1 1 1 1 1 |4 1 1 2 1 1 1 |1 1 1 1 1 1 1 1 1 1 1 1 1 2 2 1 |1 1 1 1 2 1 1 1 1 3 2 2 1 1 1 |1 5 1 1 1 1 1 1 1 1 1 2 1 4 1 1 1 1 |1 1 1 1 1 1 1 1 1 1 1 2 1 1 1 1 |1 1 1 1 1 1 1 1 1 4 1 1 2 1 |6 1 1 1 1 2 1 1 1 |1 2 1 1 5 5 1 1 5 1 1 1 1 1 1 1 1 1 1 1 |1 1 1 1 2 1 1 1 1 2 1 1 1 |1 1 1 1 1 4 1 1 1 1 1 1 6 1 1 1 1 1 1 1 |1 1 1 1 5 5 |5 1 1 1 1 1 6 1 1 1 1 1 |
最佳适应度：
99.87913266969883

===============第17个全局最优解================
最佳代数：
9518
最佳分配：
1 2 1 1 1 3 1 1 2 2 1 1 1 2 1 4 4 2 |1 1 1 3 1 1 1 4 1 1 1 |1 3 1 1 1 3 1 5 1 1 2 1 |1 1 1 1 1 1 5 1 1 2 6 2 1 1 1 1 |1 1 2 2 1 1 1 1 3 1 |3 1 1 1 1 1 1 1 1 1 1 1 1 5 1 6 2 |1 1 1 1 1 4 1 1 2 6 1 1 1 1 1 1 1 1 |1 1 2 1 1 1 1 |1 1 2 1 4 2 1 1 1 1 4 1 1 1 1 1 2 1 |1 1 1 1 1 1 4 4 1 2 2 1 1 1 1 1 1 1 1 |1 1 1 1 1 3 |1 1 1 1 1 1 1 1 1 1 |1 1 1 5 1 1 1 1 1 1 3 1 3 1 1 2 5 1 1 |1 1 1 6 1 2 1 4 1 |1 1 2 1 1 1 |1 1 2 1 1 1 1 1 1 1 2 1 1 1 1 1 1 |5 1 1 1 1 1 1 1 1 1 1 1 1 1 |1 1 1 1 1 1 1 1 |1 1 1 5 1 1 3 |4 2 1 2 1 1 1 1 1 1 1 1 1 1 3 1 |1 1 1 1 2 1 1 1 1 2 4 2 1 1 1 |1 6 1 1 1 1 1 1 1 1 1 1 1 1 1 1 1 5 |2 1 1 2 1 1 1 2 2 1 1 3 1 1 1 1 |1 1 1 3 2 2 1 1 1 1 1 1 4 1 |6 1 1 1 1 1 1 4 1 |1 2 1 2 4 3 1 1 1 1 1 1 1 1 1 1 1 1 2 2 |1 1 2 1 1 1 1 1 2 1 1 2 1 |2 1 2 2 1 3 1 1 4 3 1 4 2 1 1 1 1 1 1 2 |1 1 1 1 1 6 |5 1 1 1 1 1 2 1 1 1 1 2 |
最佳适应度：
102.03535886157349

===============第18个全局最优解================
最佳代数：
8084
最佳分配：
1 1 1 1 1 1 1 1 1 1 1 1 1 4 1 3 4 1 |1 1 1 4 2 4 1 6 1 1 1 |1 1 1 1 1 2 1 5 1 1 1 1 |1 2 1 1 5 1 1 1 5 1 6 1 1 1 1 1 |1 1 1 1 1 1 1 1 1 1 |1 1 1 1 1 1 1 1 1 1 2 1 1 3 1 5 1 |1 1 2 1 1 5 1 1 4 1 1 1 5 1 2 1 4 1 |1 2 1 1 1 1 2 |1 1 1 1 1 1 1 1 1 3 4 1 5 1 1 1 2 1 |1 1 2 1 1 1 1 2 1 1 1 1 1 1 1 1 1 1 1 |1 1 1 1 1 3 |1 1 1 1 1 1 1 3 1 1 |1 1 1 3 1 1 3 1 1 1 5 1 1 1 1 1 4 1 1 |1 1 1 5 1 5 1 6 2 |1 1 1 1 3 1 |3 1 5 1 1 1 4 1 3 1 3 1 1 1 1 1 1 |5 1 1 1 1 1 1 1 1 1 3 1 1 1 |1 1 1 1 1 1 1 1 |1 1 1 5 1 1 1 |1 1 1 1 1 1 1 1 1 1 1 2 1 1 1 1 |2 1 1 1 1 1 1 1 1 1 1 1 4 1 1 |1 6 1 1 1 1 1 1 5 1 2 1 1 1 2 1 1 5 |1 1 2 1 3 1 1 2 1 1 1 4 1 1 1 3 |1 1 1 1 1 1 1 1 1 1 1 1 2 1 |6 1 1 1 1 1 1 3 1 |1 1 1 1 3 2 1 1 4 1 1 1 1 1 2 1 1 1 1 1 |1 1 1 1 1 1 1 4 1 1 1 1 1 |3 1 1 1 1 1 1 1 1 1 1 1 2 1 1 4 1 1 1 1 |1 1 2 1 1 5 |5 1 1 2 2 1 5 1 1 1 1 2 |
最佳适应度：
102.64675133461967

===============第19个全局最优解================
最佳代数：
5631
最佳分配：
1 1 1 1 1 1 1 1 1 2 1 1 1 2 1 6 1 1 |1 1 2 5 1 6 1 3 1 1 1 |1 1 1 2 1 2 2 4 1 1 1 1 |2 2 1 1 5 1 1 1 1 3 4 5 1 1 2 5 |2 1 1 1 1 1 1 1 1 1 |4 1 1 1 1 1 1 1 1 1 2 1 1 3 1 2 1 |1 1 1 1 2 2 1 1 1 1 1 1 2 2 1 1 4 1 |1 1 1 1 1 1 1 |2 1 1 1 1 1 1 1 2 1 1 1 1 1 1 1 1 2 |5 1 1 1 1 1 1 1 1 1 1 5 1 1 1 1 1 1 1 |1 1 1 1 1 3 |1 1 1 1 1 1 1 1 1 1 |1 1 1 4 1 4 1 1 1 1 5 1 1 1 1 1 4 1 1 |1 1 5 6 1 2 1 3 1 |2 1 1 1 4 1 |1 1 1 1 1 1 1 1 1 1 1 1 1 1 2 1 3 |5 1 1 4 1 1 2 1 1 1 1 2 1 1 |1 1 1 1 1 1 1 1 |1 1 2 6 1 1 1 |1 1 1 1 1 2 1 1 1 1 1 1 1 1 1 1 |1 1 1 1 1 1 1 1 1 1 1 1 2 1 1 |1 5 1 1 1 1 4 2 1 1 5 1 1 3 1 1 2 6 |1 1 1 2 1 1 3 1 1 1 1 1 1 1 1 2 |1 1 1 3 1 1 1 1 1 1 1 1 3 2 |6 2 1 2 1 1 1 1 1 |1 1 1 1 3 6 2 1 3 1 1 1 1 1 1 1 1 1 3 1 |1 1 1 1 1 1 1 1 2 1 2 1 1 |4 1 2 1 1 5 1 2 1 1 1 1 3 1 4 2 1 1 1 1 |2 1 1 1 2 5 |4 1 1 1 1 2 2 2 1 1 1 1 |
最佳适应度：
100.77538428663956

===============第20个全局最优解================
最佳代数：
8555
最佳分配：
1 1 1 1 1 1 1 1 1 1 1 1 2 1 1 4 4 1 |1 1 2 5 1 3 1 4 1 1 1 |4 1 1 1 1 2 1 3 1 5 2 1 |3 1 1 1 4 1 1 1 1 3 1 5 1 1 1 1 |1 1 1 1 1 3 2 3 1 2 |3 1 1 1 1 1 1 1 1 1 1 1 1 1 1 5 1 |1 1 1 1 1 2 1 1 3 1 1 1 3 1 1 2 3 2 |1 1 1 1 1 1 1 |1 1 1 1 1 1 1 1 1 1 4 1 3 1 1 3 3 1 |1 1 1 4 1 1 1 1 1 3 2 1 1 1 1 1 1 1 1 |2 1 1 1 1 5 |2 1 1 1 1 1 1 1 2 1 |1 1 1 3 1 5 1 1 1 1 5 1 1 1 1 1 5 1 1 |1 1 5 4 1 1 3 5 1 |1 1 1 1 1 2 |2 1 1 1 1 1 1 1 1 1 3 1 1 1 1 1 1 |6 1 1 1 1 1 2 1 1 1 2 1 1 1 |1 1 1 1 1 1 1 1 |1 1 1 6 1 1 1 |1 1 1 1 1 1 1 1 1 1 1 1 1 1 2 1 |1 1 1 1 1 2 1 1 1 1 1 1 1 2 1 |1 4 1 1 1 1 1 1 1 1 1 1 1 3 1 1 1 1 |2 1 5 3 1 1 1 1 1 1 2 1 1 2 3 4 |1 1 1 4 1 1 1 1 1 1 1 1 6 1 |5 1 1 1 2 1 4 1 1 |1 1 1 1 5 4 1 1 2 1 1 1 1 1 1 1 1 1 5 1 |1 1 1 1 1 1 1 1 1 1 1 1 1 |2 1 2 1 1 6 2 1 1 1 1 6 6 1 1 1 1 1 1 1 |1 1 1 1 1 4 |2 1 1 1 1 1 3 1 1 1 1 1 |
最佳适应度：
101.47071162062781

===============第21个全局最优解================
最佳代数：
7975
最佳分配：
1 1 1 1 2 1 1 1 2 1 1 1 1 4 1 5 5 2 |1 1 1 4 1 1 1 4 1 1 1 |1 1 1 1 1 6 1 5 3 1 2 1 |1 1 1 1 4 1 4 1 1 1 4 1 1 1 5 2 |1 1 1 2 1 1 1 1 1 1 |1 1 1 1 1 1 1 1 1 2 1 1 1 5 1 4 1 |1 2 1 1 1 5 1 1 1 1 1 1 3 1 1 1 1 1 |1 1 1 1 1 1 2 |1 1 2 1 1 1 1 1 3 1 4 1 1 1 1 1 1 1 |1 1 1 1 3 1 5 4 1 3 2 2 1 1 1 1 1 1 1 |1 2 1 1 1 3 |1 1 1 1 1 1 2 1 1 1 |1 1 1 5 1 3 1 1 1 1 5 1 1 1 1 1 5 1 1 |2 1 5 4 1 5 1 5 2 |1 1 1 1 4 1 |1 1 6 1 1 1 1 1 1 1 3 3 1 1 1 2 2 |5 1 1 4 1 1 1 1 2 1 2 1 1 1 |1 1 1 1 1 1 1 2 |1 1 1 2 1 1 1 |1 1 1 1 1 1 1 1 1 1 1 1 1 1 1 1 |1 1 1 1 1 1 4 2 1 1 1 1 1 1 1 |1 6 1 1 1 1 1 1 1 1 1 1 2 1 1 1 1 1 |1 1 1 1 1 1 1 1 1 1 1 2 1 1 1 1 |1 1 1 1 2 1 1 1 1 1 1 1 1 1 |6 3 1 1 1 1 1 2 1 |1 1 3 1 3 5 1 1 3 1 1 1 1 1 1 1 1 5 4 1 |1 2 1 2 1 1 1 1 1 1 1 1 1 |3 1 1 1 1 3 2 1 1 3 1 2 1 1 1 1 1 2 1 1 |1 1 1 1 2 4 |2 1 1 1 1 1 1 2 1 4 1 1 |
最佳适应度：
102.42856965485056

===============第22个全局最优解================
最佳代数：
9745
最佳分配：
1 1 1 1 1 1 1 1 1 2 2 1 1 6 1 6 5 1 |1 1 1 4 1 1 1 5 2 1 1 |1 3 1 1 1 1 2 2 1 1 1 1 |1 1 1 1 2 1 1 1 1 4 5 4 1 1 1 1 |1 2 1 4 1 1 1 1 2 1 |3 1 1 1 1 1 1 1 1 1 1 1 1 3 1 6 1 |1 1 1 1 1 1 1 1 1 1 1 1 5 2 1 1 1 1 |1 1 1 1 1 1 2 |2 1 1 1 1 1 3 1 1 1 1 1 1 3 1 1 2 1 |1 1 1 1 1 1 1 1 1 1 1 1 1 1 1 1 1 1 1 |3 1 1 3 1 4 |3 1 1 1 1 1 1 1 1 1 |1 2 1 2 1 3 2 1 1 1 6 1 1 1 1 1 1 1 1 |1 1 4 5 1 5 1 4 2 |1 1 1 1 3 1 |1 1 5 1 1 3 1 1 1 1 1 1 2 1 1 1 1 |4 1 1 2 1 1 5 1 1 1 1 1 1 1 |1 1 1 1 1 1 1 1 |1 1 1 1 1 1 1 |1 1 4 1 1 1 1 1 1 1 1 1 1 1 1 1 |1 1 1 1 1 1 1 1 1 5 1 1 1 1 1 |1 6 1 1 1 3 1 1 1 1 5 1 1 5 1 1 1 1 |1 1 1 4 3 1 1 1 1 1 1 5 1 1 2 4 |1 1 1 1 2 1 1 1 1 1 1 2 1 1 |4 1 1 1 1 1 5 1 2 |1 1 1 1 5 5 1 1 3 3 1 1 1 1 1 1 1 1 2 1 |1 1 1 1 1 1 2 1 2 1 2 1 1 |1 2 1 3 1 1 1 2 3 2 2 1 1 1 1 1 1 1 3 1 |1 1 1 1 1 5 |6 1 1 1 1 1 4 1 1 1 1 1 |
最佳适应度：
101.83234693753766

===============第23个全局最优解================
最佳代数：
9710
最佳分配：
1 1 1 1 1 3 1 1 1 3 1 1 1 3 1 5 1 2 |1 1 1 5 2 1 1 1 1 1 1 |1 1 1 1 1 3 1 5 1 1 1 1 |1 1 2 1 2 1 5 1 4 4 5 1 1 1 1 1 |1 1 1 1 1 1 2 1 4 1 |1 1 1 1 1 1 1 1 1 1 1 1 1 1 1 5 1 |1 1 2 3 1 2 1 1 2 1 1 1 1 3 1 1 2 3 |3 1 2 1 1 1 1 |2 1 1 3 2 1 1 1 1 1 3 1 3 1 1 1 3 1 |1 1 1 1 1 2 1 1 1 2 1 1 1 1 1 1 1 1 1 |1 1 1 1 1 1 |1 1 1 1 1 1 1 1 1 1 |1 1 2 5 1 1 1 1 1 4 5 1 3 6 1 1 4 1 1 |1 1 4 5 1 2 1 5 3 |1 2 1 1 4 1 |1 1 3 2 1 1 1 1 1 1 1 1 1 1 1 1 1 |5 3 1 1 1 1 1 1 2 1 1 1 1 1 |2 1 2 1 1 1 1 1 |1 1 1 3 2 1 1 |1 1 1 1 1 1 2 1 1 1 2 1 1 1 1 1 |1 2 1 1 1 1 1 1 1 1 2 1 1 1 1 |1 4 1 1 2 1 1 1 1 1 3 1 1 5 1 1 1 3 |1 1 1 1 1 1 1 1 1 2 1 4 1 1 1 1 |1 1 1 1 2 1 1 1 3 1 1 1 4 1 |5 1 1 1 1 1 3 1 1 |1 1 1 3 2 4 1 1 3 1 1 1 1 1 1 1 6 1 2 1 |1 2 1 1 1 1 1 1 1 1 1 1 1 |4 1 2 1 1 4 1 1 1 3 1 1 4 1 1 1 1 1 1 1 |1 1 1 2 1 5 |5 1 1 1 1 1 4 1 2 1 1 2 |
最佳适应度：
100.65212220480463

===============第24个全局最优解================
最佳代数：
9356
最佳分配：
1 1 1 1 1 1 1 2 2 1 4 1 1 5 1 6 1 1 |1 1 1 5 1 1 1 3 1 2 1 |1 1 1 1 1 1 1 4 1 1 1 1 |1 1 1 1 4 1 3 2 3 4 1 1 1 1 1 1 |1 1 1 1 1 1 2 1 5 1 |3 1 1 1 1 3 1 1 1 1 1 1 1 1 1 5 2 |1 1 1 1 1 5 1 1 1 1 1 1 5 1 1 1 1 1 |2 1 4 1 2 1 1 |2 1 1 1 3 3 1 1 1 1 1 2 1 1 2 1 1 1 |1 1 1 1 1 1 4 1 1 1 1 1 1 1 1 1 1 1 1 |1 1 1 1 1 5 |4 1 1 1 1 1 2 1 1 1 |1 1 1 5 1 6 1 2 1 1 3 1 1 1 1 2 1 1 1 |1 1 5 4 1 3 1 5 1 |1 1 2 1 4 1 |1 1 4 1 1 5 2 1 1 1 1 2 1 2 1 1 1 |5 1 1 1 1 1 5 1 1 1 2 1 1 1 |1 1 1 1 1 1 1 1 |2 1 1 4 1 1 1 |2 1 1 1 1 1 1 1 1 1 1 1 1 1 1 1 |1 1 1 1 1 2 4 1 1 2 1 1 1 1 1 |1 4 1 2 1 1 1 1 1 1 2 1 1 2 2 1 1 1 |1 1 1 1 2 1 1 1 1 1 1 1 1 1 1 1 |2 1 1 5 1 1 2 1 1 1 1 1 1 1 |4 1 1 1 2 1 1 1 1 |1 1 1 1 4 4 1 1 1 1 1 1 1 1 1 1 1 1 6 1 |3 1 1 1 2 1 2 1 1 1 1 2 1 |1 1 1 1 1 5 1 3 1 1 1 6 3 1 4 1 1 1 2 1 |1 1 1 1 3 6 |2 2 1 1 1 1 1 1 1 1 1 1 |
最佳适应度：
101.65844920203313

===============第25个全局最优解================
最佳代数：
9691
最佳分配：
1 2 1 1 1 1 1 1 1 1 1 1 1 3 2 6 1 1 |1 1 2 3 1 1 1 4 1 1 1 |1 1 4 1 1 1 1 5 2 5 1 1 |1 1 1 1 3 1 4 1 3 6 4 1 1 2 1 1 |1 1 1 1 1 2 1 1 1 1 |1 2 1 1 1 1 1 1 1 1 1 1 1 3 2 6 1 |1 1 1 1 1 1 2 1 1 1 1 1 1 1 1 2 1 1 |1 1 2 1 1 1 1 |2 1 1 1 1 2 1 1 1 1 1 1 2 1 1 2 2 1 |1 1 1 1 2 2 1 1 1 1 3 2 1 1 1 2 1 1 1 |1 2 1 1 1 5 |1 1 1 1 1 1 2 1 1 2 |2 1 1 3 1 5 1 2 1 1 4 1 3 1 2 1 2 1 1 |1 1 1 4 1 3 1 4 1 |3 1 1 1 2 1 |5 1 2 1 1 1 6 1 1 1 5 1 1 3 1 1 2 |1 1 1 1 1 1 2 1 1 1 1 2 1 1 |1 1 1 1 1 1 1 1 |1 1 1 3 1 1 1 |1 1 1 1 1 1 1 3 1 1 1 3 1 1 1 1 |1 1 1 1 1 1 2 1 1 1 1 1 1 1 1 |1 6 1 1 1 1 1 1 1 1 1 1 1 5 1 1 1 2 |1 1 1 1 4 1 1 1 1 1 1 6 1 1 2 4 |1 1 1 1 1 1 1 1 1 1 1 1 1 1 |6 2 1 1 1 1 3 1 1 |1 1 1 2 3 5 1 2 6 1 1 1 1 1 1 1 1 1 4 1 |5 1 1 1 1 1 1 1 1 1 1 1 1 |5 1 3 1 1 6 1 1 1 1 1 1 1 1 1 1 1 1 1 4 |2 1 1 1 2 5 |1 1 1 2 1 1 2 1 1 2 1 1 |
最佳适应度：
100.17919034000415

===============第26个全局最优解================
最佳代数：
8363
最佳分配：
2 2 1 1 1 1 1 1 1 1 2 1 1 4 1 4 1 1 |4 1 1 4 1 1 1 5 1 1 2 |1 1 2 1 1 3 1 4 1 1 1 1 |1 2 1 1 6 1 3 2 1 5 3 2 1 1 1 1 |1 1 1 1 1 1 1 1 2 1 |4 1 1 1 1 2 1 1 1 1 1 1 2 1 2 5 1 |1 1 1 1 1 4 1 2 2 2 1 3 2 1 1 2 1 1 |2 1 4 1 1 3 1 |1 1 1 1 4 1 1 1 1 1 1 1 1 1 1 1 1 1 |1 1 1 2 1 1 2 1 1 1 1 1 1 1 1 1 1 1 1 |1 1 1 1 1 1 |2 1 1 1 1 1 1 1 1 2 |1 1 1 4 1 6 1 1 1 2 4 1 1 2 1 1 3 2 1 |4 1 1 3 1 2 1 4 1 |1 2 2 1 3 1 |1 1 5 1 1 1 1 1 1 1 3 1 1 1 1 1 1 |5 1 1 2 1 1 1 4 3 1 1 1 1 1 |1 1 1 1 1 1 1 1 |1 1 2 5 1 1 1 |1 1 4 1 1 1 1 1 1 1 1 1 2 1 1 2 |1 2 1 1 1 1 1 1 1 1 1 1 1 1 1 |2 4 1 1 1 1 1 1 1 1 1 1 1 1 2 2 1 1 |1 1 1 1 5 1 1 1 1 1 1 4 1 1 4 1 |1 1 2 1 1 1 1 1 1 1 1 1 2 1 |6 1 1 1 1 1 5 3 1 |1 1 1 1 6 4 1 1 6 1 1 1 1 1 1 1 1 1 4 3 |1 1 1 1 1 1 1 1 1 1 1 1 1 |1 1 3 2 1 1 1 1 1 1 2 3 5 1 1 2 1 1 1 1 |1 2 1 1 1 4 |3 1 1 1 2 1 3 1 1 1 1 1 |
最佳适应度：
101.50608935369267

===============第27个全局最优解================
最佳代数：
7952
最佳分配：
1 1 1 2 1 3 1 1 1 1 2 1 1 2 1 5 1 1 |1 1 1 5 1 1 1 4 1 1 1 |2 2 1 1 1 1 1 4 1 1 4 1 |1 1 1 1 1 1 2 1 1 3 5 1 1 1 1 1 |1 1 2 1 1 1 1 1 2 1 |4 1 1 1 1 1 1 1 1 1 1 1 1 1 1 5 1 |1 1 1 1 1 1 1 1 2 1 1 1 1 1 1 1 2 1 |1 1 3 2 1 1 6 |1 1 1 1 1 3 1 1 1 2 2 1 1 1 1 1 1 5 |1 1 1 1 1 1 2 2 2 1 1 1 1 2 1 1 1 1 1 |2 1 1 1 1 1 |1 1 3 1 1 1 1 1 1 1 |1 1 1 4 2 3 1 1 1 1 6 2 1 1 1 1 1 1 1 |1 1 4 5 1 5 1 5 1 |1 1 1 1 5 1 |1 1 4 2 2 3 1 1 1 1 2 1 2 1 1 1 1 |5 1 1 1 1 1 6 1 1 1 1 1 1 1 |1 1 1 1 1 1 1 1 |2 1 1 2 1 1 1 |1 1 3 1 1 1 1 1 2 2 1 2 1 1 1 1 |1 1 1 1 1 1 1 1 1 2 1 1 1 1 1 |1 5 1 1 1 2 1 1 2 1 2 1 1 2 1 1 3 5 |1 1 2 1 3 1 1 1 1 1 1 5 1 1 4 1 |1 1 1 1 1 1 1 1 1 1 2 1 2 1 |6 1 1 1 1 1 5 2 1 |2 1 1 1 4 5 1 1 5 1 1 1 1 1 2 1 1 2 5 2 |3 1 1 1 1 1 1 1 1 1 1 1 1 |2 1 1 2 1 2 1 1 1 1 1 3 5 1 1 3 1 2 1 1 |2 1 1 1 1 5 |2 1 1 2 1 1 1 1 1 1 1 2 |
最佳适应度：
101.32272507863924

===============第28个全局最优解================
最佳代数：
6084
最佳分配：
1 1 1 1 1 1 1 1 2 1 1 1 1 4 1 6 4 1 |3 1 1 3 1 1 1 4 1 5 1 |1 1 1 1 1 3 1 5 1 1 1 1 |1 1 1 1 3 1 4 1 1 1 2 2 1 1 2 1 |1 1 1 1 1 1 2 1 1 1 |5 1 1 1 1 1 1 1 1 1 1 1 1 1 1 2 2 |1 1 2 2 1 5 1 1 1 1 1 2 1 2 1 1 1 1 |1 1 2 1 1 1 3 |1 1 1 1 2 1 1 1 1 1 1 1 1 1 1 1 1 1 |1 1 1 2 1 1 1 1 1 2 1 1 1 1 1 1 1 1 1 |2 1 1 1 1 4 |1 1 2 2 1 1 1 1 1 1 |1 3 1 3 1 6 1 1 1 2 4 1 1 1 2 1 4 1 1 |1 1 5 5 1 6 1 6 1 |1 1 1 1 3 2 |1 1 5 1 1 1 4 1 1 1 2 1 1 1 1 1 1 |4 1 1 2 1 1 1 1 1 2 1 1 1 1 |1 2 1 1 1 1 1 1 |1 1 1 3 1 1 1 |1 1 1 1 1 1 1 1 1 1 1 1 1 1 2 1 |1 1 1 1 1 1 4 1 4 1 1 1 1 2 1 |1 6 2 2 1 1 2 1 1 1 4 1 1 1 1 1 1 2 |1 1 1 1 1 1 1 1 1 1 1 1 1 1 1 1 |1 1 1 6 1 1 1 1 1 1 1 1 1 1 |6 1 1 4 1 1 1 1 1 |1 2 1 1 6 5 1 1 4 1 1 1 1 1 1 2 1 1 1 3 |1 1 1 1 1 1 1 1 3 1 1 1 1 |1 1 1 3 1 4 1 1 1 1 1 4 3 1 2 1 1 1 1 1 |1 2 1 4 6 5 |2 1 1 1 1 1 5 1 1 1 2 1 |
最佳适应度：
102.09908505494617

===============第29个全局最优解================
最佳代数：
7783
最佳分配：
1 1 1 1 1 1 3 1 1 1 1 1 1 3 1 5 1 1 |1 1 2 4 1 1 1 3 1 1 1 |1 1 1 1 1 2 1 2 1 1 1 1 |2 1 1 1 4 1 4 1 1 1 4 5 1 1 1 1 |1 1 1 1 1 1 1 1 2 1 |4 1 1 1 1 1 1 1 1 2 1 1 2 5 1 5 1 |1 1 1 1 1 5 1 5 1 1 2 1 3 1 1 2 1 1 |1 1 1 2 1 1 1 |1 1 1 1 2 1 1 1 1 1 6 1 1 1 2 1 4 1 |1 1 1 1 1 1 2 1 1 3 1 1 1 1 1 1 1 1 1 |1 1 1 1 1 4 |1 1 1 1 1 1 2 1 2 1 |1 1 1 4 1 4 2 1 1 1 4 1 2 1 1 1 3 1 1 |1 1 4 5 1 1 2 5 1 |1 1 1 1 4 1 |1 1 4 2 2 6 3 1 1 1 3 1 4 1 1 1 1 |5 1 1 2 1 1 1 1 1 1 1 1 1 1 |1 1 1 1 1 1 1 1 |1 1 1 5 1 1 1 |1 1 1 1 2 1 1 1 1 1 1 1 1 1 1 1 |2 1 1 1 1 1 1 1 1 1 1 1 1 3 1 |1 6 1 1 1 1 1 1 1 1 2 1 1 4 1 1 1 1 |1 1 1 2 4 1 2 1 4 1 1 5 1 1 1 1 |1 1 1 1 1 1 1 1 1 1 1 2 1 2 |1 2 1 1 1 1 1 6 1 |1 1 1 2 6 3 1 1 1 1 1 1 1 1 1 1 1 1 3 1 |1 1 1 1 1 1 1 2 1 1 1 1 1 |4 1 1 1 2 5 1 3 1 1 1 1 6 1 1 1 1 1 1 1 |1 2 1 1 1 4 |2 1 1 1 1 1 4 4 1 1 1 1 |
最佳适应度：
102.6008827217153

===============第30个全局最优解================
最佳代数：
5308
最佳分配：
1 1 1 1 2 1 2 1 3 2 1 1 1 4 1 5 5 1 |1 1 1 2 1 5 1 4 1 1 1 |2 1 1 1 1 2 1 5 1 1 1 1 |5 1 1 1 6 1 3 1 1 1 4 1 1 1 2 1 |1 1 2 1 1 1 1 1 6 1 |4 1 1 1 1 2 1 1 1 2 1 1 1 3 1 6 1 |1 1 1 3 1 2 1 1 1 1 1 1 1 1 1 2 1 1 |1 1 1 1 2 1 1 |2 1 1 1 2 1 1 1 1 1 1 1 1 1 1 1 1 1 |1 1 1 2 1 1 5 1 1 1 1 2 1 1 1 1 3 1 1 |1 1 1 1 1 1 |1 3 3 1 1 1 1 1 1 1 |1 1 1 4 1 1 1 1 2 1 3 1 1 1 1 1 1 1 1 |1 1 6 4 1 1 1 4 1 |1 2 1 1 1 1 |1 1 3 1 1 1 1 1 1 1 2 1 1 1 1 1 1 |5 1 1 3 1 1 2 1 1 1 1 1 1 1 |1 1 1 1 1 1 2 1 |2 1 1 6 1 1 1 |2 3 1 1 1 1 1 5 1 1 1 1 2 2 1 2 |1 1 1 1 1 1 1 1 1 1 1 1 1 1 1 |1 5 1 1 1 1 1 1 2 1 1 1 1 2 1 1 1 2 |1 2 1 1 3 1 1 2 1 1 1 5 1 1 1 1 |1 1 1 1 1 1 1 1 1 1 1 1 2 1 |6 1 1 1 2 2 2 2 1 |1 1 2 2 4 5 1 1 2 1 1 1 1 1 2 1 1 4 4 1 |1 2 1 1 1 1 1 1 1 2 1 1 1 |1 1 4 1 1 2 1 1 1 1 4 1 5 1 3 1 1 1 1 1 |1 1 1 1 1 5 |1 1 2 1 1 4 5 1 4 1 1 1 |
最佳适应度：
101.37673015083152

===============第31个全局最优解================
最佳代数：
9514
最佳分配：
1 2 1 1 1 1 1 1 1 2 1 1 1 1 1 5 3 1 |1 1 1 4 1 6 1 3 1 1 1 |1 1 1 1 1 1 1 6 1 2 1 1 |1 1 1 1 2 1 2 1 3 1 4 2 1 2 1 1 |1 1 2 4 1 1 1 1 5 1 |2 1 1 2 1 2 1 2 1 1 1 1 1 5 1 4 1 |1 1 3 1 1 3 1 1 1 3 1 1 1 1 1 1 4 1 |5 2 3 2 1 1 1 |1 1 1 1 2 1 1 1 1 1 1 1 1 1 1 1 1 1 |3 1 1 1 1 1 2 3 1 1 1 1 1 1 1 1 2 1 1 |1 1 2 1 1 4 |1 1 1 1 1 1 4 1 1 2 |1 1 1 2 1 5 1 1 2 2 5 1 1 1 1 1 5 1 1 |1 1 5 4 1 2 1 6 3 |1 1 3 1 5 1 |2 1 5 1 1 1 1 1 1 1 1 1 1 1 1 1 1 |5 1 1 1 1 1 4 1 1 1 1 1 1 1 |1 1 1 1 1 1 1 1 |4 1 1 4 1 1 1 |1 1 1 2 1 1 2 1 1 1 1 3 1 1 2 1 |1 1 1 1 1 1 1 1 2 1 1 1 1 1 1 |2 5 1 2 1 2 3 1 2 1 1 2 1 2 2 1 2 1 |1 1 1 2 1 1 1 1 1 1 2 2 1 2 2 1 |1 2 1 4 1 1 1 2 1 1 1 1 2 1 |4 1 1 1 1 1 1 2 1 |1 1 1 1 1 4 1 1 1 1 1 1 2 1 1 1 1 1 5 1 |1 1 1 1 1 2 1 1 3 1 1 1 1 |1 1 1 2 1 5 1 1 1 1 1 1 4 1 1 2 1 1 1 1 |1 1 1 1 1 4 |4 1 1 1 1 1 1 1 1 1 1 1 |
最佳适应度：
100.43388862511385

===============第32个全局最优解================
最佳代数：
9539
最佳分配：
1 1 1 2 1 1 2 1 1 1 2 1 1 3 1 4 1 1 |1 1 1 5 1 1 1 1 1 1 1 |3 1 1 1 1 1 1 4 1 1 2 1 |1 1 1 1 6 1 5 1 1 1 5 6 1 1 1 1 |1 1 1 1 1 1 1 1 4 1 |1 1 1 1 1 2 1 1 1 1 1 1 1 1 2 4 1 |2 1 1 1 2 3 1 1 2 1 1 1 1 1 1 1 1 1 |1 1 1 1 1 3 4 |1 1 1 1 2 1 1 1 2 1 1 2 1 1 1 1 1 1 |1 1 1 1 2 1 6 3 1 3 1 1 1 2 1 2 1 1 1 |1 1 1 1 1 1 |1 1 1 1 1 2 1 1 1 2 |2 1 2 2 1 5 1 1 1 1 4 1 2 1 1 1 1 1 1 |1 1 3 4 1 1 1 3 1 |1 2 1 1 1 1 |1 1 3 1 1 1 2 1 1 1 5 1 3 1 2 1 2 |6 1 1 1 1 2 2 1 1 2 1 1 1 1 |1 1 1 1 1 1 1 2 |1 1 1 5 1 1 1 |1 1 1 1 1 1 1 1 1 1 5 4 2 1 1 2 |1 1 1 1 1 1 1 1 1 2 2 1 1 1 2 |1 3 1 1 1 1 1 1 1 1 1 1 1 1 1 2 1 1 |1 1 1 1 1 1 1 1 1 1 1 3 1 1 4 2 |1 1 1 2 1 1 1 1 1 1 1 1 6 1 |5 1 2 1 1 1 3 1 1 |1 1 1 1 5 6 1 2 4 1 1 1 1 1 4 1 1 1 6 1 |2 1 1 1 2 3 1 1 1 1 1 2 1 |4 3 1 1 1 1 1 1 1 1 1 2 5 1 1 1 1 1 1 1 |1 2 1 1 3 5 |2 2 1 3 1 1 5 1 1 1 1 1 |
最佳适应度：
100.21252771472255

===============第33个全局最优解================
最佳代数：
9937
最佳分配：
4 2 1 1 1 1 2 1 1 1 1 1 1 2 1 4 3 1 |1 1 1 4 1 1 1 6 1 1 1 |1 1 1 1 1 1 1 5 1 1 1 1 |1 1 1 1 4 1 3 1 1 1 5 1 1 1 1 1 |1 1 1 1 1 1 1 1 6 1 |4 1 1 1 1 1 1 1 1 1 1 1 1 5 1 4 1 |1 1 1 1 1 1 1 1 1 1 1 3 2 1 2 1 2 1 |1 1 1 1 1 1 1 |1 1 1 1 1 1 1 1 1 1 6 1 2 1 1 1 3 1 |1 2 1 1 1 1 1 2 2 2 4 1 1 1 1 1 1 1 1 |1 1 1 1 1 4 |1 1 2 1 1 1 1 1 1 1 |1 3 3 5 2 3 1 1 1 1 3 1 1 1 1 2 3 1 2 |1 1 5 6 1 1 1 3 1 |1 1 1 1 2 1 |1 1 4 1 1 1 1 1 1 1 3 1 1 1 1 1 1 |3 1 1 1 1 1 3 2 1 1 1 1 2 1 |1 1 1 2 1 1 1 1 |1 1 1 5 1 1 1 |2 1 2 1 1 1 1 1 1 4 2 1 1 1 1 1 |1 1 1 2 1 2 1 1 1 1 1 1 1 1 4 |1 6 1 1 1 1 1 1 1 1 1 1 1 5 1 1 1 2 |1 1 1 1 1 1 1 1 5 2 1 5 1 1 3 1 |1 1 1 3 1 1 1 1 1 1 1 1 4 1 |3 1 1 1 1 1 2 4 3 |1 1 1 1 5 4 1 2 6 1 1 2 1 1 1 1 1 1 5 1 |2 1 1 1 2 1 1 2 3 1 1 1 1 |3 1 1 1 2 3 1 1 1 1 1 1 1 1 2 1 1 1 1 1 |1 1 2 1 1 5 |1 1 3 1 1 1 3 1 1 1 1 1 |
最佳适应度：
102.22132342470556

===============第34个全局最优解================
最佳代数：
6705
最佳分配：
1 1 1 1 1 1 1 1 1 1 1 1 1 3 4 5 1 1 |1 1 1 4 1 1 3 5 1 1 1 |1 1 1 1 1 1 1 5 1 1 1 1 |1 2 1 1 2 1 1 1 1 2 4 1 1 1 1 1 |2 1 1 1 1 1 1 1 3 1 |4 1 1 1 1 1 1 2 3 1 1 2 1 2 1 5 1 |1 1 2 3 1 1 1 2 4 1 1 1 2 1 2 1 2 1 |1 1 1 1 1 1 1 |2 1 1 2 3 1 3 1 1 1 3 1 1 1 1 1 3 1 |1 1 1 2 1 1 4 1 1 2 1 2 1 1 1 1 1 1 1 |1 1 1 1 1 1 |1 1 1 1 1 1 1 2 1 1 |1 1 1 5 1 5 1 1 3 1 3 1 1 3 1 1 4 1 1 |2 1 5 6 1 2 1 4 1 |1 1 2 2 4 1 |1 2 4 1 1 1 1 1 1 2 4 2 1 1 1 1 3 |2 1 1 1 1 1 1 1 1 1 1 1 1 1 |1 2 1 1 1 1 1 1 |1 1 1 1 1 1 1 |1 1 1 1 1 1 1 1 2 1 1 1 2 1 1 1 |1 1 1 1 1 1 2 1 1 3 3 1 1 1 1 |1 4 1 1 1 1 2 1 1 1 1 1 1 1 1 2 3 4 |1 1 2 1 5 1 1 1 1 1 1 2 1 1 1 1 |1 1 1 3 1 1 1 1 1 1 1 2 1 1 |4 1 1 1 1 1 1 1 1 |1 1 1 1 3 6 1 1 5 1 1 1 1 1 1 1 1 5 5 1 |4 1 2 1 1 1 1 1 2 1 1 1 1 |1 1 1 1 1 1 1 1 1 1 1 1 5 1 2 3 1 2 1 1 |1 1 3 3 1 6 |4 1 1 1 1 1 5 1 4 1 1 1 |
最佳适应度：
100.61358676258295

===============第35个全局最优解================
最佳代数：
8054
最佳分配：
2 1 1 1 1 1 1 1 1 1 1 1 1 3 1 5 2 1 |1 1 1 6 1 1 1 5 1 2 1 |1 1 1 1 1 2 4 4 1 1 1 1 |3 2 1 1 5 1 3 1 5 1 2 1 2 1 1 1 |1 2 1 4 1 1 1 2 1 1 |2 1 1 1 1 1 1 1 1 1 1 2 1 1 2 3 1 |1 1 1 1 1 2 2 1 4 4 1 1 1 2 1 2 1 1 |1 1 1 1 1 1 1 |2 2 1 1 1 1 1 1 1 1 1 1 2 1 1 1 1 1 |1 1 1 1 1 2 1 1 1 2 1 3 1 1 1 1 1 1 1 |1 1 1 1 1 2 |1 1 1 1 2 1 1 1 1 2 |2 1 1 6 3 4 1 1 1 1 2 1 1 5 1 1 4 1 1 |1 1 4 6 3 1 1 6 1 |2 1 1 1 4 1 |1 1 1 1 2 1 1 1 1 1 2 2 1 1 2 1 1 |4 1 1 1 1 1 5 1 1 1 1 1 1 1 |1 1 1 1 1 1 1 4 |2 1 1 5 1 1 1 |1 1 2 2 1 1 1 1 6 1 1 1 1 1 1 1 |1 1 1 1 1 1 1 1 1 2 1 1 1 1 2 |1 5 1 1 1 1 1 1 3 1 1 1 1 1 1 1 1 1 |1 1 1 5 3 1 1 1 3 1 1 4 1 1 1 1 |2 1 1 1 1 1 1 1 1 1 1 1 3 2 |5 1 1 1 1 1 1 2 1 |1 1 1 1 3 5 1 2 1 1 1 1 1 1 1 1 1 3 2 1 |1 1 1 1 5 1 1 1 1 1 1 2 1 |1 1 2 1 1 3 1 2 1 1 1 4 1 1 1 1 1 1 1 1 |1 1 1 2 2 6 |3 1 1 1 1 2 5 1 1 2 1 1 |
最佳适应度：
101.50057951715694

===============第36个全局最优解================
最佳代数：
5098
最佳分配：
1 1 1 1 1 1 1 1 1 1 1 1 1 5 1 4 1 2 |1 1 1 5 1 1 1 4 1 1 1 |1 1 1 2 1 2 1 1 1 1 1 1 |4 2 1 2 5 1 4 2 1 1 5 1 1 2 1 1 |1 1 2 1 5 1 1 1 2 1 |6 1 1 1 1 1 1 1 1 2 1 1 1 1 3 4 1 |1 1 1 1 1 6 1 4 2 1 2 2 4 1 1 1 6 1 |1 1 1 1 1 1 1 |3 1 1 3 2 1 1 1 1 1 2 1 1 1 1 1 1 1 |1 1 1 1 1 1 4 2 1 1 1 1 1 1 1 1 1 1 1 |1 1 1 1 1 4 |1 1 1 1 1 1 4 1 1 1 |1 1 1 3 1 1 1 1 1 2 5 2 1 1 1 1 3 1 1 |1 1 3 6 1 1 1 5 1 |4 1 2 2 1 1 |1 1 1 1 3 2 1 1 1 1 2 1 1 1 1 1 1 |5 1 1 2 1 1 4 1 1 1 1 2 1 1 |1 2 1 1 1 1 1 1 |1 1 1 5 2 2 1 |1 1 1 1 1 1 2 1 1 1 2 1 1 1 1 1 |1 1 1 1 1 1 2 2 1 1 1 1 1 1 1 |1 2 1 1 2 1 1 1 1 1 1 1 1 4 3 1 1 4 |1 1 1 1 1 1 1 1 1 1 1 4 1 1 1 1 |1 1 1 2 1 1 1 1 1 1 1 1 4 1 |5 1 1 1 1 1 1 3 1 |2 1 1 1 5 5 2 1 1 1 1 1 1 1 1 1 1 1 6 1 |1 1 1 1 2 1 1 1 1 2 1 1 1 |1 1 1 1 2 2 1 1 1 1 1 2 5 1 5 1 1 1 1 1 |1 1 2 1 1 4 |4 1 1 2 1 1 4 1 1 1 1 1 |
最佳适应度：
101.23835416788609

===============第37个全局最优解================
最佳代数：
9880
最佳分配：
1 1 1 1 1 1 1 1 1 1 1 1 1 5 1 6 1 1 |1 1 1 4 1 1 1 4 1 1 1 |1 1 1 1 1 1 1 6 1 1 3 1 |1 1 1 1 6 1 4 1 2 2 4 1 1 1 1 1 |1 1 1 1 1 1 1 2 1 1 |4 1 1 1 1 1 1 1 1 1 1 1 1 1 1 4 1 |1 1 2 1 2 3 1 1 1 2 1 1 4 3 2 1 3 2 |1 2 1 1 1 1 1 |1 1 1 1 1 1 4 1 1 2 1 1 1 1 1 1 1 1 |1 1 1 1 1 1 4 2 2 2 1 2 1 1 1 2 2 1 1 |1 1 1 1 1 1 |1 1 1 1 1 1 1 1 1 1 |2 3 1 3 1 1 1 1 1 2 3 1 1 2 1 1 3 1 1 |1 1 5 6 1 1 1 5 1 |1 1 1 2 2 1 |1 1 3 1 1 3 1 1 1 1 2 1 1 2 1 1 3 |5 1 1 4 1 1 4 1 1 1 1 1 1 1 |1 1 2 1 1 1 1 1 |1 4 2 3 2 1 1 |1 1 1 1 1 1 1 1 2 1 1 1 1 1 1 1 |1 2 1 1 1 1 1 1 1 1 1 1 1 1 1 |1 4 1 1 2 1 1 4 1 1 1 2 1 3 1 1 1 1 |1 1 1 1 2 2 1 1 6 1 1 2 1 1 1 1 |1 1 1 2 1 1 1 1 1 1 4 2 1 1 |4 1 2 1 1 1 1 1 1 |1 2 1 1 2 5 1 1 5 1 1 3 1 1 1 1 1 1 1 1 |1 1 1 1 3 3 1 1 4 1 1 1 1 |4 1 1 1 1 5 1 1 1 1 1 5 4 2 1 2 1 1 1 1 |2 2 1 1 1 5 |4 1 1 1 1 1 5 1 1 1 1 1 |
最佳适应度：
100.93431011957838

===============第38个全局最优解================
最佳代数：
6127
最佳分配：
1 2 1 1 1 1 1 1 1 1 1 1 1 2 1 5 4 2 |1 1 1 5 5 1 2 5 1 1 1 |1 1 1 1 1 1 1 4 1 1 1 1 |3 1 1 1 4 1 1 1 3 2 5 1 1 1 1 1 |1 3 3 1 1 1 1 1 1 1 |1 1 1 2 1 1 1 1 3 1 2 1 1 2 2 2 1 |1 1 1 1 1 5 1 2 1 2 1 1 2 1 1 1 1 1 |1 1 2 1 1 1 1 |1 3 3 1 1 1 1 1 1 1 1 1 1 1 2 1 1 1 |1 1 1 1 1 1 1 1 1 2 1 1 1 1 1 1 2 1 1 |2 2 1 1 1 6 |1 1 1 1 1 1 1 1 1 3 |1 2 1 3 1 6 1 3 1 1 2 1 2 1 1 1 1 1 1 |1 1 3 5 2 2 2 6 1 |1 1 1 1 3 2 |1 1 1 1 1 2 3 2 1 1 2 1 1 1 1 1 1 |6 1 1 1 1 1 1 1 1 1 1 1 1 1 |1 1 1 1 1 1 1 2 |1 1 1 4 1 1 1 |3 1 3 1 1 1 1 1 1 1 1 1 1 1 1 1 |3 1 1 1 1 1 1 1 1 1 2 1 1 1 1 |1 6 1 1 1 1 1 1 1 1 2 1 1 2 1 1 2 2 |1 1 1 1 2 2 1 1 5 1 1 2 2 1 2 2 |1 2 1 2 2 1 1 1 1 1 1 1 2 1 |6 1 1 1 1 1 2 1 1 |1 1 1 1 5 5 1 1 4 1 2 1 1 2 1 1 1 4 6 1 |1 1 1 1 1 1 1 1 1 1 1 1 1 |4 1 1 1 1 4 1 1 1 1 1 1 3 1 2 1 1 1 2 1 |1 2 1 5 1 6 |3 1 1 1 1 1 5 1 1 1 1 1 |
最佳适应度：
103.15502702542722

===============第39个全局最优解================
最佳代数：
9659
最佳分配：
1 1 1 1 1 1 1 1 1 1 1 1 1 4 1 6 1 1 |1 1 1 3 1 5 1 2 1 2 1 |1 2 1 1 2 1 1 4 2 1 1 1 |1 1 1 1 4 1 2 3 1 2 2 1 1 2 1 1 |1 1 2 1 1 1 1 1 3 1 |5 1 1 1 1 1 1 1 1 1 1 1 1 1 1 5 1 |2 1 1 1 1 6 1 1 1 3 1 1 1 1 1 2 1 1 |1 1 1 1 2 1 1 |3 1 1 2 1 1 1 1 1 1 4 2 1 1 1 1 1 1 |2 1 1 1 1 1 1 1 1 1 1 1 1 1 1 1 1 1 1 |1 1 1 1 1 5 |1 1 1 2 2 1 2 1 1 1 |2 1 1 5 1 3 1 1 1 1 4 1 5 2 1 1 4 1 1 |1 1 3 5 1 1 1 4 1 |1 2 1 2 2 1 |2 2 6 1 2 1 1 6 1 1 5 3 1 1 2 1 1 |5 1 1 1 1 2 2 1 1 1 1 1 1 1 |2 1 1 1 1 1 2 2 |1 1 1 4 1 2 1 |1 1 3 2 1 1 1 1 1 1 1 1 1 1 2 1 |1 1 1 1 1 1 1 1 4 1 1 2 1 1 1 |2 5 1 1 1 2 1 1 1 1 1 1 1 2 1 2 1 2 |1 1 1 1 1 1 1 1 1 1 1 2 1 1 1 2 |1 2 1 3 1 1 1 1 1 1 1 2 2 1 |5 1 1 1 1 1 4 3 1 |1 1 1 1 5 3 1 1 4 1 1 1 1 1 1 1 1 1 5 1 |1 1 1 1 1 1 2 1 1 1 1 1 1 |5 1 1 1 1 5 1 1 1 1 1 1 1 1 2 1 1 1 1 2 |1 3 2 1 1 4 |3 1 1 1 1 1 5 1 1 1 1 1 |
最佳适应度：
101.57208333553154

===============第40个全局最优解================
最佳代数：
7805
最佳分配：
1 1 3 1 1 1 1 1 3 1 1 1 1 5 1 4 1 1 |1 1 1 3 5 3 1 3 1 1 1 |1 1 1 1 1 3 1 5 1 1 1 1 |1 1 1 1 6 1 5 1 2 1 5 1 1 1 1 1 |1 1 2 4 1 1 1 1 1 1 |2 2 1 1 1 1 1 1 1 3 1 1 1 1 1 5 1 |1 1 1 2 1 1 1 1 5 1 1 1 1 1 1 1 2 2 |1 1 1 1 2 1 3 |3 1 1 1 1 1 1 2 1 1 2 1 1 1 1 1 1 1 |1 1 1 5 2 1 1 3 1 4 1 3 1 1 1 1 1 1 1 |1 2 1 1 1 1 |1 1 1 1 1 1 1 2 2 1 |1 1 1 5 2 2 1 2 1 1 6 1 1 6 1 1 5 1 1 |5 1 1 5 1 2 3 6 4 |1 1 1 1 2 1 |4 2 1 1 1 2 1 1 1 1 1 1 1 1 1 1 1 |6 1 1 1 1 1 3 1 1 1 1 1 1 1 |3 1 1 1 1 1 1 1 |1 1 1 6 1 1 1 |1 1 1 1 1 1 1 1 1 1 1 2 1 1 1 3 |1 1 2 1 1 2 1 1 1 1 1 1 1 1 1 |1 4 1 1 1 1 1 1 1 1 1 1 1 1 1 1 2 1 |1 1 2 1 1 1 1 1 1 2 1 2 1 1 4 1 |1 1 1 2 1 1 1 1 1 1 1 1 4 1 |5 1 1 1 1 2 1 3 1 |1 1 1 1 2 5 1 1 1 1 1 1 1 1 1 1 1 2 4 1 |1 1 1 2 1 1 1 4 1 2 1 1 1 |3 1 1 1 1 1 1 1 1 1 1 2 4 1 4 1 1 1 1 1 |1 1 1 1 2 4 |1 2 1 1 1 1 4 1 1 1 1 1 |
最佳适应度：
100.93287461509678

===============第41个全局最优解================
最佳代数：
6699
最佳分配：
1 1 1 1 1 1 2 2 2 1 1 1 1 5 1 6 3 1 |1 1 1 4 1 3 1 3 1 1 2 |1 2 1 1 1 5 1 3 1 1 1 1 |1 1 1 1 6 2 5 1 1 5 3 4 1 3 1 1 |4 1 1 1 2 1 1 1 1 1 |5 1 2 1 1 1 1 1 1 1 1 1 1 4 1 4 1 |1 1 4 1 1 4 6 1 5 1 1 1 4 1 1 1 1 1 |2 1 1 1 1 1 1 |1 1 1 1 1 1 1 1 1 1 3 1 1 1 1 1 2 1 |1 1 1 1 1 2 1 1 1 1 1 1 1 1 2 1 1 2 1 |1 1 2 1 1 1 |2 1 1 1 1 1 1 1 1 1 |1 1 1 3 1 4 1 1 1 1 2 1 1 1 1 2 4 1 1 |3 2 1 3 1 3 1 5 1 |1 1 1 1 1 1 |2 1 4 1 1 1 1 1 1 2 5 1 1 1 1 1 1 |6 1 3 1 1 1 4 1 1 1 1 1 1 1 |1 1 1 2 1 1 1 1 |1 1 1 5 1 1 1 |1 1 1 1 1 1 1 1 2 2 3 1 1 1 1 1 |1 2 1 1 2 1 1 1 3 1 1 1 1 1 1 |1 5 1 1 1 1 2 1 2 1 1 1 2 1 1 1 1 6 |1 1 1 1 1 1 1 1 1 1 1 4 3 1 1 1 |1 5 1 1 1 1 2 1 1 1 1 1 3 1 |6 1 1 1 1 1 1 1 1 |1 1 1 2 5 4 1 1 3 1 1 1 1 1 1 1 1 1 2 1 |1 1 1 1 1 1 1 1 4 1 1 1 1 |1 1 1 1 1 1 1 1 1 1 1 1 1 1 1 1 1 1 1 1 |1 1 1 2 2 4 |5 1 1 1 1 1 3 1 1 1 1 1 |
最佳适应度：
101.22468269434191

===============第42个全局最优解================
最佳代数：
8480
最佳分配：
1 1 1 1 2 2 3 1 1 2 1 1 1 2 1 6 1 1 |1 1 1 3 1 1 1 1 1 1 1 |1 1 1 1 1 1 1 6 1 1 1 1 |1 1 1 2 6 1 1 1 2 3 5 2 1 1 2 1 |1 1 6 1 1 1 1 1 4 2 |1 1 1 1 1 1 1 1 1 1 1 1 1 4 1 3 1 |1 1 1 2 1 5 1 1 1 1 1 2 1 1 1 1 1 1 |1 1 1 1 2 1 2 |1 1 1 1 1 1 3 1 1 1 2 1 1 1 1 1 1 1 |1 2 2 3 1 2 2 1 1 1 1 1 1 1 1 1 1 1 2 |1 1 1 1 2 4 |1 1 3 1 1 1 1 1 3 1 |1 2 1 5 1 5 1 1 1 1 3 1 1 4 1 1 3 1 1 |1 3 4 5 1 2 1 5 1 |1 2 1 1 1 1 |1 1 1 2 1 3 1 1 1 1 2 2 1 1 1 1 1 |6 3 1 1 1 1 2 2 1 2 1 1 1 1 |1 1 1 1 1 1 1 1 |2 1 1 6 1 2 1 |1 1 1 1 1 3 1 1 2 1 1 6 1 1 1 1 |1 1 1 1 1 1 1 1 2 1 1 1 1 1 1 |1 4 1 1 1 4 1 1 1 1 1 1 1 1 2 1 1 1 |2 1 1 1 1 1 1 1 1 1 2 4 1 1 4 1 |1 2 2 1 1 1 1 1 1 1 1 1 1 1 |5 1 1 2 1 1 1 1 2 |1 1 1 3 5 5 1 1 5 1 1 1 1 1 1 1 1 1 2 1 |1 3 1 1 1 1 1 2 2 4 1 1 1 |1 1 1 1 1 1 3 1 1 1 1 3 4 1 1 1 1 1 1 1 |1 1 1 1 3 5 |2 1 1 1 1 1 6 1 1 1 1 1 |
最佳适应度：
100.25224237825005

===============第43个全局最优解================
最佳代数：
9073
最佳分配：
2 1 1 1 1 1 1 1 1 1 1 1 1 1 1 5 3 1 |1 1 1 4 1 4 1 4 1 1 1 |1 1 1 1 1 1 1 3 1 1 1 1 |1 1 1 2 6 1 4 1 1 3 4 4 1 1 1 1 |1 2 2 1 1 1 1 2 6 1 |3 1 1 1 2 1 2 1 1 1 1 2 1 1 1 4 1 |1 2 1 1 1 4 1 2 1 1 1 1 2 1 1 1 1 1 |1 1 1 1 1 1 5 |1 1 1 1 1 1 1 1 3 2 6 1 1 1 2 1 1 1 |1 1 1 2 1 1 2 2 3 1 1 1 1 1 2 1 1 1 1 |1 1 1 1 1 1 |1 2 1 1 1 1 1 2 1 1 |1 1 1 4 1 1 1 1 2 1 3 1 1 5 1 1 5 2 1 |1 1 3 6 1 1 1 6 1 |5 1 1 1 3 1 |1 1 1 1 1 1 2 1 1 1 1 1 1 1 1 1 1 |6 1 1 1 1 1 1 1 2 2 3 1 2 1 |1 1 1 1 1 1 1 2 |1 1 1 5 1 1 1 |1 1 1 2 1 1 1 1 1 1 2 2 1 1 1 1 |1 1 1 2 1 3 1 1 1 5 3 1 1 1 1 |1 5 2 1 1 1 1 1 1 1 1 1 1 1 1 1 1 3 |1 1 2 2 1 1 1 1 1 1 1 4 1 1 1 1 |1 1 1 1 1 1 1 1 2 1 1 1 1 2 |4 1 1 1 1 1 1 2 1 |1 1 1 2 5 6 2 2 4 1 1 1 1 1 1 1 1 1 5 1 |1 1 1 1 1 1 1 2 1 1 1 1 1 |1 1 1 1 2 3 1 1 1 4 1 3 4 1 1 1 1 1 2 1 |1 1 1 1 1 4 |4 1 2 1 1 1 2 1 2 1 2 1 |
最佳适应度：
101.18146052438792

===============第44个全局最优解================
最佳代数：
7063
最佳分配：
1 2 1 1 1 5 1 1 1 1 1 2 1 5 1 4 2 2 |4 1 1 4 1 1 1 2 1 1 1 |2 1 1 1 2 2 1 3 1 1 1 1 |1 1 1 2 3 1 1 1 1 1 3 1 1 1 1 1 |1 1 1 1 1 1 1 1 2 1 |3 1 1 1 2 1 1 1 5 1 1 1 1 5 1 6 1 |1 2 3 1 1 5 1 1 4 1 1 1 3 1 1 1 2 1 |1 1 1 1 1 1 1 |1 1 1 1 3 1 1 1 1 1 3 2 1 1 1 4 1 1 |2 1 1 1 1 1 4 1 1 1 3 1 1 1 1 2 1 1 1 |1 2 1 1 1 2 |1 2 1 1 1 1 1 1 1 1 |1 1 1 3 1 4 1 1 3 1 4 1 1 3 1 1 2 1 1 |1 1 1 5 2 1 1 6 1 |4 1 1 1 1 1 |1 1 2 1 1 1 1 1 1 1 4 1 1 1 1 1 1 |5 1 1 1 1 1 4 1 1 1 2 1 1 1 |1 1 1 1 1 1 1 1 |1 2 1 5 1 1 1 |1 1 3 1 1 1 1 1 1 1 1 1 2 1 1 3 |1 1 1 1 1 1 1 1 1 1 1 1 1 1 1 |1 6 3 1 1 3 1 1 1 1 1 1 1 2 4 1 1 1 |1 1 1 1 1 1 1 1 1 1 1 2 1 1 2 4 |1 1 1 3 1 1 1 3 1 1 1 1 1 1 |5 2 1 1 1 1 1 3 1 |1 1 1 1 4 5 2 1 4 1 2 1 2 2 1 1 1 1 5 1 |1 1 3 1 1 1 1 1 1 1 1 1 1 |1 1 1 2 1 3 1 1 1 1 1 1 5 4 1 1 1 1 1 1 |1 1 1 1 3 5 |4 1 1 1 1 1 3 1 1 1 1 2 |
最佳适应度：
101.18085676425811

===============第45个全局最优解================
最佳代数：
8133
最佳分配：
1 1 1 1 1 1 2 1 1 1 1 1 1 6 2 4 5 1 |1 1 1 3 1 3 1 5 1 1 2 |1 1 1 1 1 1 1 4 1 1 1 1 |1 1 1 1 5 1 5 1 1 1 5 6 1 3 1 1 |1 1 1 1 1 1 1 1 1 1 |3 1 2 1 1 1 1 1 1 1 1 1 1 1 1 1 1 |1 1 1 1 1 5 2 1 1 1 1 1 4 1 1 1 3 1 |1 1 2 1 1 1 1 |1 1 1 1 4 1 2 1 2 1 3 1 1 2 1 1 1 2 |1 1 1 1 2 1 2 1 2 3 2 1 1 1 1 1 1 1 1 |1 1 1 2 1 2 |1 1 1 1 1 1 1 1 1 1 |1 2 1 3 1 5 1 1 1 1 5 1 1 5 2 1 2 1 1 |1 1 5 5 1 1 1 5 5 |1 3 1 1 4 3 |3 1 2 1 1 1 1 1 1 1 6 1 1 2 1 1 1 |6 1 1 2 1 1 5 1 1 1 1 1 1 1 |1 1 1 1 2 1 1 1 |3 1 1 4 1 1 2 |2 1 1 1 1 1 1 1 1 1 1 1 1 1 1 1 |1 1 1 2 1 1 1 5 1 1 1 1 1 1 1 |1 5 1 1 1 1 1 1 1 1 1 1 1 4 1 2 1 1 |1 2 1 2 2 1 2 1 4 1 2 2 1 1 2 1 |1 1 1 1 1 1 1 1 1 1 1 1 1 1 |5 1 1 1 1 1 1 1 1 |3 1 1 3 6 4 1 1 1 1 1 1 1 1 1 1 1 1 3 1 |1 1 1 1 1 1 1 1 1 1 1 1 1 |5 1 1 1 1 2 1 1 1 1 1 2 3 1 1 1 1 1 1 1 |1 1 1 1 1 2 |1 1 1 2 1 1 4 1 3 1 1 1 |
最佳适应度：
102.72532040135313

===============第46个全局最优解================
最佳代数：
6970
最佳分配：
1 1 1 1 1 1 1 1 4 3 1 4 1 1 1 5 1 1 |1 1 1 1 1 1 1 5 1 1 1 |1 1 1 1 1 1 1 4 2 1 1 2 |1 1 1 1 3 1 5 1 1 6 3 1 1 1 1 1 |1 1 5 1 1 1 1 1 2 1 |3 2 1 1 1 1 1 1 1 1 1 1 1 1 1 4 1 |1 1 1 2 1 4 1 1 1 1 1 1 1 1 1 1 1 1 |1 1 4 1 1 1 2 |2 1 1 1 2 4 2 1 2 1 2 2 1 1 1 1 1 1 |1 1 1 2 1 1 2 1 1 6 1 1 1 1 1 2 1 1 1 |1 1 1 1 1 1 |1 1 1 1 1 1 1 1 1 1 |1 1 1 6 1 4 1 1 1 1 5 1 1 4 1 1 1 1 1 |1 1 5 6 1 1 1 5 3 |1 1 1 1 3 1 |1 1 1 1 1 4 1 2 1 1 2 1 1 2 1 1 1 |4 1 1 1 1 1 1 1 1 1 1 1 1 1 |1 1 2 1 1 2 1 1 |1 1 1 3 1 1 1 |2 2 1 1 1 1 1 2 1 1 1 2 1 2 1 1 |1 1 1 1 1 1 1 1 2 3 1 1 1 1 1 |1 5 1 1 1 1 1 1 5 1 6 2 1 4 1 1 1 3 |1 1 1 1 3 1 1 1 5 1 2 1 1 1 1 1 |1 1 2 2 1 1 2 1 1 1 1 1 3 1 |4 1 2 1 1 1 1 1 1 |1 1 1 1 3 6 1 1 2 1 1 2 1 1 1 2 1 1 1 1 |2 2 2 1 1 1 1 2 1 1 1 1 1 |2 1 2 1 1 1 1 1 1 1 2 1 6 1 1 1 1 2 2 2 |1 6 1 3 3 4 |1 1 1 1 1 1 4 1 1 1 2 1 |
最佳适应度：
99.54182318701915

===============第47个全局最优解================
最佳代数：
9823
最佳分配：
1 2 1 2 2 1 1 1 1 2 1 1 1 3 1 5 1 1 |1 1 1 3 1 1 1 4 1 1 1 |2 1 1 1 1 1 1 4 1 1 2 1 |1 1 1 1 3 2 2 1 2 6 4 1 1 1 1 1 |2 1 1 1 1 1 1 1 4 1 |5 1 1 1 1 1 2 1 2 1 1 1 1 5 1 6 1 |1 1 1 1 1 5 1 2 1 1 1 1 2 1 1 1 1 1 |1 1 2 1 1 2 1 |1 1 1 1 1 1 3 1 1 1 1 1 1 1 1 1 2 2 |1 2 1 3 2 1 1 1 1 4 3 1 1 2 1 1 1 1 2 |1 1 1 1 2 2 |2 1 2 1 1 1 1 2 1 1 |2 3 1 4 1 4 1 1 1 1 4 1 1 1 1 1 4 1 1 |1 1 1 5 1 1 1 4 1 |1 1 1 1 3 1 |3 1 2 1 1 1 1 1 1 1 1 5 1 1 1 1 1 |6 1 1 2 1 1 5 1 1 1 1 1 1 1 |1 2 1 1 1 1 1 1 |1 1 1 6 1 1 1 |1 1 1 1 1 1 1 1 1 1 1 1 1 1 1 1 |1 1 1 1 1 1 1 1 1 1 1 1 1 1 1 |1 4 1 1 1 1 1 2 3 1 1 1 1 1 1 1 1 3 |1 2 1 1 3 1 1 1 1 2 1 2 1 2 2 1 |1 1 1 1 1 1 1 1 1 1 1 1 4 1 |5 1 2 1 1 1 1 1 1 |1 1 1 1 5 4 1 2 3 1 1 1 1 1 1 1 1 3 3 1 |1 1 1 1 1 1 1 1 1 1 1 1 1 |1 1 1 1 1 4 1 1 2 1 5 2 5 1 1 1 2 1 1 1 |1 1 1 1 4 4 |3 1 2 4 2 2 4 5 1 1 1 1 |
最佳适应度：
102.16079869485785

===============第48个全局最优解================
最佳代数：
5908
最佳分配：
1 2 1 1 1 1 1 1 1 1 2 1 1 5 1 5 2 1 |1 1 1 2 1 1 1 5 1 2 1 |1 1 1 1 1 1 1 4 1 2 1 1 |1 1 1 1 6 1 4 1 1 3 5 3 1 1 1 1 |1 1 1 1 1 1 1 1 1 1 |2 1 2 1 1 4 1 1 1 1 1 1 1 1 1 5 1 |2 1 1 1 2 4 1 1 1 1 1 1 1 5 1 1 5 1 |1 1 1 1 1 1 2 |1 1 1 1 1 1 1 1 1 1 2 1 1 1 1 1 1 1 |1 1 1 1 1 1 2 3 1 3 1 4 1 1 1 1 1 1 1 |1 1 1 1 1 2 |1 1 1 1 1 1 1 1 1 2 |1 1 1 2 1 6 1 1 2 1 1 1 1 1 1 1 1 1 1 |1 1 3 5 1 4 1 5 1 |1 1 1 1 1 1 |3 1 2 1 1 1 1 1 1 1 5 1 1 1 2 1 1 |4 1 1 5 1 1 1 1 1 2 1 1 1 1 |1 2 2 1 6 1 1 1 |1 1 1 1 1 1 1 |1 1 5 1 2 1 1 1 1 2 1 1 1 2 2 1 |1 1 1 1 1 1 1 1 1 1 3 1 1 1 1 |1 4 1 1 1 4 1 1 1 1 1 1 1 1 1 1 1 5 |1 1 1 1 1 1 1 1 5 2 1 1 1 1 4 2 |1 1 1 5 1 1 1 1 1 1 1 1 2 1 |6 1 1 1 1 1 2 1 1 |1 1 1 2 3 6 1 1 5 1 1 2 3 1 2 3 1 2 5 1 |1 1 1 1 1 2 1 1 1 1 1 1 1 |2 1 1 1 1 1 1 1 1 1 1 1 5 1 4 1 1 1 1 1 |1 2 1 3 1 4 |4 1 1 1 1 1 4 1 2 1 1 1 |
最佳适应度：
100.47514352932099

===============第49个全局最优解================
最佳代数：
9942
最佳分配：
1 1 1 2 1 1 1 1 1 1 1 1 2 4 1 6 1 1 |2 1 2 3 1 1 2 4 2 1 1 |1 1 1 1 1 1 1 5 1 1 1 1 |1 1 1 1 4 1 5 1 1 1 5 2 1 1 1 1 |1 2 1 1 2 3 1 2 3 1 |3 1 1 1 1 3 1 1 1 1 1 1 1 1 1 5 1 |1 1 1 1 1 4 1 4 1 1 1 3 2 1 1 1 1 1 |1 1 1 1 1 1 1 |1 1 1 1 1 1 1 1 1 1 3 1 1 1 1 1 1 1 |1 1 1 1 1 1 1 1 1 1 1 1 1 1 1 1 1 1 1 |1 1 1 1 1 1 |1 1 1 1 2 1 1 2 1 3 |4 1 1 6 1 4 1 1 1 2 4 2 1 2 1 1 5 1 1 |1 1 1 5 1 1 2 6 1 |1 1 1 1 4 1 |1 1 3 1 1 1 1 1 1 1 3 1 1 1 1 1 1 |3 1 1 1 1 1 4 1 1 1 1 1 1 1 |1 1 2 1 2 1 1 2 |4 1 1 5 1 1 1 |1 1 3 1 1 1 1 2 1 1 1 1 1 1 1 2 |1 1 1 1 1 1 1 1 4 1 1 1 2 2 1 |1 5 2 1 1 3 2 1 1 1 1 1 1 1 1 1 1 1 |1 1 1 1 1 1 1 1 4 1 1 1 1 1 2 2 |1 1 1 4 2 1 1 1 1 1 1 1 1 1 |4 2 2 2 1 1 1 1 1 |4 1 1 2 3 6 1 1 2 2 1 1 4 1 1 1 1 1 2 1 |1 1 1 3 1 1 1 1 1 1 1 1 1 |4 2 1 1 2 3 1 1 1 1 1 1 3 1 1 1 1 1 1 1 |1 1 1 3 4 6 |5 1 1 3 1 2 3 2 1 2 1 1 |
最佳适应度：
100.99781393860908

===============第50个全局最优解================
最佳代数：
9778
最佳分配：
1 3 1 2 1 1 3 1 1 1 2 1 1 5 4 5 4 1 |1 1 2 2 2 3 1 4 1 1 1 |1 1 1 1 1 1 1 5 1 1 1 1 |1 1 1 1 3 1 3 1 1 3 4 5 1 1 1 1 |1 1 1 1 2 3 1 1 1 1 |1 1 1 1 1 1 1 1 1 1 1 1 2 3 1 6 1 |1 1 1 1 1 4 1 1 2 1 2 1 1 1 2 1 1 2 |1 1 1 1 1 1 2 |2 1 1 1 2 4 1 1 1 2 1 1 1 1 1 1 2 2 |1 1 1 2 1 1 1 1 1 1 1 1 1 1 1 1 1 1 1 |1 1 1 3 1 1 |1 1 1 1 1 1 1 1 1 1 |1 1 2 3 1 3 2 1 1 2 6 2 1 1 1 1 6 1 1 |1 1 1 4 1 1 1 5 1 |2 1 1 1 2 1 |1 1 6 1 1 1 3 1 1 1 3 1 1 1 1 1 1 |4 1 1 1 1 1 2 1 1 1 1 1 1 1 |1 1 1 2 1 1 2 1 |1 1 1 5 1 1 1 |1 1 1 3 1 1 1 2 1 1 1 2 1 3 1 3 |1 1 1 1 1 1 3 1 1 1 1 1 1 1 2 |1 3 1 1 2 1 1 1 1 1 1 1 1 3 1 1 1 1 |1 1 1 1 2 1 1 1 3 1 1 5 1 1 1 4 |1 1 2 1 1 1 1 1 1 1 1 1 2 1 |6 1 1 1 1 1 5 3 3 |1 1 1 1 4 4 2 1 4 1 1 1 1 1 1 1 2 1 3 1 |1 1 1 1 1 1 1 1 2 2 1 1 1 |1 3 1 1 1 4 1 1 1 1 1 1 3 1 1 1 1 1 2 1 |4 1 1 1 1 6 |1 1 1 2 1 2 5 1 1 1 1 1 |
最佳适应度：
100.92080612654985

===============第51个全局最优解================
最佳代数：
9779
最佳分配：
1 1 1 1 2 1 1 1 2 1 1 1 1 3 1 6 5 2 |1 1 1 4 4 1 2 5 1 1 1 |1 1 1 2 1 1 1 1 2 2 1 1 |1 1 1 1 2 1 5 1 1 1 3 1 1 1 1 1 |1 1 1 1 1 1 3 1 5 1 |5 1 1 1 1 1 1 1 1 1 1 1 1 1 2 5 1 |1 1 1 1 1 4 1 1 1 1 1 1 1 1 2 1 1 1 |1 1 1 1 1 3 1 |1 1 1 1 3 1 1 1 1 1 1 1 1 1 1 1 2 1 |1 1 1 1 1 1 3 1 1 1 1 1 1 1 1 2 1 1 1 |1 1 2 1 2 3 |1 1 1 2 1 1 1 1 1 1 |1 2 1 4 1 4 1 1 1 1 2 1 1 3 1 1 4 1 1 |1 1 4 5 1 6 1 5 1 |2 2 3 1 1 1 |1 1 3 1 1 1 1 1 1 1 5 2 2 2 1 1 2 |5 1 1 1 2 1 4 1 1 1 1 1 1 1 |1 1 1 1 1 1 1 1 |1 1 1 5 1 1 1 |1 1 1 1 1 1 1 1 1 1 1 4 1 1 1 2 |1 1 1 1 1 1 1 1 2 2 1 1 1 1 1 |1 5 1 1 3 1 1 2 1 1 1 1 1 3 1 1 1 4 |1 1 1 1 1 2 1 1 3 1 1 3 1 1 2 1 |2 1 1 4 1 1 1 1 1 2 1 1 1 2 |5 1 2 1 1 1 1 1 1 |1 1 1 2 4 5 1 1 6 1 1 1 1 1 1 1 1 2 1 1 |2 1 1 1 1 1 1 1 1 1 1 2 1 |2 2 1 1 1 3 1 1 1 1 1 1 4 1 1 1 2 1 1 1 |1 1 1 5 1 2 |6 1 1 1 1 1 4 1 6 1 1 1 |
最佳适应度：
101.91021953035603

===============第52个全局最优解================
最佳代数：
8083
最佳分配：
1 1 1 1 1 1 1 1 1 1 4 1 1 6 1 3 1 1 |1 1 2 1 2 3 1 1 1 1 2 |3 1 1 1 1 3 1 5 1 1 1 1 |1 1 1 1 3 1 6 1 1 5 5 5 1 1 1 1 |1 1 3 1 2 1 1 1 3 1 |5 1 2 1 1 1 1 1 1 1 2 2 1 4 1 3 1 |1 2 1 1 1 3 1 1 1 1 1 1 1 1 1 1 1 1 |1 1 1 1 1 2 1 |1 1 1 1 1 2 1 1 1 1 2 1 1 1 1 1 1 1 |1 2 1 1 1 1 1 1 1 1 1 1 2 1 1 1 1 1 1 |1 1 3 1 1 6 |1 1 1 1 1 1 1 1 1 1 |1 1 1 5 1 5 2 1 1 3 5 1 1 5 2 1 5 1 1 |3 1 2 4 1 1 1 4 1 |1 1 2 1 1 1 |1 1 3 1 1 1 1 1 1 1 1 1 1 1 1 1 1 |4 1 1 4 1 1 5 1 2 1 1 1 1 1 |1 1 2 1 1 1 1 1 |1 1 1 3 1 1 1 |5 1 1 1 1 1 1 1 1 1 1 3 1 1 1 1 |1 1 1 1 1 1 1 2 4 2 1 1 1 1 1 |1 6 2 1 1 3 1 1 1 1 1 1 1 1 3 1 2 1 |1 1 1 1 1 1 1 2 3 2 1 5 1 1 3 1 |1 1 1 2 1 1 1 1 1 1 1 1 1 1 |4 1 1 1 1 1 4 1 1 |2 1 1 1 1 6 1 2 5 1 1 1 1 1 1 1 1 1 4 1 |1 1 1 2 1 1 1 1 1 2 1 1 1 |2 2 2 1 1 4 2 1 1 2 1 1 1 1 1 1 3 1 2 1 |1 2 1 2 1 4 |1 1 1 1 1 1 5 1 1 1 1 1 |
最佳适应度：
100.9256188907054

===============第53个全局最优解================
最佳代数：
4661
最佳分配：
1 1 1 1 1 3 1 1 2 1 1 1 1 5 1 5 1 1 |1 2 1 5 1 1 1 1 1 1 1 |2 1 1 1 3 1 1 4 2 1 3 1 |1 1 1 1 1 1 3 1 1 1 3 1 1 1 1 1 |1 1 1 1 1 1 1 2 6 1 |2 3 1 1 1 3 1 1 1 1 1 1 1 6 1 2 1 |1 2 1 4 1 4 2 1 1 5 1 1 1 1 1 1 1 1 |1 1 1 1 1 1 1 |2 1 3 1 1 1 1 1 1 1 1 1 1 1 1 3 1 2 |2 1 3 1 1 1 3 1 1 1 1 1 1 1 1 1 1 1 1 |1 1 1 1 1 1 |1 1 1 1 1 1 1 1 1 1 |1 1 1 1 1 1 1 1 3 1 1 1 1 2 3 1 1 1 1 |1 1 5 6 1 1 1 6 1 |2 1 1 1 2 1 |1 2 4 1 1 4 1 1 1 1 4 1 2 1 1 1 1 |6 1 1 1 1 1 4 1 1 1 1 1 1 1 |1 1 1 1 1 1 1 1 |1 1 1 6 1 1 1 |1 1 1 1 2 1 2 1 1 1 1 1 1 1 3 2 |1 1 1 1 1 3 1 1 1 1 1 1 3 2 1 |1 5 2 1 1 1 1 1 3 1 2 1 1 2 1 1 3 1 |1 1 1 1 3 1 1 2 5 1 1 5 1 1 3 3 |1 1 1 2 1 1 1 1 1 1 1 2 2 1 |6 1 1 1 1 1 1 1 1 |1 1 1 1 5 5 2 1 4 1 1 2 1 1 1 1 1 5 4 1 |1 1 1 1 1 1 1 1 3 1 1 1 1 |1 2 3 2 1 1 1 1 1 1 5 1 5 2 1 1 1 2 1 1 |1 1 1 1 1 2 |1 1 1 1 1 1 4 1 2 1 1 1 |
最佳适应度：
99.42718822093912

===============第54个全局最优解================
最佳代数：
8876
最佳分配：
1 1 1 1 1 1 4 1 1 2 1 4 1 4 1 4 1 1 |1 1 1 4 2 1 1 6 1 1 1 |6 1 1 3 1 4 2 3 1 1 2 1 |2 1 1 1 5 1 6 1 6 4 5 1 1 1 1 1 |1 1 1 1 1 1 1 1 6 1 |4 2 2 1 1 1 1 1 1 1 1 1 1 1 1 4 1 |2 1 1 1 1 3 1 1 2 1 2 1 4 1 1 1 1 1 |1 1 2 1 1 1 1 |1 1 1 2 1 2 1 1 2 1 2 1 1 1 1 1 2 1 |1 1 1 1 1 1 2 1 1 2 1 1 1 1 2 1 1 2 1 |1 1 1 1 1 2 |1 1 1 1 2 2 1 1 1 1 |1 1 1 5 1 4 1 1 1 1 4 1 1 2 2 1 4 1 1 |1 1 1 4 1 1 1 4 1 |1 1 1 1 3 1 |1 1 1 1 1 1 1 1 1 1 5 1 1 1 1 1 1 |4 1 1 3 1 1 1 1 1 1 4 1 1 1 |1 1 1 1 1 1 1 1 |1 1 1 4 1 1 1 |1 1 1 1 1 1 2 1 1 1 2 1 1 1 1 1 |1 1 1 1 1 1 1 1 1 1 1 1 1 1 1 |2 5 2 2 1 1 1 1 1 1 1 2 2 1 1 1 1 4 |1 2 1 1 1 1 1 2 2 1 1 1 1 1 1 5 |1 1 1 6 2 1 1 1 1 1 1 2 2 1 |3 1 1 1 1 1 1 3 1 |1 1 1 1 6 4 1 1 1 1 1 1 2 1 1 1 1 2 6 1 |1 1 1 1 1 1 1 1 1 1 1 1 1 |1 1 2 1 1 5 1 2 1 1 3 3 4 1 1 1 1 1 1 1 |1 1 1 1 1 3 |1 1 1 1 1 1 6 1 1 1 2 1 |
最佳适应度：
101.63018149833398

===============第55个全局最优解================
最佳代数：
7728
最佳分配：
1 1 1 1 1 1 1 1 1 1 1 1 1 3 1 5 4 1 |1 1 1 2 1 1 1 4 1 1 1 |1 1 1 1 1 5 1 6 3 3 1 1 |1 1 1 1 3 1 5 1 1 1 4 1 1 2 1 1 |1 2 3 1 1 1 1 1 1 2 |4 1 1 1 2 1 2 1 1 1 1 1 1 5 1 3 1 |1 1 1 1 1 5 1 1 4 1 1 1 1 1 1 1 1 1 |1 1 3 1 1 1 1 |1 1 1 1 1 3 1 1 1 1 1 1 1 1 1 1 4 1 |1 1 1 1 1 1 4 1 1 1 1 1 1 1 1 1 1 2 1 |1 1 1 1 1 1 |1 1 1 1 1 1 2 1 1 1 |1 1 2 3 2 5 1 1 2 1 5 1 1 1 1 2 4 1 1 |1 1 4 6 1 5 1 6 3 |1 1 1 2 1 2 |1 1 4 1 1 1 1 1 1 1 1 1 1 1 1 1 1 |4 1 2 1 2 1 1 1 1 1 1 1 2 3 |1 1 1 1 1 1 1 2 |1 1 1 1 1 1 1 |1 1 3 1 1 2 1 1 1 1 1 1 1 1 3 1 |1 1 1 1 1 1 1 1 1 1 1 1 1 1 1 |1 5 3 1 1 1 1 1 1 2 1 1 1 4 3 1 1 2 |1 1 1 1 1 1 2 1 1 1 1 3 1 1 2 1 |1 1 1 5 1 1 1 2 1 1 1 3 2 1 |5 1 1 1 1 1 3 1 1 |2 1 1 1 1 4 1 1 4 2 1 1 1 1 1 1 2 2 6 1 |1 1 1 1 1 4 1 1 1 2 1 1 1 |5 1 1 1 1 2 1 1 2 3 1 1 3 1 1 1 1 1 3 1 |1 1 1 1 2 2 |5 1 1 1 1 2 4 1 3 1 1 1 |
最佳适应度：
100.74925793982298

===============第56个全局最优解================
最佳代数：
8903
最佳分配：
1 1 1 1 1 1 1 1 1 1 1 3 1 4 1 5 1 1 |1 2 1 6 1 2 1 4 1 3 1 |1 1 1 1 2 2 1 4 3 1 1 1 |1 1 3 1 3 1 5 1 1 1 6 4 1 1 1 1 |1 1 1 2 1 1 1 1 5 1 |1 1 1 1 2 1 1 1 1 2 1 1 1 3 1 4 2 |2 1 2 1 1 1 1 1 1 1 1 1 4 1 1 1 1 1 |1 1 3 1 1 1 3 |1 1 1 3 1 2 1 1 1 1 1 1 1 1 1 3 1 1 |1 1 1 2 1 1 1 1 1 2 1 1 1 1 1 1 3 1 1 |1 1 1 3 1 3 |1 1 1 1 1 1 1 1 1 2 |1 1 1 3 1 3 1 1 1 1 4 1 1 1 1 1 4 1 1 |1 1 4 5 1 1 1 3 1 |1 1 1 1 2 1 |1 1 1 1 1 1 1 1 1 1 2 1 1 1 1 1 1 |3 1 1 3 1 1 4 1 2 1 1 1 1 1 |1 1 1 1 1 1 1 2 |1 3 1 4 1 1 1 |2 1 3 3 1 2 1 1 1 1 1 1 1 1 1 1 |1 1 1 1 1 1 1 1 1 1 1 1 1 1 1 |1 5 1 1 1 2 1 1 3 1 2 1 1 1 1 1 1 2 |1 1 1 1 2 1 1 3 1 1 1 5 1 1 1 3 |1 1 1 1 1 1 1 1 1 1 2 5 2 1 |5 1 1 1 1 1 5 2 1 |2 1 1 1 4 4 1 1 4 1 1 1 1 1 1 1 2 1 5 1 |1 1 1 1 1 1 1 3 2 1 2 1 2 |4 1 1 1 1 3 1 1 1 2 1 2 1 1 1 1 1 1 1 1 |1 3 1 2 3 4 |5 1 1 1 1 1 4 1 1 4 1 1 |
最佳适应度：
102.09555987053963

===============第57个全局最优解================
最佳代数：
9950
最佳分配：
1 1 1 1 1 1 1 1 1 1 2 1 1 6 1 5 2 1 |1 1 1 2 1 1 1 6 1 1 1 |1 1 1 1 1 1 1 4 1 1 1 1 |1 1 1 1 6 1 1 1 1 1 3 1 1 2 2 1 |1 1 1 1 1 1 1 1 1 1 |2 1 4 1 1 1 1 3 5 1 1 1 1 1 1 4 1 |1 1 1 1 1 1 1 1 1 5 1 1 3 1 1 1 2 1 |1 1 1 1 1 1 1 |1 1 2 1 1 2 1 1 1 1 1 1 1 2 1 1 2 1 |2 2 1 1 1 1 2 1 1 4 1 1 2 1 1 2 1 1 1 |1 1 1 1 1 2 |1 1 1 1 1 1 2 1 1 1 |1 1 1 1 1 5 1 1 1 1 4 1 1 1 1 1 6 1 2 |2 2 5 6 3 2 1 4 2 |1 1 1 3 4 1 |1 1 2 1 1 1 1 1 1 1 3 1 1 1 1 1 2 |6 1 1 1 1 1 1 1 1 1 1 1 4 1 |1 1 1 1 1 2 1 1 |1 1 1 3 1 1 1 |4 1 1 1 1 1 1 1 1 1 1 1 1 1 1 1 |1 1 2 1 1 1 1 1 1 4 1 2 1 1 1 |1 6 1 1 1 1 1 1 3 1 1 1 2 1 1 1 1 5 |2 1 1 1 3 1 1 1 3 1 2 5 2 1 1 1 |1 1 2 1 1 1 1 1 1 1 1 1 1 1 |6 1 1 1 2 1 1 1 1 |1 1 1 1 2 6 1 3 3 1 1 1 1 1 1 1 1 5 5 1 |1 1 1 2 1 1 1 1 1 1 1 1 1 |5 1 1 1 1 2 1 1 1 2 1 1 6 1 1 1 3 1 1 2 |1 1 1 1 2 4 |2 1 1 1 2 2 6 3 1 1 1 1 |
最佳适应度：
102.59019207574514

===============第58个全局最优解================
最佳代数：
6001
最佳分配：
1 1 1 1 1 1 1 1 1 3 1 1 1 6 1 3 3 1 |1 1 1 1 1 5 1 4 1 1 1 |1 2 1 1 1 3 1 4 1 1 2 1 |1 1 1 1 2 1 4 1 2 4 5 1 1 1 1 1 |1 1 3 1 1 2 1 1 4 1 |3 1 2 1 1 1 1 1 1 1 1 1 1 1 1 5 2 |1 1 1 1 1 5 1 1 1 1 1 1 5 1 1 1 1 1 |1 1 1 1 1 1 1 |3 1 1 1 1 1 1 1 1 6 4 1 1 1 1 1 1 1 |1 1 1 1 1 1 1 1 2 2 1 1 1 1 1 2 1 1 3 |1 1 1 1 1 3 |1 1 1 1 2 1 1 1 1 1 |3 1 1 5 1 4 1 1 1 1 2 1 1 5 1 1 1 1 1 |1 1 3 6 1 1 1 4 1 |2 1 1 1 5 1 |2 2 6 4 1 2 1 2 1 1 4 1 1 1 1 1 1 |4 1 1 1 1 3 1 1 1 1 1 1 1 1 |1 3 1 1 1 1 1 1 |1 1 1 4 1 1 1 |3 1 1 1 2 1 1 1 3 1 1 1 1 2 3 1 |1 1 1 1 1 1 1 1 1 2 1 1 1 1 1 |1 6 3 1 1 4 1 1 1 1 1 4 1 3 1 1 1 1 |1 1 1 1 2 1 1 1 1 1 2 1 1 1 1 1 |1 1 1 1 1 1 1 1 1 1 1 1 1 1 |5 1 1 1 1 1 4 1 1 |1 1 1 1 4 1 1 1 6 1 1 1 1 1 1 1 1 3 3 1 |1 1 1 2 1 1 1 2 2 1 1 1 1 |1 1 1 1 1 4 1 1 1 1 1 1 4 1 1 1 1 1 1 1 |1 1 1 2 2 5 |4 1 1 1 2 2 4 1 1 1 1 1 |
最佳适应度：
101.44727830341546

===============第59个全局最优解================
最佳代数：
1602
最佳分配：
1 1 1 1 1 1 1 1 1 1 2 3 1 3 1 4 1 1 |2 1 1 4 1 3 1 4 1 1 1 |2 1 1 1 2 3 2 4 1 1 1 1 |1 1 1 1 3 1 4 1 3 1 2 1 1 1 1 1 |2 1 1 1 1 1 1 1 3 1 |1 2 1 3 1 2 1 1 1 1 1 2 1 3 1 6 1 |1 1 3 1 1 5 1 1 5 1 1 1 1 1 1 1 1 1 |1 1 1 1 1 1 1 |2 1 1 1 1 4 1 1 1 2 1 1 1 1 1 1 1 1 |1 1 1 1 1 1 2 1 1 1 1 1 2 1 1 1 1 1 1 |1 2 1 1 1 2 |1 1 1 1 1 1 1 1 1 1 |1 1 1 3 2 5 1 1 1 1 5 1 1 2 1 2 5 1 1 |1 1 4 5 1 4 1 5 1 |1 1 1 1 3 1 |1 1 2 1 1 5 1 2 1 1 3 1 1 1 1 1 1 |4 1 1 1 1 1 1 1 1 1 1 1 2 1 |1 1 1 1 1 1 4 1 |1 3 1 3 1 1 1 |2 1 1 1 1 1 1 1 3 1 1 4 3 1 1 1 |1 1 1 1 2 1 1 1 3 1 1 1 1 1 2 |1 6 1 1 1 3 1 2 1 1 1 1 1 5 1 1 1 3 |1 1 5 1 1 1 1 2 5 1 1 5 1 1 1 1 |1 1 1 3 1 1 1 1 1 1 1 1 2 1 |5 1 1 1 1 1 1 1 1 |1 1 1 1 1 6 1 1 2 3 1 1 1 1 1 1 1 1 2 1 |3 1 1 1 4 1 1 1 3 1 1 1 1 |2 1 1 1 1 1 2 1 1 2 1 1 2 1 1 2 1 1 1 1 |1 1 1 1 1 4 |5 1 1 1 1 1 6 1 1 2 1 1 |
最佳适应度：
100.97348939582297

===============第60个全局最优解================
最佳代数：
8855
最佳分配：
1 1 1 1 1 1 1 1 1 1 1 1 1 3 1 5 2 1 |2 1 1 6 1 2 1 4 1 1 1 |1 1 1 1 5 1 1 5 1 1 1 1 |1 1 1 1 2 1 2 1 1 1 3 1 4 1 1 1 |1 4 1 1 2 1 1 1 5 1 |3 1 1 2 1 1 1 1 1 1 1 1 3 3 1 5 1 |1 1 1 1 1 2 1 2 4 1 1 2 1 1 1 1 1 1 |1 1 3 1 1 1 1 |1 1 1 2 1 2 3 1 1 1 1 1 1 1 1 3 3 1 |1 1 2 3 1 1 1 1 1 4 1 1 1 1 1 2 1 1 1 |1 1 1 1 1 2 |1 1 1 1 2 1 1 1 1 1 |1 1 1 5 1 4 1 1 1 2 3 1 1 2 1 1 5 1 1 |1 1 6 4 2 1 1 5 1 |1 1 3 1 2 1 |1 1 2 1 1 1 3 4 1 1 5 1 1 1 1 2 1 |4 1 1 3 1 1 1 1 1 1 1 1 2 1 |1 1 1 1 1 1 1 1 |1 1 1 4 1 1 1 |1 1 3 2 1 1 1 1 1 6 1 1 1 1 1 1 |1 1 1 1 1 1 2 1 1 1 3 1 1 1 1 |1 6 1 2 1 1 1 1 5 1 1 1 2 1 1 1 1 1 |1 1 1 3 3 1 1 1 1 1 1 3 1 1 1 1 |1 1 1 1 1 1 1 1 1 1 1 1 2 1 |6 2 1 1 1 1 1 1 1 |1 1 1 1 2 5 1 1 1 2 1 1 1 1 1 3 1 3 2 1 |1 2 1 2 1 1 1 1 1 1 1 2 1 |1 1 1 1 1 2 1 1 1 1 1 3 4 1 4 1 1 1 1 1 |1 1 1 1 2 5 |3 1 1 2 1 1 5 1 1 3 1 1 |
最佳适应度：
100.72673766031251

最大适应度：103.15502702542722
最小适应度：99.42718822093912
平均适应度：101.3821937067889
估计标准差值：0.8212272650875294
最佳分配：
1 2 1 1 1 1 1 1 1 1 1 1 1 2 1 5 4 2 |1 1 1 5 5 1 2 5 1 1 1 |1 1 1 1 1 1 1 4 1 1 1 1 |3 1 1 1 4 1 1 1 3 2 5 1 1 1 1 1 |1 3 3 1 1 1 1 1 1 1 |1 1 1 2 1 1 1 1 3 1 2 1 1 2 2 2 1 |1 1 1 1 1 5 1 2 1 2 1 1 2 1 1 1 1 1 |1 1 2 1 1 1 1 |1 3 3 1 1 1 1 1 1 1 1 1 1 1 2 1 1 1 |1 1 1 1 1 1 1 1 1 2 1 1 1 1 1 1 2 1 1 |2 2 1 1 1 6 |1 1 1 1 1 1 1 1 1 3 |1 2 1 3 1 6 1 3 1 1 2 1 2 1 1 1 1 1 1 |1 1 3 5 2 2 2 6 1 |1 1 1 1 3 2 |1 1 1 1 1 2 3 2 1 1 2 1 1 1 1 1 1 |6 1 1 1 1 1 1 1 1 1 1 1 1 1 |1 1 1 1 1 1 1 2 |1 1 1 4 1 1 1 |3 1 3 1 1 1 1 1 1 1 1 1 1 1 1 1 |3 1 1 1 1 1 1 1 1 1 2 1 1 1 1 |1 6 1 1 1 1 1 1 1 1 2 1 1 2 1 1 2 2 |1 1 1 1 2 2 1 1 5 1 1 2 2 1 2 2 |1 2 1 2 2 1 1 1 1 1 1 1 2 1 |6 1 1 1 1 1 2 1 1 |1 1 1 1 5 5 1 1 4 1 2 1 1 2 1 1 1 4 6 1 |1 1 1 1 1 1 1 1 1 1 1 1 1 |4 1 1 1 1 4 1 1 1 1 1 1 3 1 2 1 1 1 2 1 |1 2 1 5 1 6 |3 1 1 1 1 1 5 1 1 1 1 1 |
PSO算法运行求解巡逻调度问题耗时：3小时，34分钟，54秒
