===============第1个全局最优解================
最佳代数：
2499
最佳分配：
1 6 1 1 1 1 |1 1 1 6 1 1 1 5 1 3 1 1 1 1 4 |
最佳适应度：
1.144839282354309

===============第2个全局最优解================
最佳代数：
2289
最佳分配：
1 6 1 1 1 1 |1 1 1 6 1 1 1 5 1 3 1 1 1 1 4 |
最佳适应度：
1.132735479139052

===============第3个全局最优解================
最佳代数：
2807
最佳分配：
1 6 1 1 1 1 |1 1 1 6 1 1 1 6 1 1 1 1 1 1 5 |
最佳适应度：
1.1338906195089578

===============第4个全局最优解================
最佳代数：
2483
最佳分配：
1 6 1 1 1 1 |1 1 1 6 1 1 1 6 1 4 1 1 1 1 2 |
最佳适应度：
1.1157554987578933

===============第5个全局最优解================
最佳代数：
2599
最佳分配：
1 6 1 1 1 1 |1 1 1 6 1 1 1 6 1 2 1 1 1 1 4 |
最佳适应度：
1.1569421927364636

===============第6个全局最优解================
最佳代数：
2615
最佳分配：
1 6 1 1 1 1 |1 1 1 6 1 1 1 6 1 1 1 1 1 1 5 |
最佳适应度：
1.126242829700838

===============第7个全局最优解================
最佳代数：
3093
最佳分配：
1 6 1 1 1 1 |1 1 1 6 1 1 1 6 1 3 1 1 1 1 3 |
最佳适应度：
1.1370877597307385

===============第8个全局最优解================
最佳代数：
2893
最佳分配：
1 6 1 1 1 1 |1 1 1 6 1 1 1 6 1 2 1 1 1 1 4 |
最佳适应度：
1.150657769621287

===============第9个全局最优解================
最佳代数：
2613
最佳分配：
1 6 1 1 1 1 |1 1 1 6 1 1 1 5 1 2 1 1 1 1 5 |
最佳适应度：
1.1431904798281711

===============第10个全局最优解================
最佳代数：
3043
最佳分配：
1 6 1 1 1 1 |1 1 1 6 1 1 1 6 1 1 1 1 1 1 5 |
最佳适应度：
1.171936178589202

===============第11个全局最优解================
最佳代数：
2331
最佳分配：
1 6 1 1 1 1 |1 1 1 6 1 1 1 6 1 4 1 1 1 1 2 |
最佳适应度：
1.1053401705553068

===============第12个全局最优解================
最佳代数：
2585
最佳分配：
1 6 1 1 1 1 |1 1 1 6 1 1 1 6 1 3 1 1 1 1 3 |
最佳适应度：
1.148290989300382

===============第13个全局最优解================
最佳代数：
2139
最佳分配：
1 6 1 1 1 1 |1 1 1 6 1 1 1 6 1 1 1 1 1 1 5 |
最佳适应度：
1.1473508111939281

===============第14个全局最优解================
最佳代数：
2157
最佳分配：
1 6 1 1 1 1 |1 1 1 6 1 1 1 6 1 2 1 1 1 1 4 |
最佳适应度：
1.1615871112713307

===============第15个全局最优解================
最佳代数：
2779
最佳分配：
1 6 1 1 1 1 |1 1 1 6 1 1 1 6 1 3 1 1 1 1 3 |
最佳适应度：
1.1551049817085646

===============第16个全局最优解================
最佳代数：
2803
最佳分配：
1 6 1 1 1 1 |1 1 1 6 1 1 1 6 1 3 1 1 1 1 3 |
最佳适应度：
1.1093789684244022

===============第17个全局最优解================
最佳代数：
3405
最佳分配：
1 6 1 1 1 1 |1 1 1 6 1 1 1 6 1 1 1 1 1 1 5 |
最佳适应度：
1.1111875269097051

===============第18个全局最优解================
最佳代数：
1955
最佳分配：
1 6 1 1 1 1 |1 1 1 6 1 1 1 6 1 1 1 1 1 1 5 |
最佳适应度：
1.1245108093397458

===============第19个全局最优解================
最佳代数：
2175
最佳分配：
1 6 1 1 1 1 |1 1 1 6 1 1 1 5 1 2 1 1 1 1 5 |
最佳适应度：
1.1358562435556658

===============第20个全局最优解================
最佳代数：
2969
最佳分配：
1 6 1 1 1 1 |1 1 1 6 1 1 1 5 1 3 1 1 1 1 4 |
最佳适应度：
1.1229682398596899

===============第21个全局最优解================
最佳代数：
3371
最佳分配：
1 6 1 1 1 1 |1 1 1 6 1 1 1 5 1 4 1 1 1 1 3 |
最佳适应度：
1.143798531388078

===============第22个全局最优解================
最佳代数：
2403
最佳分配：
1 6 1 1 1 1 |1 1 1 6 1 1 1 6 1 1 1 1 1 1 5 |
最佳适应度：
1.161096186856096

===============第23个全局最优解================
最佳代数：
2753
最佳分配：
1 6 1 1 1 1 |1 1 1 6 1 1 1 6 1 4 1 1 1 1 2 |
最佳适应度：
1.1785751878651483

===============第24个全局最优解================
最佳代数：
2643
最佳分配：
1 6 1 1 1 1 |1 1 1 6 1 1 1 6 1 3 1 1 1 1 3 |
最佳适应度：
1.122950913531598

===============第25个全局最优解================
最佳代数：
2621
最佳分配：
1 6 1 1 1 1 |1 1 1 6 1 1 1 6 1 1 1 1 1 1 5 |
最佳适应度：
1.1769979592297644

===============第26个全局最优解================
最佳代数：
3359
最佳分配：
1 6 1 1 1 1 |1 1 1 6 1 1 1 6 1 1 1 1 1 1 5 |
最佳适应度：
1.1599578978883172

===============第27个全局最优解================
最佳代数：
2477
最佳分配：
1 6 1 1 1 1 |1 1 1 6 1 1 1 6 1 4 1 1 1 1 2 |
最佳适应度：
1.1261170572383419

===============第28个全局最优解================
最佳代数：
2235
最佳分配：
1 6 1 1 1 1 |1 1 1 6 1 1 1 6 1 3 1 1 1 1 3 |
最佳适应度：
1.1329331349100997

===============第29个全局最优解================
最佳代数：
2699
最佳分配：
1 6 1 1 1 1 |1 1 1 6 1 1 1 6 1 2 1 1 1 1 4 |
最佳适应度：
1.119494509915071

===============第30个全局最优解================
最佳代数：
4265
最佳分配：
1 6 1 1 1 1 |1 1 1 6 1 1 1 6 1 2 1 1 1 1 4 |
最佳适应度：
1.139921840781309

===============第31个全局最优解================
最佳代数：
2425
最佳分配：
1 6 1 1 1 1 |1 1 1 6 1 1 1 6 1 2 1 1 1 1 4 |
最佳适应度：
1.1233967521437542

===============第32个全局最优解================
最佳代数：
2489
最佳分配：
1 6 1 1 1 1 |1 1 1 6 1 1 1 5 1 2 1 1 1 1 5 |
最佳适应度：
1.136870160817794

===============第33个全局最优解================
最佳代数：
2417
最佳分配：
1 6 1 1 1 1 |1 1 1 6 1 1 1 6 1 2 1 1 1 1 4 |
最佳适应度：
1.1540191309089933

===============第34个全局最优解================
最佳代数：
2349
最佳分配：
1 6 1 1 1 1 |1 1 1 6 1 1 1 6 1 3 1 1 1 1 3 |
最佳适应度：
1.1640009588372744

===============第35个全局最优解================
最佳代数：
1813
最佳分配：
1 6 1 1 1 1 |1 1 1 6 1 1 1 5 1 3 1 1 1 1 4 |
最佳适应度：
1.128684392665701

===============第36个全局最优解================
最佳代数：
2497
最佳分配：
1 6 1 1 1 1 |1 1 1 6 1 1 1 6 1 1 1 1 1 1 5 |
最佳适应度：
1.1572238111914959

===============第37个全局最优解================
最佳代数：
2705
最佳分配：
1 6 1 1 1 1 |1 1 1 6 1 1 1 6 1 3 1 1 1 1 3 |
最佳适应度：
1.136233421416053

===============第38个全局最优解================
最佳代数：
2035
最佳分配：
1 6 1 1 1 1 |1 1 1 6 1 1 1 6 1 1 1 1 1 1 5 |
最佳适应度：
1.1726950708013495

===============第39个全局最优解================
最佳代数：
3357
最佳分配：
1 6 1 1 1 1 |1 1 1 6 1 1 1 6 1 1 1 1 1 1 5 |
最佳适应度：
1.1033567868093492

===============第40个全局最优解================
最佳代数：
2753
最佳分配：
1 6 1 1 1 1 |1 1 1 6 1 1 1 6 1 3 1 1 1 1 3 |
最佳适应度：
1.141765662303515

===============第41个全局最优解================
最佳代数：
3135
最佳分配：
1 6 1 1 1 1 |1 1 1 6 1 1 1 6 1 2 1 1 1 1 4 |
最佳适应度：
1.1510415929356064

===============第42个全局最优解================
最佳代数：
1627
最佳分配：
1 6 1 1 1 1 |1 1 1 6 1 1 1 6 1 3 1 1 1 1 3 |
最佳适应度：
1.1279521764673492

===============第43个全局最优解================
最佳代数：
2889
最佳分配：
1 6 1 1 1 1 |1 1 1 6 1 1 1 6 1 1 1 1 1 1 5 |
最佳适应度：
1.1492327553359811

===============第44个全局最优解================
最佳代数：
2979
最佳分配：
1 6 1 1 1 1 |1 1 1 6 1 1 1 6 1 1 1 1 1 1 5 |
最佳适应度：
1.165237139058075

===============第45个全局最优解================
最佳代数：
1653
最佳分配：
1 6 1 1 1 1 |1 1 1 6 1 1 1 5 1 1 1 1 1 1 6 |
最佳适应度：
1.1485858585510078

===============第46个全局最优解================
最佳代数：
2613
最佳分配：
1 6 1 1 1 1 |1 1 1 6 1 1 1 5 1 3 1 1 1 1 4 |
最佳适应度：
1.1276593205858592

===============第47个全局最优解================
最佳代数：
1933
最佳分配：
1 6 1 1 1 1 |1 1 1 6 1 1 1 6 1 2 1 1 1 1 4 |
最佳适应度：
1.150501392201262

===============第48个全局最优解================
最佳代数：
2731
最佳分配：
1 6 1 1 1 1 |1 1 1 6 1 1 1 6 1 2 1 1 1 1 4 |
最佳适应度：
1.1425845659290053

===============第49个全局最优解================
最佳代数：
2687
最佳分配：
1 6 1 1 1 1 |1 1 1 6 1 1 1 5 1 1 1 1 1 1 6 |
最佳适应度：
1.1309374877700242

===============第50个全局最优解================
最佳代数：
2637
最佳分配：
1 6 1 1 1 1 |1 1 1 6 1 1 1 6 1 1 1 1 1 1 5 |
最佳适应度：
1.2022576319253564

===============第51个全局最优解================
最佳代数：
2469
最佳分配：
1 6 1 1 1 1 |1 1 1 6 1 1 1 6 1 2 1 1 1 1 4 |
最佳适应度：
1.153746522192688

===============第52个全局最优解================
最佳代数：
2419
最佳分配：
1 6 1 1 1 1 |1 1 1 6 1 1 1 6 1 3 1 1 1 1 3 |
最佳适应度：
1.1713082841276434

===============第53个全局最优解================
最佳代数：
2887
最佳分配：
1 6 1 1 1 1 |1 1 1 6 1 1 1 6 1 3 1 1 1 1 3 |
最佳适应度：
1.1216881300545223

===============第54个全局最优解================
最佳代数：
2009
最佳分配：
1 6 1 1 1 1 |1 1 1 6 1 1 1 6 1 2 1 1 1 1 4 |
最佳适应度：
1.1288916756495933

===============第55个全局最优解================
最佳代数：
2555
最佳分配：
1 6 1 1 1 1 |1 1 1 6 1 1 1 6 1 2 1 1 1 1 4 |
最佳适应度：
1.1452737328988436

===============第56个全局最优解================
最佳代数：
2799
最佳分配：
1 6 1 1 1 1 |1 1 1 6 1 1 1 6 1 2 1 1 1 1 4 |
最佳适应度：
1.165350835078511

===============第57个全局最优解================
最佳代数：
2955
最佳分配：
1 6 1 1 1 1 |1 1 1 6 1 1 1 6 1 3 1 1 1 1 3 |
最佳适应度：
1.137581993320996

===============第58个全局最优解================
最佳代数：
3193
最佳分配：
1 6 1 1 1 1 |1 1 1 6 1 1 1 6 1 2 1 1 1 1 4 |
最佳适应度：
1.124699164767425

===============第59个全局最优解================
最佳代数：
2075
最佳分配：
1 6 1 1 1 1 |1 1 1 6 1 1 1 6 1 2 1 1 1 1 4 |
最佳适应度：
1.117148492364926

===============第60个全局最优解================
最佳代数：
2767
最佳分配：
1 6 1 1 1 1 |1 1 1 6 1 1 1 6 1 2 1 1 1 1 4 |
最佳适应度：
1.1427932741716582

最大适应度：1.2022576319253564
最小适应度：1.1033567868093492
平均适应度：1.141990255582851
估计标准差值：0.019899856604107546
最佳分配：
1 6 1 1 1 1 |1 1 1 6 1 1 1 6 1 1 1 1 1 1 5 |
DNSPSO算法运行求解巡逻调度问题耗时：0小时，0分钟，13秒
