第1个BestWave: 
1 1 2 1 4 1 1 4 2 1 1 1 1 3 2 |3 2 1 1 2 1 1 4 1 5 3 2 4 1 2 5 1 2 5 4 |1 1 2 1 1 1 1 1 |1 1 1 1 1 1 1 |1 2 2 3 3 2 3 2 1 1 1 4 1 1 1 1 |2 2 1 1 2 1 1 4 2 1 5 1 3 1 |1 1 1 1 1 3 1 1 1 5 1 1 2 1 1 4 |1 1 1 1 1 |1 1 1 1 1 1 1 |1 1 2 1 1 1 1 1 1 1 1 1 1 1 4 |4 1 1 2 1 3 2 2 1 1 1 2 1 2 1 |2 2 1 1 1 1 1 1 1 1 |3 1 1 1 1 |1 2 1 1 1 2 1 1 1 1 1 1 |2 1 1 1 5 1 1 4 2 2 1 4 1 1 3 1 |1 1 1 1 1 1 1 1 |1 1 1 2 1 1 2 2 1 1 2 4 2 1 1 2 1 |1 1 1 1 1 1 2 |1 3 1 1 2 1 1 1 2 1 1 2 1 |2 3 1 2 1 1 3 1 3 3 3 3 2 2 3 2 1 1 3 3 |1 1 1 3 1 1 2 2 1 1 1 1 1 1 2 1 |1 1 2 1 2 1 1 2 2 1 1 2 1 3 |1 1 1 1 1 1 1 1 1 |1 1 1 1 1 1 2 1 1 3 1 1 |1 1 3 1 1 1 1 2 1 3 1 1 1 1 |1 2 1 1 1 2 1 1 2 1 2 1 |1 1 1 1 1 2 3 1 3 1 1 1 2 2 |2 1 1 1 1 1 1 1 1 |3 1 1 3 1 2 2 2 1 1 1 1 1 |1 1 2 2 4 1 1 3 1 1 1 1 5 2 1 1 2 |2 2 1 1 2 2 3 1 1 1 2 1 2 2 3 |1 1 1 1 1 2 1 1 1 |1 1 1 1 4 2 1 1 1 1 2 1 |1 1 1 1 1 1 3 2 1 1 1 1 |2 1 1 1 3 1 3 1 1 3 1 3 1 1 1 3 1 |2 1 1 1 1 1 |1 6 1 1 3 1 2 3 1 1 5 1 1 4 |1 1 1 1 1 2 1 |1 1 1 1 2 |3 1 3 1 1 1 1 2 1 1 2 1 |1 1 1 1 2 2 2 1 2 4 3 1 1 2 4 1 1 2 3 |2 1 5 2 1 1 2 1 3 2 1 3 1 1 2 |1 1 1 1 1 1 1 |1 1 1 1 1 |5 3 3 1 1 1 2 1 2 1 6 1 4 1 1 |1 1 1 2 1 1 2 2 1 |3 2 1 1 3 2 1 2 1 1 2 2 1 3 1 1 2 1 |1 1 1 1 1 2 1 2 |1 1 1 1 1 1 1 1 4 1 2 2 1 2 2 4 4 1 3 |3 2 4 2 2 1 3 3 1 1 1 2 1 3 1 3 1 2 2 |1 2 1 2 1 1 5 1 1 1 1 3 2 |1 1 1 2 1 1 1 6 3 3 1 1 1 2 2 1 |2 1 1 1 1 1 1 |1 1 2 1 1 4 4 5 1 2 2 2 3 5 2 1 1 4 |2 1 1 1 1 1 1 3 3 6 4 1 5 2 2 6 1 4 1 |1 1 1 2 1 1 2 1 1 2 2 1 1 1 2 1 |1 1 1 1 1 2 2 1 1 1 1 1 1 |1 1 1 1 1 |2 1 1 1 1 5 1 1 1 1 1 2 2 1 2 3 |1 2 1 2 1 1 1 1 |realPatrol = 1200|fitness = 859.3454169746753

最优解的最大适应度：859.3454169746753
最优解的最小适应度：859.3454169746753
最优解的平均适应度：859.3454169746753
估计标准差值：NaN
最优解的最佳分配：
1 1 2 1 4 1 1 4 2 1 1 1 1 3 2 |3 2 1 1 2 1 1 4 1 5 3 2 4 1 2 5 1 2 5 4 |1 1 2 1 1 1 1 1 |1 1 1 1 1 1 1 |1 2 2 3 3 2 3 2 1 1 1 4 1 1 1 1 |2 2 1 1 2 1 1 4 2 1 5 1 3 1 |1 1 1 1 1 3 1 1 1 5 1 1 2 1 1 4 |1 1 1 1 1 |1 1 1 1 1 1 1 |1 1 2 1 1 1 1 1 1 1 1 1 1 1 4 |4 1 1 2 1 3 2 2 1 1 1 2 1 2 1 |2 2 1 1 1 1 1 1 1 1 |3 1 1 1 1 |1 2 1 1 1 2 1 1 1 1 1 1 |2 1 1 1 5 1 1 4 2 2 1 4 1 1 3 1 |1 1 1 1 1 1 1 1 |1 1 1 2 1 1 2 2 1 1 2 4 2 1 1 2 1 |1 1 1 1 1 1 2 |1 3 1 1 2 1 1 1 2 1 1 2 1 |2 3 1 2 1 1 3 1 3 3 3 3 2 2 3 2 1 1 3 3 |1 1 1 3 1 1 2 2 1 1 1 1 1 1 2 1 |1 1 2 1 2 1 1 2 2 1 1 2 1 3 |1 1 1 1 1 1 1 1 1 |1 1 1 1 1 1 2 1 1 3 1 1 |1 1 3 1 1 1 1 2 1 3 1 1 1 1 |1 2 1 1 1 2 1 1 2 1 2 1 |1 1 1 1 1 2 3 1 3 1 1 1 2 2 |2 1 1 1 1 1 1 1 1 |3 1 1 3 1 2 2 2 1 1 1 1 1 |1 1 2 2 4 1 1 3 1 1 1 1 5 2 1 1 2 |2 2 1 1 2 2 3 1 1 1 2 1 2 2 3 |1 1 1 1 1 2 1 1 1 |1 1 1 1 4 2 1 1 1 1 2 1 |1 1 1 1 1 1 3 2 1 1 1 1 |2 1 1 1 3 1 3 1 1 3 1 3 1 1 1 3 1 |2 1 1 1 1 1 |1 6 1 1 3 1 2 3 1 1 5 1 1 4 |1 1 1 1 1 2 1 |1 1 1 1 2 |3 1 3 1 1 1 1 2 1 1 2 1 |1 1 1 1 2 2 2 1 2 4 3 1 1 2 4 1 1 2 3 |2 1 5 2 1 1 2 1 3 2 1 3 1 1 2 |1 1 1 1 1 1 1 |1 1 1 1 1 |5 3 3 1 1 1 2 1 2 1 6 1 4 1 1 |1 1 1 2 1 1 2 2 1 |3 2 1 1 3 2 1 2 1 1 2 2 1 3 1 1 2 1 |1 1 1 1 1 2 1 2 |1 1 1 1 1 1 1 1 4 1 2 2 1 2 2 4 4 1 3 |3 2 4 2 2 1 3 3 1 1 1 2 1 3 1 3 1 2 2 |1 2 1 2 1 1 5 1 1 1 1 3 2 |1 1 1 2 1 1 1 6 3 3 1 1 1 2 2 1 |2 1 1 1 1 1 1 |1 1 2 1 1 4 4 5 1 2 2 2 3 5 2 1 1 4 |2 1 1 1 1 1 1 3 3 6 4 1 5 2 2 6 1 4 1 |1 1 1 2 1 1 2 1 1 2 2 1 1 1 2 1 |1 1 1 1 1 2 2 1 1 1 1 1 1 |1 1 1 1 1 |2 1 1 1 1 5 1 1 1 1 1 2 2 1 2 3 |1 2 1 2 1 1 1 1 |1200|realPatrol = 1200
WWO算法运行求解巡逻调度问题耗时：0小时，7分钟，18秒
第1个BestWave: 
2 1 2 3 2 3 1 3 3 2 1 1 1 1 2 |2 1 1 2 3 1 1 5 1 4 2 3 4 1 1 3 1 3 1 2 |1 1 1 1 1 1 1 1 |1 1 1 1 1 1 1 |3 1 1 2 2 1 2 1 1 2 1 1 1 3 1 1 |1 2 1 1 1 1 1 1 1 1 3 1 2 1 |1 2 1 3 1 2 2 1 1 3 2 1 2 1 1 3 |1 1 1 1 1 |1 1 1 1 1 1 1 |2 1 1 2 1 1 3 1 2 1 1 1 1 1 4 |1 1 2 4 1 3 2 2 2 1 2 1 2 1 1 |1 1 1 1 3 1 1 1 1 1 |1 1 2 1 1 |1 1 1 1 1 1 1 1 1 1 2 2 |1 2 2 2 1 1 1 1 1 1 2 4 1 1 4 2 |1 1 1 1 1 1 1 1 |1 1 1 1 4 3 2 1 1 1 4 1 1 1 2 1 3 |1 1 1 1 1 1 1 |1 1 1 1 1 1 2 1 1 3 1 1 1 |1 2 1 2 2 4 4 1 2 1 2 5 1 1 2 3 1 1 1 1 |2 1 1 1 4 1 1 1 1 1 1 2 1 3 1 3 |2 1 2 2 1 1 2 1 3 1 1 3 1 2 |1 1 1 2 1 1 1 1 1 |1 1 1 1 1 2 2 2 1 2 2 3 |1 1 1 1 1 2 1 1 1 1 3 1 2 1 |1 1 1 1 2 1 1 1 1 1 1 3 |2 2 1 1 1 2 1 1 1 1 2 1 1 1 |1 1 2 1 1 1 1 2 1 |1 1 1 1 4 4 1 1 1 1 1 2 1 |1 1 1 1 2 1 2 2 3 4 1 1 1 3 3 1 1 |5 4 3 1 3 1 3 4 1 1 2 1 2 2 1 |2 1 2 1 1 1 1 1 1 |1 1 1 3 3 1 1 2 1 1 3 1 |1 1 1 1 1 1 1 2 2 1 1 1 |1 4 6 1 1 1 1 1 4 1 2 2 3 2 2 4 2 |1 1 1 2 1 1 |1 4 1 1 1 1 2 3 1 1 2 1 1 4 |1 1 2 1 1 1 1 |1 1 1 1 1 |5 1 4 1 2 1 1 1 1 2 1 2 |1 3 1 1 1 2 1 2 1 1 4 1 2 1 4 3 3 2 1 |3 1 1 3 1 1 1 1 1 2 1 2 1 1 1 |1 1 1 1 1 1 1 |1 1 1 1 1 |1 1 2 3 4 1 1 1 2 6 1 1 1 2 1 |1 1 2 1 1 1 1 1 1 |3 3 2 1 3 1 1 4 1 1 1 5 1 1 4 3 2 1 |2 1 1 1 1 1 1 1 |2 1 2 1 1 1 6 1 3 2 3 2 2 2 2 4 2 1 4 |1 2 3 1 4 2 2 2 1 1 1 2 2 1 3 1 1 3 2 |1 1 1 3 1 1 1 1 2 1 1 4 1 |1 1 2 1 2 1 2 1 2 3 2 1 1 1 3 1 |1 1 2 1 1 1 1 |2 3 6 1 4 1 3 5 1 1 1 3 3 1 1 3 2 1 |2 1 1 4 1 1 5 6 2 6 3 1 1 1 2 4 3 3 4 |1 2 2 3 2 1 1 2 4 1 1 2 1 2 4 1 |2 1 1 1 1 1 1 1 2 1 1 2 1 |1 1 1 1 1 |1 1 1 2 2 2 1 1 1 1 1 2 1 3 1 1 |1 1 1 1 2 2 1 1 |realPatrol = 1200|fitness = 863.8942142565827

最优解的最大适应度：863.8942142565827
最优解的最小适应度：863.8942142565827
最优解的平均适应度：863.8942142565827
估计标准差值：NaN
最优解的最佳分配：
2 1 2 3 2 3 1 3 3 2 1 1 1 1 2 |2 1 1 2 3 1 1 5 1 4 2 3 4 1 1 3 1 3 1 2 |1 1 1 1 1 1 1 1 |1 1 1 1 1 1 1 |3 1 1 2 2 1 2 1 1 2 1 1 1 3 1 1 |1 2 1 1 1 1 1 1 1 1 3 1 2 1 |1 2 1 3 1 2 2 1 1 3 2 1 2 1 1 3 |1 1 1 1 1 |1 1 1 1 1 1 1 |2 1 1 2 1 1 3 1 2 1 1 1 1 1 4 |1 1 2 4 1 3 2 2 2 1 2 1 2 1 1 |1 1 1 1 3 1 1 1 1 1 |1 1 2 1 1 |1 1 1 1 1 1 1 1 1 1 2 2 |1 2 2 2 1 1 1 1 1 1 2 4 1 1 4 2 |1 1 1 1 1 1 1 1 |1 1 1 1 4 3 2 1 1 1 4 1 1 1 2 1 3 |1 1 1 1 1 1 1 |1 1 1 1 1 1 2 1 1 3 1 1 1 |1 2 1 2 2 4 4 1 2 1 2 5 1 1 2 3 1 1 1 1 |2 1 1 1 4 1 1 1 1 1 1 2 1 3 1 3 |2 1 2 2 1 1 2 1 3 1 1 3 1 2 |1 1 1 2 1 1 1 1 1 |1 1 1 1 1 2 2 2 1 2 2 3 |1 1 1 1 1 2 1 1 1 1 3 1 2 1 |1 1 1 1 2 1 1 1 1 1 1 3 |2 2 1 1 1 2 1 1 1 1 2 1 1 1 |1 1 2 1 1 1 1 2 1 |1 1 1 1 4 4 1 1 1 1 1 2 1 |1 1 1 1 2 1 2 2 3 4 1 1 1 3 3 1 1 |5 4 3 1 3 1 3 4 1 1 2 1 2 2 1 |2 1 2 1 1 1 1 1 1 |1 1 1 3 3 1 1 2 1 1 3 1 |1 1 1 1 1 1 1 2 2 1 1 1 |1 4 6 1 1 1 1 1 4 1 2 2 3 2 2 4 2 |1 1 1 2 1 1 |1 4 1 1 1 1 2 3 1 1 2 1 1 4 |1 1 2 1 1 1 1 |1 1 1 1 1 |5 1 4 1 2 1 1 1 1 2 1 2 |1 3 1 1 1 2 1 2 1 1 4 1 2 1 4 3 3 2 1 |3 1 1 3 1 1 1 1 1 2 1 2 1 1 1 |1 1 1 1 1 1 1 |1 1 1 1 1 |1 1 2 3 4 1 1 1 2 6 1 1 1 2 1 |1 1 2 1 1 1 1 1 1 |3 3 2 1 3 1 1 4 1 1 1 5 1 1 4 3 2 1 |2 1 1 1 1 1 1 1 |2 1 2 1 1 1 6 1 3 2 3 2 2 2 2 4 2 1 4 |1 2 3 1 4 2 2 2 1 1 1 2 2 1 3 1 1 3 2 |1 1 1 3 1 1 1 1 2 1 1 4 1 |1 1 2 1 2 1 2 1 2 3 2 1 1 1 3 1 |1 1 2 1 1 1 1 |2 3 6 1 4 1 3 5 1 1 1 3 3 1 1 3 2 1 |2 1 1 4 1 1 5 6 2 6 3 1 1 1 2 4 3 3 4 |1 2 2 3 2 1 1 2 4 1 1 2 1 2 4 1 |2 1 1 1 1 1 1 1 2 1 1 2 1 |1 1 1 1 1 |1 1 1 2 2 2 1 1 1 1 1 2 1 3 1 1 |1 1 1 1 2 2 1 1 |1200|realPatrol = 1200
WWO算法运行求解巡逻调度问题耗时：0小时，7分钟，7秒
