第1个BestWave: 
2 1 1 5 2 1 1 2 3 1 1 2 1 1 1 |2 2 1 1 1 1 1 3 6 5 1 4 3 1 1 4 5 1 5 1 |2 1 1 1 2 1 1 1 |1 1 1 1 1 1 1 |3 2 1 3 2 4 2 2 1 3 1 2 4 2 1 4 |3 1 1 1 2 1 1 1 1 1 2 1 2 3 |3 1 1 1 2 1 1 1 1 4 1 1 1 4 3 2 |1 1 1 2 1 |1 1 1 1 1 1 1 |2 1 1 1 2 1 3 2 6 1 2 1 2 1 2 |1 3 2 2 1 1 2 1 1 4 1 1 2 2 1 |2 1 1 1 1 1 1 1 1 1 |1 1 1 1 1 |1 1 1 2 1 2 1 2 1 1 1 1 |4 1 2 1 1 1 1 2 1 1 2 5 6 2 1 1 |1 1 1 1 1 1 1 1 |1 1 2 3 1 1 3 1 1 3 1 2 1 2 1 1 1 |1 1 2 1 1 2 1 |1 2 2 1 3 2 1 2 1 3 1 1 1 |2 3 1 1 2 1 5 1 1 4 3 1 1 1 2 5 1 5 1 1 |1 1 3 3 1 3 1 3 3 2 1 2 1 1 3 2 |2 1 1 1 1 1 1 1 1 2 2 3 1 1 |2 1 1 1 1 2 1 1 2 |3 1 3 1 1 1 2 1 1 1 1 1 |4 4 3 2 2 1 1 1 3 5 2 1 1 1 |1 1 1 1 1 2 1 1 1 1 1 1 |2 1 1 1 3 2 3 1 1 1 1 1 1 1 |1 1 1 1 1 1 1 1 1 |2 1 2 2 2 1 1 1 1 2 1 3 1 |1 3 1 1 2 2 1 1 1 1 2 1 1 2 1 2 1 |3 3 1 1 2 1 1 1 4 2 1 1 1 1 1 |1 1 1 1 1 1 1 1 1 |1 2 2 2 1 1 1 1 1 1 1 1 |1 1 2 1 1 2 1 1 1 1 1 1 |1 1 2 1 1 1 3 1 1 1 1 3 1 1 1 3 1 |1 1 1 1 1 1 |1 2 2 1 2 1 1 1 1 1 1 2 3 1 |1 1 1 1 1 1 1 |1 1 1 1 1 |4 2 1 1 2 1 1 1 2 1 1 3 |2 1 2 4 1 4 3 1 1 4 2 2 2 1 3 1 2 4 4 |1 4 2 1 1 1 1 1 1 1 1 3 3 2 1 |1 1 1 1 2 1 1 |1 1 1 1 1 |2 1 5 3 2 1 1 2 1 1 1 1 1 2 1 |1 1 1 1 1 1 1 1 2 |1 1 2 3 3 1 1 1 1 3 1 1 1 6 1 5 3 1 |1 3 1 1 1 1 2 1 |2 2 1 1 4 3 1 1 3 1 1 1 1 1 1 5 2 2 1 |1 3 2 2 1 1 1 1 4 1 5 2 1 1 2 1 1 1 1 |1 3 1 1 1 1 1 1 1 2 1 1 2 |1 1 1 1 1 1 2 1 4 1 2 1 1 1 1 1 |1 1 1 1 1 1 1 |3 1 1 1 3 1 5 5 2 2 2 4 3 2 3 1 1 1 |2 1 2 5 1 1 1 1 1 6 2 1 4 2 4 4 2 3 3 |1 1 1 1 1 1 1 2 1 1 3 2 1 2 2 1 |1 2 1 1 1 4 1 1 2 1 1 1 1 |1 1 1 1 1 |5 1 1 1 1 4 1 1 1 1 3 5 1 4 1 1 |1 1 1 2 1 1 2 1 |realPatrol = 1200|fitness = 862.4839324779912

最优解的最大适应度：862.4839324779912
最优解的最小适应度：862.4839324779912
最优解的平均适应度：862.4839324779912
估计标准差值：NaN
最优解的最佳分配：
2 1 1 5 2 1 1 2 3 1 1 2 1 1 1 |2 2 1 1 1 1 1 3 6 5 1 4 3 1 1 4 5 1 5 1 |2 1 1 1 2 1 1 1 |1 1 1 1 1 1 1 |3 2 1 3 2 4 2 2 1 3 1 2 4 2 1 4 |3 1 1 1 2 1 1 1 1 1 2 1 2 3 |3 1 1 1 2 1 1 1 1 4 1 1 1 4 3 2 |1 1 1 2 1 |1 1 1 1 1 1 1 |2 1 1 1 2 1 3 2 6 1 2 1 2 1 2 |1 3 2 2 1 1 2 1 1 4 1 1 2 2 1 |2 1 1 1 1 1 1 1 1 1 |1 1 1 1 1 |1 1 1 2 1 2 1 2 1 1 1 1 |4 1 2 1 1 1 1 2 1 1 2 5 6 2 1 1 |1 1 1 1 1 1 1 1 |1 1 2 3 1 1 3 1 1 3 1 2 1 2 1 1 1 |1 1 2 1 1 2 1 |1 2 2 1 3 2 1 2 1 3 1 1 1 |2 3 1 1 2 1 5 1 1 4 3 1 1 1 2 5 1 5 1 1 |1 1 3 3 1 3 1 3 3 2 1 2 1 1 3 2 |2 1 1 1 1 1 1 1 1 2 2 3 1 1 |2 1 1 1 1 2 1 1 2 |3 1 3 1 1 1 2 1 1 1 1 1 |4 4 3 2 2 1 1 1 3 5 2 1 1 1 |1 1 1 1 1 2 1 1 1 1 1 1 |2 1 1 1 3 2 3 1 1 1 1 1 1 1 |1 1 1 1 1 1 1 1 1 |2 1 2 2 2 1 1 1 1 2 1 3 1 |1 3 1 1 2 2 1 1 1 1 2 1 1 2 1 2 1 |3 3 1 1 2 1 1 1 4 2 1 1 1 1 1 |1 1 1 1 1 1 1 1 1 |1 2 2 2 1 1 1 1 1 1 1 1 |1 1 2 1 1 2 1 1 1 1 1 1 |1 1 2 1 1 1 3 1 1 1 1 3 1 1 1 3 1 |1 1 1 1 1 1 |1 2 2 1 2 1 1 1 1 1 1 2 3 1 |1 1 1 1 1 1 1 |1 1 1 1 1 |4 2 1 1 2 1 1 1 2 1 1 3 |2 1 2 4 1 4 3 1 1 4 2 2 2 1 3 1 2 4 4 |1 4 2 1 1 1 1 1 1 1 1 3 3 2 1 |1 1 1 1 2 1 1 |1 1 1 1 1 |2 1 5 3 2 1 1 2 1 1 1 1 1 2 1 |1 1 1 1 1 1 1 1 2 |1 1 2 3 3 1 1 1 1 3 1 1 1 6 1 5 3 1 |1 3 1 1 1 1 2 1 |2 2 1 1 4 3 1 1 3 1 1 1 1 1 1 5 2 2 1 |1 3 2 2 1 1 1 1 4 1 5 2 1 1 2 1 1 1 1 |1 3 1 1 1 1 1 1 1 2 1 1 2 |1 1 1 1 1 1 2 1 4 1 2 1 1 1 1 1 |1 1 1 1 1 1 1 |3 1 1 1 3 1 5 5 2 2 2 4 3 2 3 1 1 1 |2 1 2 5 1 1 1 1 1 6 2 1 4 2 4 4 2 3 3 |1 1 1 1 1 1 1 2 1 1 3 2 1 2 2 1 |1 2 1 1 1 4 1 1 2 1 1 1 1 |1 1 1 1 1 |5 1 1 1 1 4 1 1 1 1 3 5 1 4 1 1 |1 1 1 2 1 1 2 1 |1200|realPatrol = 1200
WWO算法运行求解巡逻调度问题耗时：0小时，3分钟，7秒
第1个BestWave: 
1 1 5 5 5 1 1 5 4 1 1 1 1 1 1 |6 1 1 1 1 1 1 1 5 6 1 1 6 1 1 1 1 1 1 1 |6 1 5 1 1 1 1 1 |1 1 1 4 1 1 1 |1 1 1 1 1 1 5 5 1 1 1 1 1 5 1 6 |1 1 1 1 1 1 1 1 1 1 1 1 3 1 |1 5 1 1 1 1 1 1 1 6 1 1 1 1 1 6 |6 1 1 1 1 |1 1 1 1 1 1 1 |1 1 1 2 1 1 1 1 6 1 1 1 1 1 6 |1 1 1 1 1 1 1 1 1 1 1 1 1 1 1 |1 1 1 1 1 1 1 1 1 1 |1 1 1 1 5 |5 1 1 1 1 1 1 1 1 1 1 1 |1 1 1 1 1 1 1 1 1 1 1 6 1 1 6 1 |1 1 1 1 1 1 1 1 |1 1 1 1 1 1 1 1 1 1 5 1 1 1 1 1 1 |6 1 1 3 1 4 1 |1 1 1 1 6 1 1 1 1 6 1 1 1 |1 6 1 1 1 1 5 1 1 5 1 1 1 1 1 5 1 1 1 1 |1 1 1 1 1 1 1 1 1 1 1 1 1 1 1 6 |1 1 1 1 1 1 1 1 1 1 1 1 1 1 |1 1 1 1 1 1 1 1 1 |1 1 1 1 1 1 4 1 1 1 1 1 |1 1 1 6 1 1 1 1 1 1 1 1 1 4 |1 1 1 1 1 1 1 1 1 1 1 1 |1 1 1 1 1 1 1 1 1 1 1 1 1 1 |1 1 1 1 1 1 1 1 1 |1 1 1 1 6 1 1 1 1 1 1 1 1 |1 1 1 1 1 1 1 6 1 1 1 1 1 2 1 1 1 |6 6 1 1 3 1 6 1 1 1 1 1 4 1 1 |6 1 5 1 1 1 1 5 1 |1 6 1 1 1 1 1 1 1 1 1 1 |1 1 1 1 1 1 1 1 1 6 1 1 |1 1 1 1 1 1 1 1 1 1 1 1 1 1 1 6 1 |1 6 1 6 4 1 |1 6 1 6 1 1 1 6 1 1 1 1 1 1 |1 1 1 1 1 1 1 |1 1 1 1 1 |6 1 6 1 1 1 1 1 1 1 1 3 |1 1 1 1 1 1 1 1 1 1 1 1 1 1 5 1 1 1 4 |1 1 3 1 1 1 1 1 1 1 1 6 1 1 1 |1 1 1 1 1 1 6 |4 1 1 4 1 |6 6 4 1 1 1 4 1 1 1 1 1 1 1 1 |1 1 1 1 1 1 1 1 1 |1 1 1 1 5 1 1 1 1 1 1 1 1 6 1 6 1 1 |1 1 1 1 1 1 1 6 |1 1 1 1 5 1 1 1 4 1 1 1 1 1 1 4 1 3 3 |1 1 1 1 1 1 1 1 1 1 1 1 1 4 1 1 1 1 1 |1 1 1 6 1 1 1 1 1 1 1 1 1 |1 4 1 1 1 1 1 1 1 5 1 1 1 1 1 1 |1 1 1 1 1 1 1 |1 1 6 1 1 1 6 6 1 1 1 1 6 6 1 6 1 1 |1 1 1 1 1 1 1 1 5 6 6 1 5 1 1 6 1 3 6 |1 1 1 1 1 1 1 1 6 1 1 1 1 1 1 1 |1 1 1 1 1 2 1 1 1 1 1 1 1 |1 1 5 1 1 |1 1 1 1 1 5 1 1 1 1 1 5 1 6 1 1 |1 1 6 1 1 1 1 1 |realPatrol = 1200|fitness = 987.7030996015104

最优解的最大适应度：987.7030996015104
最优解的最小适应度：987.7030996015104
最优解的平均适应度：987.7030996015104
估计标准差值：NaN
最优解的最佳分配：
1 1 5 5 5 1 1 5 4 1 1 1 1 1 1 |6 1 1 1 1 1 1 1 5 6 1 1 6 1 1 1 1 1 1 1 |6 1 5 1 1 1 1 1 |1 1 1 4 1 1 1 |1 1 1 1 1 1 5 5 1 1 1 1 1 5 1 6 |1 1 1 1 1 1 1 1 1 1 1 1 3 1 |1 5 1 1 1 1 1 1 1 6 1 1 1 1 1 6 |6 1 1 1 1 |1 1 1 1 1 1 1 |1 1 1 2 1 1 1 1 6 1 1 1 1 1 6 |1 1 1 1 1 1 1 1 1 1 1 1 1 1 1 |1 1 1 1 1 1 1 1 1 1 |1 1 1 1 5 |5 1 1 1 1 1 1 1 1 1 1 1 |1 1 1 1 1 1 1 1 1 1 1 6 1 1 6 1 |1 1 1 1 1 1 1 1 |1 1 1 1 1 1 1 1 1 1 5 1 1 1 1 1 1 |6 1 1 3 1 4 1 |1 1 1 1 6 1 1 1 1 6 1 1 1 |1 6 1 1 1 1 5 1 1 5 1 1 1 1 1 5 1 1 1 1 |1 1 1 1 1 1 1 1 1 1 1 1 1 1 1 6 |1 1 1 1 1 1 1 1 1 1 1 1 1 1 |1 1 1 1 1 1 1 1 1 |1 1 1 1 1 1 4 1 1 1 1 1 |1 1 1 6 1 1 1 1 1 1 1 1 1 4 |1 1 1 1 1 1 1 1 1 1 1 1 |1 1 1 1 1 1 1 1 1 1 1 1 1 1 |1 1 1 1 1 1 1 1 1 |1 1 1 1 6 1 1 1 1 1 1 1 1 |1 1 1 1 1 1 1 6 1 1 1 1 1 2 1 1 1 |6 6 1 1 3 1 6 1 1 1 1 1 4 1 1 |6 1 5 1 1 1 1 5 1 |1 6 1 1 1 1 1 1 1 1 1 1 |1 1 1 1 1 1 1 1 1 6 1 1 |1 1 1 1 1 1 1 1 1 1 1 1 1 1 1 6 1 |1 6 1 6 4 1 |1 6 1 6 1 1 1 6 1 1 1 1 1 1 |1 1 1 1 1 1 1 |1 1 1 1 1 |6 1 6 1 1 1 1 1 1 1 1 3 |1 1 1 1 1 1 1 1 1 1 1 1 1 1 5 1 1 1 4 |1 1 3 1 1 1 1 1 1 1 1 6 1 1 1 |1 1 1 1 1 1 6 |4 1 1 4 1 |6 6 4 1 1 1 4 1 1 1 1 1 1 1 1 |1 1 1 1 1 1 1 1 1 |1 1 1 1 5 1 1 1 1 1 1 1 1 6 1 6 1 1 |1 1 1 1 1 1 1 6 |1 1 1 1 5 1 1 1 4 1 1 1 1 1 1 4 1 3 3 |1 1 1 1 1 1 1 1 1 1 1 1 1 4 1 1 1 1 1 |1 1 1 6 1 1 1 1 1 1 1 1 1 |1 4 1 1 1 1 1 1 1 5 1 1 1 1 1 1 |1 1 1 1 1 1 1 |1 1 6 1 1 1 6 6 1 1 1 1 6 6 1 6 1 1 |1 1 1 1 1 1 1 1 5 6 6 1 5 1 1 6 1 3 6 |1 1 1 1 1 1 1 1 6 1 1 1 1 1 1 1 |1 1 1 1 1 2 1 1 1 1 1 1 1 |1 1 5 1 1 |1 1 1 1 1 5 1 1 1 1 1 5 1 6 1 1 |1 1 6 1 1 1 1 1 |1200|realPatrol = 1200
PWWO算法运行求解巡逻调度问题耗时：0小时，3分钟，8秒
=============第1个最优解如下=============
最大目标值出现代数：
2936
最大目标值为：
870.1101541136838
最佳分配方案：
1 1 2 3 3 3 2 2 2 2 1 2 2 1 2 |3 1 2 1 2 3 1 3 2 2 2 2 3 2 2 3 3 1 2 1 |3 1 3 2 1 2 1 2 |1 1 1 2 1 1 1 |2 1 1 1 2 1 3 2 2 1 2 2 1 2 2 3 |2 1 2 2 1 2 2 2 2 2 2 2 3 1 |3 3 2 1 2 1 2 2 1 3 2 2 2 2 3 2 |3 1 3 1 1 |1 2 1 1 2 1 2 |3 1 2 3 1 2 2 3 3 1 2 1 2 2 3 |2 2 2 2 2 2 2 2 2 2 1 1 2 2 1 |2 1 1 2 2 2 2 2 1 1 |1 2 1 2 2 |2 2 2 2 2 1 1 2 1 1 1 1 |1 2 2 2 2 2 1 1 1 1 2 3 2 2 2 2 |2 2 3 1 2 3 2 1 |1 1 1 1 1 1 1 1 1 1 3 2 1 1 1 2 1 |1 1 2 2 2 2 2 |2 2 2 2 2 2 1 1 1 3 1 2 2 |1 2 2 2 1 1 3 1 3 2 2 2 2 2 3 3 2 2 1 1 |2 2 2 2 2 2 2 2 1 1 1 1 2 2 2 2 |1 1 1 1 1 1 1 1 1 1 2 1 2 2 |1 1 1 1 2 1 2 1 1 |2 1 2 1 1 1 2 1 2 2 2 2 |2 1 2 2 2 2 2 2 1 2 1 2 2 2 |1 1 1 1 2 2 2 1 1 2 1 1 |1 1 1 1 1 2 2 1 1 1 1 1 1 1 |2 1 1 2 1 1 1 1 1 |1 1 2 2 2 2 2 2 2 2 1 1 2 |1 1 1 1 2 1 1 2 1 1 1 1 2 2 1 2 1 |2 2 1 2 2 2 2 1 2 1 1 2 2 2 2 |2 2 2 1 2 2 2 2 2 |2 2 2 2 1 1 1 1 1 1 1 1 |1 1 1 1 1 2 2 2 1 2 1 1 |1 2 2 1 1 1 2 1 1 2 1 1 2 1 1 2 1 |1 2 2 2 2 2 |1 2 2 2 2 1 1 2 2 1 2 1 1 1 |2 1 1 1 1 1 1 |1 1 1 2 2 |2 2 2 2 2 1 2 1 1 1 1 2 |2 2 2 1 1 1 1 1 1 2 1 1 2 1 2 2 2 2 2 |2 2 2 2 2 2 2 2 2 2 2 2 2 2 1 |2 2 2 2 2 2 2 |2 2 2 2 2 |2 2 2 1 2 1 2 1 2 1 1 1 1 1 1 |1 1 1 2 2 1 1 2 1 |1 2 1 1 2 2 2 1 1 2 1 1 1 2 1 2 2 2 |2 2 1 1 2 2 2 2 |2 1 2 2 2 2 2 2 2 1 2 1 1 2 1 2 2 2 2 |1 1 1 1 1 1 1 1 1 1 1 1 1 2 1 1 1 1 1 |2 2 1 2 2 2 1 1 1 1 1 1 1 |1 2 1 2 2 1 1 1 2 2 1 1 1 2 2 2 |2 1 2 2 1 1 2 |1 2 2 2 2 1 2 2 2 2 2 2 2 2 2 2 1 1 |2 2 1 1 1 1 2 2 2 2 2 2 2 2 1 2 2 2 2 |1 2 2 1 2 1 1 1 2 2 1 1 1 1 1 1 |1 1 2 1 1 2 1 1 1 2 2 2 2 |1 2 2 1 1 |2 2 1 1 1 2 2 2 2 2 1 2 1 2 1 1 |1 1 2 2 1 2 2 2 |

最大适应度：870.1101541136838
最小适应度：870.1101541136838
平均适应度：870.1101541136838
估计标准差值：NaN
最佳分配：
1 1 2 3 3 3 2 2 2 2 1 2 2 1 2 |3 1 2 1 2 3 1 3 2 2 2 2 3 2 2 3 3 1 2 1 |3 1 3 2 1 2 1 2 |1 1 1 2 1 1 1 |2 1 1 1 2 1 3 2 2 1 2 2 1 2 2 3 |2 1 2 2 1 2 2 2 2 2 2 2 3 1 |3 3 2 1 2 1 2 2 1 3 2 2 2 2 3 2 |3 1 3 1 1 |1 2 1 1 2 1 2 |3 1 2 3 1 2 2 3 3 1 2 1 2 2 3 |2 2 2 2 2 2 2 2 2 2 1 1 2 2 1 |2 1 1 2 2 2 2 2 1 1 |1 2 1 2 2 |2 2 2 2 2 1 1 2 1 1 1 1 |1 2 2 2 2 2 1 1 1 1 2 3 2 2 2 2 |2 2 3 1 2 3 2 1 |1 1 1 1 1 1 1 1 1 1 3 2 1 1 1 2 1 |1 1 2 2 2 2 2 |2 2 2 2 2 2 1 1 1 3 1 2 2 |1 2 2 2 1 1 3 1 3 2 2 2 2 2 3 3 2 2 1 1 |2 2 2 2 2 2 2 2 1 1 1 1 2 2 2 2 |1 1 1 1 1 1 1 1 1 1 2 1 2 2 |1 1 1 1 2 1 2 1 1 |2 1 2 1 1 1 2 1 2 2 2 2 |2 1 2 2 2 2 2 2 1 2 1 2 2 2 |1 1 1 1 2 2 2 1 1 2 1 1 |1 1 1 1 1 2 2 1 1 1 1 1 1 1 |2 1 1 2 1 1 1 1 1 |1 1 2 2 2 2 2 2 2 2 1 1 2 |1 1 1 1 2 1 1 2 1 1 1 1 2 2 1 2 1 |2 2 1 2 2 2 2 1 2 1 1 2 2 2 2 |2 2 2 1 2 2 2 2 2 |2 2 2 2 1 1 1 1 1 1 1 1 |1 1 1 1 1 2 2 2 1 2 1 1 |1 2 2 1 1 1 2 1 1 2 1 1 2 1 1 2 1 |1 2 2 2 2 2 |1 2 2 2 2 1 1 2 2 1 2 1 1 1 |2 1 1 1 1 1 1 |1 1 1 2 2 |2 2 2 2 2 1 2 1 1 1 1 2 |2 2 2 1 1 1 1 1 1 2 1 1 2 1 2 2 2 2 2 |2 2 2 2 2 2 2 2 2 2 2 2 2 2 1 |2 2 2 2 2 2 2 |2 2 2 2 2 |2 2 2 1 2 1 2 1 2 1 1 1 1 1 1 |1 1 1 2 2 1 1 2 1 |1 2 1 1 2 2 2 1 1 2 1 1 1 2 1 2 2 2 |2 2 1 1 2 2 2 2 |2 1 2 2 2 2 2 2 2 1 2 1 1 2 1 2 2 2 2 |1 1 1 1 1 1 1 1 1 1 1 1 1 2 1 1 1 1 1 |2 2 1 2 2 2 1 1 1 1 1 1 1 |1 2 1 2 2 1 1 1 2 2 1 1 1 2 2 2 |2 1 2 2 1 1 2 |1 2 2 2 2 1 2 2 2 2 2 2 2 2 2 2 1 1 |2 2 1 1 1 1 2 2 2 2 2 2 2 2 1 2 2 2 2 |1 2 2 1 2 1 1 1 2 2 1 1 1 1 1 1 |1 1 2 1 1 2 1 1 1 2 2 2 2 |1 2 2 1 1 |2 2 1 1 1 2 2 2 2 2 1 2 1 2 1 1 |1 1 2 2 1 2 2 2 |
GA算法运行求解巡逻调度问题耗时：0小时，4分钟，37秒
===============第1个全局最优解================
最佳代数：
2035
最佳分配：
1 1 3 1 6 1 1 1 5 4 2 1 1 2 1 |4 2 1 1 1 1 2 4 5 2 3 1 3 1 1 3 1 1 1 1 |5 1 4 1 2 1 1 1 |1 1 1 3 1 1 1 |1 1 1 1 1 1 1 5 3 3 1 6 3 3 1 2 |1 1 3 1 1 1 1 3 1 1 1 1 3 5 |2 3 1 1 1 1 1 1 2 5 1 1 1 1 1 5 |5 1 4 5 1 |1 1 2 2 1 1 3 |1 1 2 1 1 1 1 1 1 1 1 1 2 1 4 |1 1 2 1 1 1 4 1 1 1 1 1 2 1 1 |1 1 1 1 1 1 2 1 1 1 |2 1 1 1 2 |1 4 1 1 1 4 2 5 1 6 5 1 |1 2 1 1 3 4 1 1 1 1 1 2 1 1 1 1 |3 1 1 1 5 1 3 1 |1 1 5 1 1 1 1 1 1 1 3 1 1 3 2 1 1 |2 1 1 1 1 4 1 |1 1 1 1 4 1 2 2 1 5 2 1 1 |1 1 4 2 1 1 4 2 1 4 2 1 1 1 1 1 1 1 1 1 |1 1 1 2 4 1 2 1 1 2 3 1 1 3 1 2 |1 3 1 2 1 1 3 1 1 1 1 2 1 1 |1 1 2 1 1 1 2 1 1 |1 1 1 1 1 1 1 1 1 1 2 1 |1 1 1 4 3 1 1 1 2 1 1 1 1 1 |1 1 1 1 4 2 1 1 2 1 1 1 |1 1 1 1 1 1 1 1 1 1 1 1 1 1 |1 1 1 1 1 1 2 1 1 |1 1 1 1 4 3 1 1 1 1 1 3 2 |1 1 1 1 1 1 1 2 1 1 1 1 1 6 1 3 1 |4 5 1 1 1 1 2 1 1 1 2 1 1 1 1 |4 1 5 1 2 2 1 1 2 |1 1 2 1 1 1 2 1 1 1 1 1 |1 1 1 1 1 5 3 4 1 1 1 1 |1 2 5 3 1 1 1 5 1 2 1 1 1 1 1 4 1 |1 4 3 1 2 3 |1 3 5 2 1 1 1 4 1 1 1 1 1 1 |1 3 1 1 1 1 1 |1 1 1 1 1 |5 1 6 1 1 1 2 1 1 1 1 3 |1 1 1 1 1 1 1 1 2 2 2 2 1 3 2 1 4 1 2 |2 2 2 1 1 1 2 1 3 2 1 5 1 1 2 |2 1 1 1 1 1 4 |1 1 1 1 1 |6 1 3 1 3 1 4 1 1 1 1 1 4 1 1 |1 1 1 2 1 2 1 5 1 |2 1 1 1 4 1 1 3 1 2 1 1 1 6 1 1 1 1 |1 1 2 1 1 1 1 3 |1 1 3 1 1 1 1 1 3 1 1 1 1 5 3 2 1 1 1 |1 1 1 1 1 1 1 1 1 1 3 1 2 1 1 1 1 1 1 |1 5 1 1 1 1 1 1 1 1 1 1 1 |1 1 2 1 1 1 1 1 1 1 1 3 1 1 1 1 |2 1 1 1 1 1 1 |1 1 2 1 1 1 4 4 1 2 1 1 4 1 4 3 1 2 |1 1 2 1 1 1 1 1 3 4 5 4 2 1 1 4 1 3 2 |3 1 2 3 1 1 1 1 4 1 1 1 1 1 1 1 |2 1 1 1 1 1 1 1 1 1 2 1 1 |1 2 1 1 1 |1 2 1 1 1 1 1 1 1 1 1 5 1 3 1 1 |1 1 3 1 1 1 1 1 |
最佳适应度：
899.2627658023888

最大适应度：899.2627658023888
最小适应度：899.2627658023888
平均适应度：899.2627658023888
估计标准差值：NaN
最佳分配：
1 1 3 1 6 1 1 1 5 4 2 1 1 2 1 |4 2 1 1 1 1 2 4 5 2 3 1 3 1 1 3 1 1 1 1 |5 1 4 1 2 1 1 1 |1 1 1 3 1 1 1 |1 1 1 1 1 1 1 5 3 3 1 6 3 3 1 2 |1 1 3 1 1 1 1 3 1 1 1 1 3 5 |2 3 1 1 1 1 1 1 2 5 1 1 1 1 1 5 |5 1 4 5 1 |1 1 2 2 1 1 3 |1 1 2 1 1 1 1 1 1 1 1 1 2 1 4 |1 1 2 1 1 1 4 1 1 1 1 1 2 1 1 |1 1 1 1 1 1 2 1 1 1 |2 1 1 1 2 |1 4 1 1 1 4 2 5 1 6 5 1 |1 2 1 1 3 4 1 1 1 1 1 2 1 1 1 1 |3 1 1 1 5 1 3 1 |1 1 5 1 1 1 1 1 1 1 3 1 1 3 2 1 1 |2 1 1 1 1 4 1 |1 1 1 1 4 1 2 2 1 5 2 1 1 |1 1 4 2 1 1 4 2 1 4 2 1 1 1 1 1 1 1 1 1 |1 1 1 2 4 1 2 1 1 2 3 1 1 3 1 2 |1 3 1 2 1 1 3 1 1 1 1 2 1 1 |1 1 2 1 1 1 2 1 1 |1 1 1 1 1 1 1 1 1 1 2 1 |1 1 1 4 3 1 1 1 2 1 1 1 1 1 |1 1 1 1 4 2 1 1 2 1 1 1 |1 1 1 1 1 1 1 1 1 1 1 1 1 1 |1 1 1 1 1 1 2 1 1 |1 1 1 1 4 3 1 1 1 1 1 3 2 |1 1 1 1 1 1 1 2 1 1 1 1 1 6 1 3 1 |4 5 1 1 1 1 2 1 1 1 2 1 1 1 1 |4 1 5 1 2 2 1 1 2 |1 1 2 1 1 1 2 1 1 1 1 1 |1 1 1 1 1 5 3 4 1 1 1 1 |1 2 5 3 1 1 1 5 1 2 1 1 1 1 1 4 1 |1 4 3 1 2 3 |1 3 5 2 1 1 1 4 1 1 1 1 1 1 |1 3 1 1 1 1 1 |1 1 1 1 1 |5 1 6 1 1 1 2 1 1 1 1 3 |1 1 1 1 1 1 1 1 2 2 2 2 1 3 2 1 4 1 2 |2 2 2 1 1 1 2 1 3 2 1 5 1 1 2 |2 1 1 1 1 1 4 |1 1 1 1 1 |6 1 3 1 3 1 4 1 1 1 1 1 4 1 1 |1 1 1 2 1 2 1 5 1 |2 1 1 1 4 1 1 3 1 2 1 1 1 6 1 1 1 1 |1 1 2 1 1 1 1 3 |1 1 3 1 1 1 1 1 3 1 1 1 1 5 3 2 1 1 1 |1 1 1 1 1 1 1 1 1 1 3 1 2 1 1 1 1 1 1 |1 5 1 1 1 1 1 1 1 1 1 1 1 |1 1 2 1 1 1 1 1 1 1 1 3 1 1 1 1 |2 1 1 1 1 1 1 |1 1 2 1 1 1 4 4 1 2 1 1 4 1 4 3 1 2 |1 1 2 1 1 1 1 1 3 4 5 4 2 1 1 4 1 3 2 |3 1 2 3 1 1 1 1 4 1 1 1 1 1 1 1 |2 1 1 1 1 1 1 1 1 1 2 1 1 |1 2 1 1 1 |1 2 1 1 1 1 1 1 1 1 1 5 1 3 1 1 |1 1 3 1 1 1 1 1 |
PSO算法运行求解巡逻调度问题耗时：0小时，4分钟，51秒
===============第1个最优解如下===============
最佳适宜值为：
983.8350041274184
最佳迁移代数为：
2999
最佳分配序列为：
1 1 3 4 4 3 1 2 4 2 1 1 1 1 1 |5 1 2 1 2 1 1 4 5 6 3 1 5 1 3 3 1 1 3 1 |5 1 4 1 1 1 1 1 |1 1 2 3 1 2 1 |2 1 1 2 1 1 4 4 1 1 1 1 1 3 1 5 |3 1 1 1 1 1 1 3 1 2 3 1 4 1 |1 4 1 1 1 1 2 2 1 4 1 1 1 1 1 3 |6 1 1 1 1 |1 1 1 1 1 1 2 |2 1 2 3 1 2 3 2 5 1 1 1 1 1 4 |1 1 1 2 3 1 2 1 1 2 1 1 1 2 1 |1 1 1 1 1 1 1 1 1 1 |1 2 1 1 4 |2 1 1 1 1 1 1 1 1 1 1 1 |1 2 1 1 3 1 1 1 1 1 2 4 1 1 2 1 |3 2 1 1 1 1 1 1 |1 1 2 1 1 1 1 1 1 1 3 3 2 1 1 1 1 |2 1 1 3 1 2 1 |1 1 1 1 5 1 1 2 1 4 1 1 1 |1 6 1 2 1 1 3 1 1 1 3 2 1 1 3 2 2 2 1 1 |1 1 3 1 2 1 1 1 1 1 1 1 2 1 1 3 |1 1 1 1 2 1 2 1 2 1 1 1 1 2 |1 1 2 1 3 1 1 1 1 |2 1 2 1 1 1 4 1 2 1 1 1 |3 1 1 2 2 1 1 1 1 2 1 1 1 2 |1 1 1 1 1 1 1 1 1 1 1 1 |1 1 1 1 1 3 2 2 1 1 1 1 1 1 |2 1 1 1 1 1 1 1 1 |1 1 1 3 5 1 2 1 2 2 1 1 1 |1 2 2 1 2 1 1 3 1 1 1 1 1 2 1 2 1 |4 6 1 1 4 1 3 1 1 2 1 1 1 1 1 |3 1 4 1 1 1 1 2 1 |1 2 1 1 1 1 2 1 1 1 2 1 |1 1 1 1 1 1 1 1 1 4 2 1 |1 1 4 1 2 1 1 2 2 1 1 2 2 2 1 2 1 |1 2 2 3 2 2 |1 6 1 3 1 1 1 2 3 1 2 1 1 3 |3 1 1 1 2 1 1 |1 1 1 1 1 |3 1 4 2 2 1 1 1 2 1 1 3 |1 1 1 1 1 2 1 1 1 2 1 1 1 1 4 1 4 1 3 |4 1 3 1 2 1 1 1 2 1 2 5 1 1 1 |2 2 1 1 1 1 4 |3 1 1 2 1 |5 4 3 1 1 1 3 1 3 1 2 1 4 1 1 |1 1 1 1 2 1 1 1 1 |3 3 1 1 5 1 1 1 1 2 1 2 1 5 1 3 1 1 |1 1 1 1 1 1 1 5 |2 1 1 1 6 1 3 1 2 1 1 1 1 1 1 2 1 3 1 |1 1 2 1 1 1 1 1 1 1 1 1 1 2 1 1 1 1 1 |1 4 1 3 1 3 1 1 1 1 1 1 1 |1 3 1 1 1 1 1 1 1 4 1 1 1 1 2 2 |2 1 1 1 1 1 1 |1 1 4 1 1 1 4 6 1 1 2 3 5 4 3 3 1 1 |1 1 1 1 1 1 1 1 4 6 5 1 4 1 1 6 1 2 5 |1 1 1 1 1 1 1 1 3 1 2 1 1 1 1 1 |1 1 1 1 1 1 1 1 1 1 2 1 2 |1 3 4 1 1 |1 1 1 1 1 4 1 1 2 1 1 3 1 1 1 1 |1 1 6 1 1 1 1 1 |num = 1200

最大适应度：983.8350041274184
最小适应度：983.8350041274184
平均适应度：983.8350041274184
估计标准差值：NaN
最佳分配：
1 1 3 4 4 3 1 2 4 2 1 1 1 1 1 |5 1 2 1 2 1 1 4 5 6 3 1 5 1 3 3 1 1 3 1 |5 1 4 1 1 1 1 1 |1 1 2 3 1 2 1 |2 1 1 2 1 1 4 4 1 1 1 1 1 3 1 5 |3 1 1 1 1 1 1 3 1 2 3 1 4 1 |1 4 1 1 1 1 2 2 1 4 1 1 1 1 1 3 |6 1 1 1 1 |1 1 1 1 1 1 2 |2 1 2 3 1 2 3 2 5 1 1 1 1 1 4 |1 1 1 2 3 1 2 1 1 2 1 1 1 2 1 |1 1 1 1 1 1 1 1 1 1 |1 2 1 1 4 |2 1 1 1 1 1 1 1 1 1 1 1 |1 2 1 1 3 1 1 1 1 1 2 4 1 1 2 1 |3 2 1 1 1 1 1 1 |1 1 2 1 1 1 1 1 1 1 3 3 2 1 1 1 1 |2 1 1 3 1 2 1 |1 1 1 1 5 1 1 2 1 4 1 1 1 |1 6 1 2 1 1 3 1 1 1 3 2 1 1 3 2 2 2 1 1 |1 1 3 1 2 1 1 1 1 1 1 1 2 1 1 3 |1 1 1 1 2 1 2 1 2 1 1 1 1 2 |1 1 2 1 3 1 1 1 1 |2 1 2 1 1 1 4 1 2 1 1 1 |3 1 1 2 2 1 1 1 1 2 1 1 1 2 |1 1 1 1 1 1 1 1 1 1 1 1 |1 1 1 1 1 3 2 2 1 1 1 1 1 1 |2 1 1 1 1 1 1 1 1 |1 1 1 3 5 1 2 1 2 2 1 1 1 |1 2 2 1 2 1 1 3 1 1 1 1 1 2 1 2 1 |4 6 1 1 4 1 3 1 1 2 1 1 1 1 1 |3 1 4 1 1 1 1 2 1 |1 2 1 1 1 1 2 1 1 1 2 1 |1 1 1 1 1 1 1 1 1 4 2 1 |1 1 4 1 2 1 1 2 2 1 1 2 2 2 1 2 1 |1 2 2 3 2 2 |1 6 1 3 1 1 1 2 3 1 2 1 1 3 |3 1 1 1 2 1 1 |1 1 1 1 1 |3 1 4 2 2 1 1 1 2 1 1 3 |1 1 1 1 1 2 1 1 1 2 1 1 1 1 4 1 4 1 3 |4 1 3 1 2 1 1 1 2 1 2 5 1 1 1 |2 2 1 1 1 1 4 |3 1 1 2 1 |5 4 3 1 1 1 3 1 3 1 2 1 4 1 1 |1 1 1 1 2 1 1 1 1 |3 3 1 1 5 1 1 1 1 2 1 2 1 5 1 3 1 1 |1 1 1 1 1 1 1 5 |2 1 1 1 6 1 3 1 2 1 1 1 1 1 1 2 1 3 1 |1 1 2 1 1 1 1 1 1 1 1 1 1 2 1 1 1 1 1 |1 4 1 3 1 3 1 1 1 1 1 1 1 |1 3 1 1 1 1 1 1 1 4 1 1 1 1 2 2 |2 1 1 1 1 1 1 |1 1 4 1 1 1 4 6 1 1 2 3 5 4 3 3 1 1 |1 1 1 1 1 1 1 1 4 6 5 1 4 1 1 6 1 2 5 |1 1 1 1 1 1 1 1 3 1 2 1 1 1 1 1 |1 1 1 1 1 1 1 1 1 1 2 1 2 |1 3 4 1 1 |1 1 1 1 1 4 1 1 2 1 1 3 1 1 1 1 |1 1 6 1 1 1 1 1 |num = 1200
BBO算法运行求解巡逻调度问题耗时：0小时，13分钟，5秒
===============第1个最优解如下===============
最佳适宜值为：
999.7784436162958
最佳迁移代数为：
9999
最佳分配序列为：
1 1 3 3 6 3 1 2 3 3 1 1 1 1 1 |2 1 2 1 1 1 1 4 4 6 3 1 5 1 1 5 1 1 1 1 |5 1 4 1 1 1 1 1 |1 1 1 2 1 1 1 |3 1 1 3 1 1 4 4 1 1 1 1 1 2 1 2 |4 1 1 1 1 1 1 2 1 1 2 1 3 1 |1 2 1 1 1 1 1 1 2 4 1 1 1 1 1 5 |6 1 1 1 1 |1 2 1 1 1 1 1 |1 1 2 2 1 1 4 1 4 1 1 1 1 1 5 |2 1 1 2 3 1 2 1 1 1 1 1 1 2 1 |1 1 1 1 1 1 1 1 2 1 |1 3 1 1 3 |3 1 1 1 1 1 1 1 1 1 1 1 |1 2 1 2 2 1 1 1 1 1 2 4 1 2 2 1 |2 3 1 1 2 1 1 1 |1 1 2 1 1 1 1 1 1 1 4 1 1 1 1 1 1 |3 1 1 2 1 2 1 |1 1 1 1 5 1 1 2 1 5 1 1 1 |1 6 1 2 1 1 4 1 1 3 4 2 1 1 2 3 1 1 1 1 |1 1 1 1 2 1 1 1 1 1 1 1 2 2 1 3 |1 1 1 1 1 1 1 1 1 1 2 1 1 1 |1 1 1 1 1 1 1 1 1 |3 1 1 1 1 1 3 1 2 1 1 1 |4 1 1 3 2 1 1 1 1 2 1 1 1 4 |1 1 1 1 1 1 1 1 1 1 1 1 |1 1 1 1 1 3 1 1 1 1 1 1 1 1 |2 1 1 1 1 1 1 1 1 |1 1 1 3 6 1 2 1 2 2 1 1 1 |1 1 1 1 1 1 1 3 1 1 1 1 1 2 1 2 1 |5 6 1 1 4 1 4 1 1 1 1 1 2 1 1 |3 1 4 1 1 1 1 4 1 |1 3 1 1 1 1 1 1 1 1 2 1 |1 1 1 1 1 2 1 1 1 5 1 1 |1 2 4 1 1 1 1 2 3 1 1 2 2 1 1 5 1 |1 3 1 3 2 2 |1 5 1 3 1 1 1 3 3 1 3 1 1 2 |2 1 1 1 1 1 1 |1 3 1 1 2 |6 1 6 4 3 1 1 1 2 1 1 3 |1 1 1 1 1 1 1 1 1 1 1 2 1 1 5 1 4 1 3 |4 1 2 1 1 1 1 1 2 1 2 5 1 1 1 |2 2 2 1 1 1 5 |1 1 1 3 1 |4 5 4 1 1 1 2 1 3 1 1 1 2 1 1 |1 1 1 1 2 1 1 1 1 |2 3 1 1 5 1 1 1 1 1 1 2 1 6 1 4 1 1 |2 1 1 1 1 1 1 6 |1 1 1 1 6 1 4 1 3 1 1 1 1 1 1 4 1 3 3 |1 1 2 1 1 1 1 1 2 1 1 1 1 3 1 1 1 1 1 |1 3 1 3 1 1 1 1 1 1 1 1 1 |1 2 1 1 1 1 1 1 1 4 1 1 1 1 3 1 |1 1 1 1 1 1 1 |1 1 4 1 1 1 5 6 1 1 1 4 6 3 2 5 1 1 |1 1 1 1 1 1 1 1 4 6 5 1 5 1 1 6 1 2 5 |1 1 3 1 1 1 1 1 5 1 1 1 1 1 1 1 |1 1 1 1 1 1 1 1 1 1 1 1 1 |1 2 3 1 1 |1 1 1 1 1 3 1 1 1 1 1 5 1 4 1 1 |1 1 5 1 1 1 1 1 |num = 1200

最大适应度：999.7784436162958
最小适应度：999.7784436162958
平均适应度：999.7784436162958
估计标准差值：NaN
最佳分配：
1 1 3 3 6 3 1 2 3 3 1 1 1 1 1 |2 1 2 1 1 1 1 4 4 6 3 1 5 1 1 5 1 1 1 1 |5 1 4 1 1 1 1 1 |1 1 1 2 1 1 1 |3 1 1 3 1 1 4 4 1 1 1 1 1 2 1 2 |4 1 1 1 1 1 1 2 1 1 2 1 3 1 |1 2 1 1 1 1 1 1 2 4 1 1 1 1 1 5 |6 1 1 1 1 |1 2 1 1 1 1 1 |1 1 2 2 1 1 4 1 4 1 1 1 1 1 5 |2 1 1 2 3 1 2 1 1 1 1 1 1 2 1 |1 1 1 1 1 1 1 1 2 1 |1 3 1 1 3 |3 1 1 1 1 1 1 1 1 1 1 1 |1 2 1 2 2 1 1 1 1 1 2 4 1 2 2 1 |2 3 1 1 2 1 1 1 |1 1 2 1 1 1 1 1 1 1 4 1 1 1 1 1 1 |3 1 1 2 1 2 1 |1 1 1 1 5 1 1 2 1 5 1 1 1 |1 6 1 2 1 1 4 1 1 3 4 2 1 1 2 3 1 1 1 1 |1 1 1 1 2 1 1 1 1 1 1 1 2 2 1 3 |1 1 1 1 1 1 1 1 1 1 2 1 1 1 |1 1 1 1 1 1 1 1 1 |3 1 1 1 1 1 3 1 2 1 1 1 |4 1 1 3 2 1 1 1 1 2 1 1 1 4 |1 1 1 1 1 1 1 1 1 1 1 1 |1 1 1 1 1 3 1 1 1 1 1 1 1 1 |2 1 1 1 1 1 1 1 1 |1 1 1 3 6 1 2 1 2 2 1 1 1 |1 1 1 1 1 1 1 3 1 1 1 1 1 2 1 2 1 |5 6 1 1 4 1 4 1 1 1 1 1 2 1 1 |3 1 4 1 1 1 1 4 1 |1 3 1 1 1 1 1 1 1 1 2 1 |1 1 1 1 1 2 1 1 1 5 1 1 |1 2 4 1 1 1 1 2 3 1 1 2 2 1 1 5 1 |1 3 1 3 2 2 |1 5 1 3 1 1 1 3 3 1 3 1 1 2 |2 1 1 1 1 1 1 |1 3 1 1 2 |6 1 6 4 3 1 1 1 2 1 1 3 |1 1 1 1 1 1 1 1 1 1 1 2 1 1 5 1 4 1 3 |4 1 2 1 1 1 1 1 2 1 2 5 1 1 1 |2 2 2 1 1 1 5 |1 1 1 3 1 |4 5 4 1 1 1 2 1 3 1 1 1 2 1 1 |1 1 1 1 2 1 1 1 1 |2 3 1 1 5 1 1 1 1 1 1 2 1 6 1 4 1 1 |2 1 1 1 1 1 1 6 |1 1 1 1 6 1 4 1 3 1 1 1 1 1 1 4 1 3 3 |1 1 2 1 1 1 1 1 2 1 1 1 1 3 1 1 1 1 1 |1 3 1 3 1 1 1 1 1 1 1 1 1 |1 2 1 1 1 1 1 1 1 4 1 1 1 1 3 1 |1 1 1 1 1 1 1 |1 1 4 1 1 1 5 6 1 1 1 4 6 3 2 5 1 1 |1 1 1 1 1 1 1 1 4 6 5 1 5 1 1 6 1 2 5 |1 1 3 1 1 1 1 1 5 1 1 1 1 1 1 1 |1 1 1 1 1 1 1 1 1 1 1 1 1 |1 2 3 1 1 |1 1 1 1 1 3 1 1 1 1 1 5 1 4 1 1 |1 1 5 1 1 1 1 1 |num = 1200
BBO算法运行求解巡逻调度问题耗时：0小时，37分钟，0秒
===============第1个最优解如下===============
最佳适宜值为：
999.6975244192295
最佳迁移代数为：
9999
最佳分配序列为：
1 1 3 3 5 4 1 3 3 3 1 1 1 1 1 |4 1 2 1 1 1 1 4 3 5 3 1 6 1 2 4 1 1 1 1 |6 1 3 1 1 1 1 1 |1 1 1 2 1 2 1 |3 1 1 1 1 1 4 4 1 1 1 1 1 4 1 3 |3 1 1 1 1 1 1 2 1 1 2 1 4 1 |1 4 1 1 1 1 1 1 1 4 1 1 1 1 1 5 |6 1 1 1 1 |1 1 1 1 1 1 1 |2 1 2 2 1 1 3 1 5 1 1 1 1 1 4 |1 1 1 1 2 1 2 1 1 2 1 1 1 2 1 |1 1 1 1 1 1 1 1 2 1 |1 2 1 1 3 |3 1 1 1 1 1 1 1 1 1 1 1 |1 2 1 1 2 1 1 1 1 1 1 5 1 3 2 1 |1 2 1 1 2 1 1 1 |1 1 2 1 1 1 1 1 1 1 3 1 1 1 1 1 1 |3 1 1 2 1 3 1 |1 1 1 1 5 1 1 2 1 6 1 2 1 |1 3 1 1 1 1 4 1 1 3 3 2 1 1 3 3 2 1 1 1 |1 1 1 1 1 1 1 1 1 1 1 1 2 2 1 3 |1 1 1 1 1 1 1 1 1 1 2 1 1 2 |1 1 1 1 1 1 2 1 1 |3 1 2 1 1 1 3 1 3 1 1 1 |5 1 1 3 1 2 1 1 1 3 1 1 2 3 |1 1 1 1 1 1 1 1 1 2 1 1 |1 1 1 1 1 1 3 1 1 1 2 1 1 1 |3 1 1 1 1 1 1 1 1 |1 1 1 2 6 1 1 1 1 2 1 1 2 |1 1 1 1 1 1 1 5 1 1 1 1 1 2 1 2 1 |6 6 1 1 4 1 3 1 1 1 1 1 2 1 1 |3 1 3 1 1 1 1 3 1 |1 5 1 1 1 1 1 1 1 1 3 1 |1 1 1 1 1 2 2 2 1 6 2 1 |1 1 4 1 1 1 1 1 2 1 1 2 3 1 1 5 1 |1 4 1 4 3 3 |1 5 2 4 1 1 1 3 2 1 2 1 1 3 |2 1 1 1 2 1 1 |1 3 1 1 3 |6 1 5 2 3 1 1 1 2 1 1 3 |1 1 1 1 1 2 1 1 1 2 1 1 1 1 5 1 4 1 2 |4 2 1 1 1 1 1 1 2 1 3 6 1 1 1 |1 2 1 1 1 1 4 |2 1 1 2 1 |5 4 3 1 1 1 3 1 4 1 1 1 1 1 1 |1 1 1 1 3 1 1 1 1 |3 2 1 1 3 1 1 2 1 1 1 2 1 6 1 2 1 1 |1 1 1 1 1 1 1 4 |1 1 1 1 6 1 3 1 3 1 1 1 1 1 1 4 1 1 2 |1 1 1 1 1 1 1 1 1 1 1 1 1 2 1 1 1 1 1 |1 3 1 5 1 2 1 1 1 1 1 1 1 |1 2 1 1 1 1 1 1 1 2 1 1 1 1 3 1 |1 1 1 1 1 1 1 |1 1 5 1 1 1 5 6 1 1 1 3 4 5 2 6 1 1 |1 1 1 1 1 1 2 1 4 6 5 1 3 1 1 6 1 3 5 |1 1 3 1 1 1 1 1 5 1 1 1 1 1 1 1 |1 1 1 1 1 1 1 1 1 1 1 1 1 |1 3 4 1 1 |1 1 1 1 1 3 1 1 1 1 1 4 1 3 1 1 |1 1 3 1 1 1 1 1 |num = 1200

最大适应度：999.6975244192295
最小适应度：999.6975244192295
平均适应度：999.6975244192295
估计标准差值：NaN
最佳分配：
1 1 3 3 5 4 1 3 3 3 1 1 1 1 1 |4 1 2 1 1 1 1 4 3 5 3 1 6 1 2 4 1 1 1 1 |6 1 3 1 1 1 1 1 |1 1 1 2 1 2 1 |3 1 1 1 1 1 4 4 1 1 1 1 1 4 1 3 |3 1 1 1 1 1 1 2 1 1 2 1 4 1 |1 4 1 1 1 1 1 1 1 4 1 1 1 1 1 5 |6 1 1 1 1 |1 1 1 1 1 1 1 |2 1 2 2 1 1 3 1 5 1 1 1 1 1 4 |1 1 1 1 2 1 2 1 1 2 1 1 1 2 1 |1 1 1 1 1 1 1 1 2 1 |1 2 1 1 3 |3 1 1 1 1 1 1 1 1 1 1 1 |1 2 1 1 2 1 1 1 1 1 1 5 1 3 2 1 |1 2 1 1 2 1 1 1 |1 1 2 1 1 1 1 1 1 1 3 1 1 1 1 1 1 |3 1 1 2 1 3 1 |1 1 1 1 5 1 1 2 1 6 1 2 1 |1 3 1 1 1 1 4 1 1 3 3 2 1 1 3 3 2 1 1 1 |1 1 1 1 1 1 1 1 1 1 1 1 2 2 1 3 |1 1 1 1 1 1 1 1 1 1 2 1 1 2 |1 1 1 1 1 1 2 1 1 |3 1 2 1 1 1 3 1 3 1 1 1 |5 1 1 3 1 2 1 1 1 3 1 1 2 3 |1 1 1 1 1 1 1 1 1 2 1 1 |1 1 1 1 1 1 3 1 1 1 2 1 1 1 |3 1 1 1 1 1 1 1 1 |1 1 1 2 6 1 1 1 1 2 1 1 2 |1 1 1 1 1 1 1 5 1 1 1 1 1 2 1 2 1 |6 6 1 1 4 1 3 1 1 1 1 1 2 1 1 |3 1 3 1 1 1 1 3 1 |1 5 1 1 1 1 1 1 1 1 3 1 |1 1 1 1 1 2 2 2 1 6 2 1 |1 1 4 1 1 1 1 1 2 1 1 2 3 1 1 5 1 |1 4 1 4 3 3 |1 5 2 4 1 1 1 3 2 1 2 1 1 3 |2 1 1 1 2 1 1 |1 3 1 1 3 |6 1 5 2 3 1 1 1 2 1 1 3 |1 1 1 1 1 2 1 1 1 2 1 1 1 1 5 1 4 1 2 |4 2 1 1 1 1 1 1 2 1 3 6 1 1 1 |1 2 1 1 1 1 4 |2 1 1 2 1 |5 4 3 1 1 1 3 1 4 1 1 1 1 1 1 |1 1 1 1 3 1 1 1 1 |3 2 1 1 3 1 1 2 1 1 1 2 1 6 1 2 1 1 |1 1 1 1 1 1 1 4 |1 1 1 1 6 1 3 1 3 1 1 1 1 1 1 4 1 1 2 |1 1 1 1 1 1 1 1 1 1 1 1 1 2 1 1 1 1 1 |1 3 1 5 1 2 1 1 1 1 1 1 1 |1 2 1 1 1 1 1 1 1 2 1 1 1 1 3 1 |1 1 1 1 1 1 1 |1 1 5 1 1 1 5 6 1 1 1 3 4 5 2 6 1 1 |1 1 1 1 1 1 2 1 4 6 5 1 3 1 1 6 1 3 5 |1 1 3 1 1 1 1 1 5 1 1 1 1 1 1 1 |1 1 1 1 1 1 1 1 1 1 1 1 1 |1 3 4 1 1 |1 1 1 1 1 3 1 1 1 1 1 4 1 3 1 1 |1 1 3 1 1 1 1 1 |num = 1200
BBO算法运行求解巡逻调度问题耗时：0小时，37分钟，6秒
