===============第1个最优解如下===============
最佳适宜值为：
1.108849062102015
最佳迁移代数为：
9999
最佳分配序列为：
1 6 1 1 1 2 |1 1 1 6 1 1 1 4 1 4 1 1 1 1 3 |num = 40

===============第2个最优解如下===============
最佳适宜值为：
1.1382364239217952
最佳迁移代数为：
9999
最佳分配序列为：
1 5 1 1 1 2 |1 1 1 6 1 1 1 4 1 3 1 1 1 1 5 |num = 40

===============第3个最优解如下===============
最佳适宜值为：
1.114763663825862
最佳迁移代数为：
9999
最佳分配序列为：
1 6 1 1 1 1 |1 1 1 5 1 1 1 6 1 3 1 1 1 1 4 |num = 40

===============第4个最优解如下===============
最佳适宜值为：
1.138235684229965
最佳迁移代数为：
9999
最佳分配序列为：
1 6 1 1 1 1 |1 1 1 6 1 1 1 6 1 1 1 1 1 1 5 |num = 40

===============第5个最优解如下===============
最佳适宜值为：
1.152865011090525
最佳迁移代数为：
9999
最佳分配序列为：
1 6 1 1 1 2 |1 1 1 6 1 1 1 5 1 3 1 1 1 1 3 |num = 40

===============第6个最优解如下===============
最佳适宜值为：
1.0532090088114965
最佳迁移代数为：
9999
最佳分配序列为：
1 4 1 1 1 2 |1 3 1 6 1 1 1 3 1 5 1 1 1 1 3 |num = 40

===============第7个最优解如下===============
最佳适宜值为：
1.138213967277742
最佳迁移代数为：
9999
最佳分配序列为：
1 6 1 1 1 1 |1 1 1 6 1 1 1 5 1 1 1 1 1 1 6 |num = 40

===============第8个最优解如下===============
最佳适宜值为：
1.1359264426440536
最佳迁移代数为：
9999
最佳分配序列为：
1 6 1 1 1 1 |1 1 1 6 1 1 1 5 1 3 1 1 1 1 4 |num = 40

===============第9个最优解如下===============
最佳适宜值为：
1.1419080693912214
最佳迁移代数为：
9999
最佳分配序列为：
1 6 1 1 1 1 |1 1 1 6 1 1 1 5 1 2 1 1 1 1 5 |num = 40

===============第10个最优解如下===============
最佳适宜值为：
1.1359898844781091
最佳迁移代数为：
9999
最佳分配序列为：
1 5 1 1 1 1 |1 1 1 6 1 1 1 6 1 3 1 1 1 1 4 |num = 40

===============第11个最优解如下===============
最佳适宜值为：
1.1239413999337722
最佳迁移代数为：
9999
最佳分配序列为：
1 5 1 1 1 1 |1 1 1 6 1 1 1 6 1 5 1 1 1 1 2 |num = 40

===============第12个最优解如下===============
最佳适宜值为：
1.117092998944855
最佳迁移代数为：
9999
最佳分配序列为：
1 6 1 1 1 2 |1 1 1 6 1 1 1 5 1 2 1 1 1 1 4 |num = 40

===============第13个最优解如下===============
最佳适宜值为：
1.1348488943890007
最佳迁移代数为：
9999
最佳分配序列为：
1 5 1 1 1 1 |1 1 1 6 1 1 1 5 1 4 1 1 1 1 4 |num = 40

===============第14个最优解如下===============
最佳适宜值为：
1.1398736775805443
最佳迁移代数为：
9999
最佳分配序列为：
2 5 1 1 1 2 |1 1 1 6 1 1 1 6 1 2 1 1 1 1 3 |num = 40

===============第15个最优解如下===============
最佳适宜值为：
1.1302587363586618
最佳迁移代数为：
9999
最佳分配序列为：
1 6 1 1 1 1 |1 1 1 6 1 1 1 6 1 2 1 1 1 1 4 |num = 40

===============第16个最优解如下===============
最佳适宜值为：
1.135981942841409
最佳迁移代数为：
9999
最佳分配序列为：
1 5 1 1 1 1 |1 1 1 6 1 1 1 4 1 5 1 1 1 1 4 |num = 40

===============第17个最优解如下===============
最佳适宜值为：
1.1114809665647076
最佳迁移代数为：
9999
最佳分配序列为：
1 6 1 1 1 4 |1 1 1 6 1 1 1 3 1 3 1 1 1 1 3 |num = 40

===============第18个最优解如下===============
最佳适宜值为：
1.1081787248468191
最佳迁移代数为：
9999
最佳分配序列为：
1 6 1 1 1 1 |1 1 1 6 1 1 1 3 1 4 1 1 1 1 5 |num = 40

===============第19个最优解如下===============
最佳适宜值为：
1.1377743279979227
最佳迁移代数为：
9999
最佳分配序列为：
1 6 1 1 1 1 |1 1 1 5 1 1 1 6 1 4 1 1 1 1 3 |num = 40

===============第20个最优解如下===============
最佳适宜值为：
1.1439211840739418
最佳迁移代数为：
9999
最佳分配序列为：
1 6 1 1 1 3 |1 1 1 6 1 1 1 6 1 2 1 1 1 1 2 |num = 40

===============第21个最优解如下===============
最佳适宜值为：
1.1371946862308762
最佳迁移代数为：
9999
最佳分配序列为：
1 6 1 1 1 1 |1 1 1 6 1 1 1 5 1 4 1 1 1 1 3 |num = 40

===============第22个最优解如下===============
最佳适宜值为：
1.126636117162225
最佳迁移代数为：
9999
最佳分配序列为：
1 6 1 1 1 1 |1 1 1 6 1 1 1 4 1 4 1 1 1 1 4 |num = 40

===============第23个最优解如下===============
最佳适宜值为：
1.0929333248651691
最佳迁移代数为：
9999
最佳分配序列为：
1 4 1 1 1 2 |1 1 1 5 1 1 1 5 1 4 1 1 1 1 5 |num = 40

===============第24个最优解如下===============
最佳适宜值为：
1.1155890791843066
最佳迁移代数为：
9999
最佳分配序列为：
1 5 1 1 1 3 |1 1 1 6 1 1 1 4 1 3 1 1 1 1 4 |num = 40

===============第25个最优解如下===============
最佳适宜值为：
1.1535123478298368
最佳迁移代数为：
9999
最佳分配序列为：
1 6 1 1 1 1 |1 1 1 6 1 1 1 6 1 2 1 1 1 1 4 |num = 40

===============第26个最优解如下===============
最佳适宜值为：
1.1220131555112647
最佳迁移代数为：
9999
最佳分配序列为：
2 6 1 1 1 2 |1 1 1 6 1 1 1 3 1 3 1 1 1 1 4 |num = 40

===============第27个最优解如下===============
最佳适宜值为：
1.1261445234369183
最佳迁移代数为：
9999
最佳分配序列为：
1 6 1 1 1 3 |1 1 1 6 1 1 1 5 1 2 1 1 1 1 3 |num = 40

===============第28个最优解如下===============
最佳适宜值为：
1.1269726798740192
最佳迁移代数为：
9999
最佳分配序列为：
1 6 1 1 1 2 |1 1 1 6 1 1 1 5 1 2 1 1 1 1 4 |num = 40

===============第29个最优解如下===============
最佳适宜值为：
1.124201844208876
最佳迁移代数为：
9999
最佳分配序列为：
1 6 1 1 1 3 |1 1 1 6 1 1 1 3 1 4 1 1 1 1 3 |num = 40

===============第30个最优解如下===============
最佳适宜值为：
1.1605525742147849
最佳迁移代数为：
9999
最佳分配序列为：
1 6 1 1 1 1 |1 1 1 6 1 1 1 5 1 2 1 1 1 1 5 |num = 40

===============第31个最优解如下===============
最佳适宜值为：
1.1027664473733894
最佳迁移代数为：
9999
最佳分配序列为：
1 6 1 1 1 2 |1 1 1 5 1 1 1 5 1 3 1 1 1 1 4 |num = 40

===============第32个最优解如下===============
最佳适宜值为：
1.0160186318102542
最佳迁移代数为：
9999
最佳分配序列为：
3 5 1 1 2 2 |1 3 1 6 1 1 1 4 1 2 1 1 1 1 1 |num = 40

===============第33个最优解如下===============
最佳适宜值为：
1.0902861054956734
最佳迁移代数为：
9999
最佳分配序列为：
1 5 1 1 1 1 |1 1 1 6 1 1 1 5 1 4 1 1 1 1 4 |num = 40

===============第34个最优解如下===============
最佳适宜值为：
1.1654774142138615
最佳迁移代数为：
9999
最佳分配序列为：
1 6 1 1 1 1 |1 1 1 6 1 1 1 6 1 2 1 1 1 1 4 |num = 40

===============第35个最优解如下===============
最佳适宜值为：
1.132381652172133
最佳迁移代数为：
9999
最佳分配序列为：
1 6 1 1 1 1 |1 1 1 6 1 1 1 5 1 3 1 1 1 1 4 |num = 40

===============第36个最优解如下===============
最佳适宜值为：
1.1246777453199754
最佳迁移代数为：
9999
最佳分配序列为：
1 6 1 1 1 1 |1 1 1 5 1 1 1 6 1 3 1 1 1 1 4 |num = 40

===============第37个最优解如下===============
最佳适宜值为：
1.1285279551408485
最佳迁移代数为：
9999
最佳分配序列为：
1 6 1 1 1 1 |1 1 1 6 1 1 1 4 1 4 1 1 1 1 4 |num = 40

===============第38个最优解如下===============
最佳适宜值为：
1.096114533122726
最佳迁移代数为：
9999
最佳分配序列为：
2 5 1 1 1 2 |1 2 1 6 1 1 1 6 1 2 1 1 1 1 2 |num = 40

===============第39个最优解如下===============
最佳适宜值为：
1.1344837660201577
最佳迁移代数为：
9999
最佳分配序列为：
1 6 1 1 1 1 |1 1 1 6 1 1 1 6 1 2 1 1 1 1 4 |num = 40

===============第40个最优解如下===============
最佳适宜值为：
1.1363625575959433
最佳迁移代数为：
9999
最佳分配序列为：
1 6 1 1 1 1 |1 1 1 6 1 1 1 5 1 4 1 1 1 1 3 |num = 40

===============第41个最优解如下===============
最佳适宜值为：
1.1348279700615824
最佳迁移代数为：
9999
最佳分配序列为：
1 6 1 1 1 1 |1 1 1 6 1 1 1 6 1 3 1 1 1 1 3 |num = 40

===============第42个最优解如下===============
最佳适宜值为：
1.1207477126639094
最佳迁移代数为：
9999
最佳分配序列为：
1 6 1 1 1 3 |1 1 1 6 1 1 1 4 1 2 1 1 1 1 4 |num = 40

===============第43个最优解如下===============
最佳适宜值为：
1.1241717969977458
最佳迁移代数为：
9999
最佳分配序列为：
1 5 1 1 1 2 |1 1 1 6 1 1 1 5 1 4 1 1 1 1 3 |num = 40

===============第44个最优解如下===============
最佳适宜值为：
1.1134773883371412
最佳迁移代数为：
9999
最佳分配序列为：
1 6 1 1 1 4 |1 1 1 6 1 1 1 3 1 2 1 1 1 1 4 |num = 40

===============第45个最优解如下===============
最佳适宜值为：
1.1305910520063205
最佳迁移代数为：
9999
最佳分配序列为：
1 5 1 1 1 4 |1 1 1 6 1 1 1 3 1 3 1 1 1 1 4 |num = 40

===============第46个最优解如下===============
最佳适宜值为：
1.1180517741196716
最佳迁移代数为：
9999
最佳分配序列为：
1 6 1 1 1 4 |1 1 1 6 1 1 1 2 1 2 1 1 1 1 5 |num = 40

===============第47个最优解如下===============
最佳适宜值为：
1.1304290683641638
最佳迁移代数为：
9999
最佳分配序列为：
1 6 1 1 1 1 |1 1 1 6 1 1 1 6 1 2 1 1 1 1 4 |num = 40

===============第48个最优解如下===============
最佳适宜值为：
1.1401360117162458
最佳迁移代数为：
9999
最佳分配序列为：
1 6 1 1 1 1 |1 1 1 6 1 1 1 5 1 2 1 1 1 1 5 |num = 40

===============第49个最优解如下===============
最佳适宜值为：
1.1470325099844207
最佳迁移代数为：
9999
最佳分配序列为：
1 6 1 1 1 1 |1 1 1 6 1 1 1 6 1 2 1 1 1 1 4 |num = 40

===============第50个最优解如下===============
最佳适宜值为：
1.1275349664760361
最佳迁移代数为：
9999
最佳分配序列为：
1 5 1 1 1 2 |1 1 1 6 1 1 1 4 1 3 1 1 1 1 5 |num = 40

===============第51个最优解如下===============
最佳适宜值为：
1.1568260922501363
最佳迁移代数为：
9999
最佳分配序列为：
1 5 1 1 1 2 |1 1 1 6 1 1 1 5 1 2 1 1 1 1 5 |num = 40

===============第52个最优解如下===============
最佳适宜值为：
1.1052936050694349
最佳迁移代数为：
9999
最佳分配序列为：
1 5 1 1 1 4 |1 1 1 6 1 1 2 3 1 2 1 1 1 1 4 |num = 40

===============第53个最优解如下===============
最佳适宜值为：
1.1709166859936888
最佳迁移代数为：
9999
最佳分配序列为：
1 6 1 1 1 1 |1 1 1 6 1 1 1 6 1 1 1 1 1 1 5 |num = 40

===============第54个最优解如下===============
最佳适宜值为：
1.1630557475612593
最佳迁移代数为：
9999
最佳分配序列为：
1 6 1 1 1 1 |1 1 1 6 1 1 1 6 1 2 1 1 1 1 4 |num = 40

===============第55个最优解如下===============
最佳适宜值为：
1.1031860160794638
最佳迁移代数为：
9999
最佳分配序列为：
1 4 1 1 1 4 |1 1 1 6 1 1 1 6 1 2 1 1 1 1 3 |num = 40

===============第56个最优解如下===============
最佳适宜值为：
1.1181719199141862
最佳迁移代数为：
9999
最佳分配序列为：
1 6 1 1 1 1 |1 1 1 6 1 1 1 6 1 2 1 1 1 1 4 |num = 40

===============第57个最优解如下===============
最佳适宜值为：
1.1557523685264162
最佳迁移代数为：
9999
最佳分配序列为：
1 6 1 1 1 1 |1 1 1 6 1 1 1 6 1 2 1 1 1 1 4 |num = 40

===============第58个最优解如下===============
最佳适宜值为：
1.0952070430550596
最佳迁移代数为：
9999
最佳分配序列为：
1 6 1 1 1 1 |1 2 1 6 1 1 1 4 1 3 1 1 1 1 4 |num = 40

===============第59个最优解如下===============
最佳适宜值为：
1.1491483318109148
最佳迁移代数为：
9999
最佳分配序列为：
1 6 1 1 1 2 |1 1 1 6 1 1 1 4 1 3 1 1 1 1 4 |num = 40

===============第60个最优解如下===============
最佳适宜值为：
1.1323637279605037
最佳迁移代数为：
9999
最佳分配序列为：
1 4 1 1 1 2 |1 1 1 6 1 1 1 5 1 4 1 1 1 1 4 |num = 40

最大适应度：1.1709166859936888
最小适应度：1.0160186318102542
平均适应度：1.1265219833505993
估计标准差值：0.0251939434920328
最佳分配：
1 6 1 1 1 1 |1 1 1 6 1 1 1 6 1 1 1 1 1 1 5 |num = 40
BBO算法运行求解巡逻调度问题耗时：0小时，0分钟，13秒
