===============第1个全局最优解================
最佳代数：
9983
最佳分配：
1 1 5 1 1 1 3 1 2 2 1 2 1 1 1 |2 1 3 3 1 1 1 2 3 2 5 1 3 1 1 1 1 1 2 1 |5 1 3 1 5 1 1 4 |1 1 1 5 1 1 1 |1 1 1 1 1 1 2 1 1 1 1 1 1 3 1 4 |3 1 1 1 1 5 1 1 4 1 1 1 2 1 |1 5 1 1 2 1 1 1 1 6 1 5 6 1 1 5 |3 1 1 2 3 |4 1 1 1 1 1 1 |5 1 1 2 1 1 3 1 3 1 2 1 1 1 5 |1 1 5 1 1 1 1 1 1 1 5 1 1 1 1 |1 1 1 1 1 1 1 1 3 1 |3 2 1 2 1 |2 1 1 3 1 1 1 1 1 1 2 1 |1 1 1 5 1 2 1 1 1 1 1 2 1 1 5 1 |1 1 1 1 1 1 1 1 |6 1 1 3 1 1 1 1 4 1 3 2 1 1 1 1 1 |5 1 1 1 1 1 1 |1 1 2 1 1 1 1 5 1 2 1 1 1 |1 5 1 1 1 1 2 1 1 5 1 1 1 1 1 1 1 1 1 1 |2 1 1 1 4 1 1 1 1 1 1 1 1 1 1 1 |2 1 1 1 2 1 1 1 1 1 1 1 1 1 |1 1 4 1 1 1 1 1 1 |3 1 1 1 1 1 6 1 1 1 1 1 |1 1 1 3 1 1 1 1 3 1 1 1 1 1 |1 1 1 1 1 4 1 1 1 3 1 1 |1 1 1 1 1 1 1 1 1 1 1 1 1 1 |1 1 1 1 1 1 1 1 1 |2 1 1 5 5 1 1 2 1 3 2 1 1 |1 1 1 1 1 1 1 2 4 1 1 1 1 2 1 5 1 |2 1 1 1 1 3 2 1 1 1 1 5 3 1 1 |1 1 6 1 1 1 1 2 1 |1 1 1 1 1 1 1 1 1 1 1 1 |1 1 1 2 1 1 6 4 1 1 1 2 |1 1 6 1 1 1 1 1 1 1 1 1 2 2 1 3 1 |1 6 1 1 1 1 |5 1 2 1 1 1 1 2 5 1 1 1 1 6 |4 1 1 1 1 1 1 |1 3 1 1 1 |1 1 4 1 3 1 3 1 4 1 1 4 |1 1 1 1 1 1 1 1 1 1 1 1 1 1 1 1 1 1 1 |1 1 1 1 1 1 1 1 5 1 1 1 1 1 1 |1 6 1 1 1 1 4 |1 1 2 1 1 |5 4 1 1 1 1 1 1 3 1 4 1 2 1 1 |1 5 1 1 2 1 1 1 1 |3 2 1 1 2 1 1 1 1 1 1 3 1 4 1 3 1 1 |1 1 5 4 5 1 2 6 |1 1 1 1 3 1 1 1 1 2 2 1 1 1 5 4 3 3 1 |1 1 1 5 1 1 1 1 1 1 3 4 3 1 1 1 4 1 1 |1 2 1 3 1 2 1 1 1 1 1 2 1 |1 1 1 5 1 1 1 1 1 5 1 1 1 1 1 1 |1 1 1 1 1 1 1 |1 1 2 1 1 1 6 4 4 1 1 1 4 1 1 5 1 1 |1 1 2 1 1 1 1 1 1 5 1 1 1 1 1 6 3 3 4 |1 1 5 1 1 1 1 1 5 1 1 1 1 1 1 1 |1 5 1 1 1 5 1 1 1 1 2 1 3 |1 1 1 1 1 |1 1 1 1 2 1 1 1 1 1 1 4 1 3 1 1 |1 4 1 1 3 1 1 1 |
最佳适应度：
882.5356595765215

===============第2个全局最优解================
最佳代数：
9959
最佳分配：
1 1 4 5 3 3 1 6 1 1 1 1 1 1 2 |2 1 1 3 2 1 1 4 1 3 3 1 2 1 3 3 1 1 4 1 |5 1 1 5 1 1 1 4 |1 1 1 1 1 1 1 |1 1 1 1 1 4 4 6 1 1 1 1 1 4 2 1 |1 1 1 1 1 1 1 1 1 1 1 1 1 1 |1 1 1 1 1 1 1 1 1 6 4 1 1 1 1 3 |5 1 1 1 1 |1 1 1 1 1 1 1 |1 1 1 1 1 3 2 6 4 1 1 1 1 1 1 |1 1 1 1 3 4 1 1 1 1 5 1 1 3 1 |1 1 1 1 1 1 1 1 1 1 |1 3 1 1 1 |3 1 1 1 1 1 1 1 1 1 1 1 |1 1 1 1 1 1 1 1 1 1 3 3 1 1 1 1 |1 1 1 1 4 1 1 1 |1 1 1 3 1 1 1 1 1 1 1 1 2 1 1 1 1 |1 1 1 2 1 1 1 |1 1 1 1 1 3 1 1 1 3 1 1 1 |1 6 1 3 1 1 5 3 3 4 3 5 1 2 1 3 1 1 1 1 |1 1 1 1 5 1 1 1 3 1 1 1 5 6 1 1 |1 3 1 1 1 1 2 1 1 5 1 1 2 1 |1 1 1 1 2 1 1 1 1 |4 1 1 1 1 1 1 1 3 3 1 5 |4 1 1 3 1 1 4 1 1 4 1 1 1 3 |3 1 1 1 1 1 1 1 1 2 1 1 |1 1 3 1 1 1 1 1 1 1 2 2 1 1 |1 1 1 1 1 1 1 1 1 |1 1 1 4 1 1 1 1 2 5 1 1 1 |1 1 2 1 1 1 1 3 1 1 1 1 1 3 1 3 1 |3 6 1 1 4 1 1 1 1 1 1 1 4 1 1 |4 1 4 1 1 1 2 5 2 |1 4 1 1 1 1 2 1 1 3 1 1 |1 1 1 1 1 1 1 1 1 1 1 3 |1 1 3 1 1 1 1 1 1 1 1 1 1 1 1 5 1 |1 1 1 5 1 5 |1 1 1 1 1 1 1 1 1 1 1 1 1 1 |1 1 1 2 1 1 1 |5 1 1 1 2 |6 4 5 1 1 1 1 1 1 1 1 5 |1 1 1 1 1 1 1 1 1 2 1 1 1 1 5 1 3 1 1 |1 1 1 1 3 4 1 1 1 1 1 4 1 1 1 |1 2 2 3 1 2 1 |2 1 1 1 1 |3 1 1 1 1 1 3 1 4 1 1 1 4 1 3 |1 1 3 1 1 1 1 1 1 |3 1 1 1 5 1 1 1 1 1 1 1 1 3 1 1 1 1 |4 1 5 1 4 1 1 1 |1 1 1 1 5 1 5 1 4 1 1 1 1 1 1 1 1 2 1 |1 1 5 1 1 1 1 1 3 1 1 1 1 1 1 1 1 3 1 |1 3 1 1 1 1 1 1 1 1 1 5 1 |1 1 1 1 3 1 1 1 1 5 1 1 1 1 1 1 |1 2 1 1 3 1 1 |2 1 4 1 1 1 6 5 1 2 1 5 4 4 1 5 1 1 |4 1 1 1 2 2 1 1 1 6 4 1 1 1 1 4 1 5 5 |1 1 1 1 1 1 1 1 3 1 1 1 1 1 2 1 |1 1 1 1 4 1 1 1 1 3 1 1 1 |1 3 1 2 1 |2 3 1 1 1 3 2 1 1 1 1 6 1 1 1 1 |1 1 6 1 1 1 1 1 |
最佳适应度：
906.7518063897388

最大适应度：906.7518063897388
最小适应度：882.5356595765215
平均适应度：894.6437329831301
估计标准差值：17.12340162583494
最佳分配：
1 1 4 5 3 3 1 6 1 1 1 1 1 1 2 |2 1 1 3 2 1 1 4 1 3 3 1 2 1 3 3 1 1 4 1 |5 1 1 5 1 1 1 4 |1 1 1 1 1 1 1 |1 1 1 1 1 4 4 6 1 1 1 1 1 4 2 1 |1 1 1 1 1 1 1 1 1 1 1 1 1 1 |1 1 1 1 1 1 1 1 1 6 4 1 1 1 1 3 |5 1 1 1 1 |1 1 1 1 1 1 1 |1 1 1 1 1 3 2 6 4 1 1 1 1 1 1 |1 1 1 1 3 4 1 1 1 1 5 1 1 3 1 |1 1 1 1 1 1 1 1 1 1 |1 3 1 1 1 |3 1 1 1 1 1 1 1 1 1 1 1 |1 1 1 1 1 1 1 1 1 1 3 3 1 1 1 1 |1 1 1 1 4 1 1 1 |1 1 1 3 1 1 1 1 1 1 1 1 2 1 1 1 1 |1 1 1 2 1 1 1 |1 1 1 1 1 3 1 1 1 3 1 1 1 |1 6 1 3 1 1 5 3 3 4 3 5 1 2 1 3 1 1 1 1 |1 1 1 1 5 1 1 1 3 1 1 1 5 6 1 1 |1 3 1 1 1 1 2 1 1 5 1 1 2 1 |1 1 1 1 2 1 1 1 1 |4 1 1 1 1 1 1 1 3 3 1 5 |4 1 1 3 1 1 4 1 1 4 1 1 1 3 |3 1 1 1 1 1 1 1 1 2 1 1 |1 1 3 1 1 1 1 1 1 1 2 2 1 1 |1 1 1 1 1 1 1 1 1 |1 1 1 4 1 1 1 1 2 5 1 1 1 |1 1 2 1 1 1 1 3 1 1 1 1 1 3 1 3 1 |3 6 1 1 4 1 1 1 1 1 1 1 4 1 1 |4 1 4 1 1 1 2 5 2 |1 4 1 1 1 1 2 1 1 3 1 1 |1 1 1 1 1 1 1 1 1 1 1 3 |1 1 3 1 1 1 1 1 1 1 1 1 1 1 1 5 1 |1 1 1 5 1 5 |1 1 1 1 1 1 1 1 1 1 1 1 1 1 |1 1 1 2 1 1 1 |5 1 1 1 2 |6 4 5 1 1 1 1 1 1 1 1 5 |1 1 1 1 1 1 1 1 1 2 1 1 1 1 5 1 3 1 1 |1 1 1 1 3 4 1 1 1 1 1 4 1 1 1 |1 2 2 3 1 2 1 |2 1 1 1 1 |3 1 1 1 1 1 3 1 4 1 1 1 4 1 3 |1 1 3 1 1 1 1 1 1 |3 1 1 1 5 1 1 1 1 1 1 1 1 3 1 1 1 1 |4 1 5 1 4 1 1 1 |1 1 1 1 5 1 5 1 4 1 1 1 1 1 1 1 1 2 1 |1 1 5 1 1 1 1 1 3 1 1 1 1 1 1 1 1 3 1 |1 3 1 1 1 1 1 1 1 1 1 5 1 |1 1 1 1 3 1 1 1 1 5 1 1 1 1 1 1 |1 2 1 1 3 1 1 |2 1 4 1 1 1 6 5 1 2 1 5 4 4 1 5 1 1 |4 1 1 1 2 2 1 1 1 6 4 1 1 1 1 4 1 5 5 |1 1 1 1 1 1 1 1 3 1 1 1 1 1 2 1 |1 1 1 1 4 1 1 1 1 3 1 1 1 |1 3 1 2 1 |2 3 1 1 1 3 2 1 1 1 1 6 1 1 1 1 |1 1 6 1 1 1 1 1 |
DNSPSO算法运行求解巡逻调度问题耗时：0小时，1分钟，16秒
===============第1个全局最优解================
最佳代数：
97379
最佳分配：
1 1 1 4 6 1 1 1 1 1 1 1 1 1 1 |1 1 4 1 1 1 1 5 6 5 3 1 5 1 5 3 1 1 1 1 |5 1 4 1 1 1 1 1 |1 1 4 1 1 3 1 |3 1 1 1 1 1 5 1 1 1 1 1 1 4 1 3 |1 1 1 1 1 1 1 5 1 1 1 1 4 1 |1 5 1 1 4 5 1 4 1 4 1 1 1 1 1 3 |5 1 2 1 1 |1 1 1 1 4 1 1 |1 1 1 1 1 1 4 1 5 1 1 1 1 1 4 |1 1 1 1 5 1 1 1 1 1 1 3 1 1 1 |1 4 1 1 6 1 1 1 1 1 |1 3 1 1 1 |4 1 1 1 1 1 1 1 2 1 1 1 |1 1 1 1 1 2 1 1 1 1 3 4 1 1 3 1 |1 1 1 1 1 1 1 1 |1 1 4 1 1 1 1 1 1 1 2 3 1 1 1 1 1 |1 1 1 1 1 1 1 |1 1 1 1 4 3 1 1 3 6 1 1 1 |1 6 2 4 1 1 3 1 1 1 5 1 1 1 1 4 1 1 1 1 |1 3 1 1 5 1 1 3 1 1 1 1 1 1 1 1 |1 1 1 1 1 1 3 1 1 1 1 2 1 1 |1 1 1 1 2 1 1 1 1 |1 1 1 1 1 1 4 1 4 1 1 1 |1 1 1 3 1 4 1 1 1 1 1 1 2 1 |1 1 1 1 1 1 1 1 1 1 1 1 |1 1 1 1 1 1 5 1 1 1 1 1 1 1 |3 1 1 1 1 1 1 1 1 |1 1 4 1 4 1 1 1 3 4 1 1 1 |1 1 1 1 1 1 1 1 1 1 1 1 1 1 1 1 1 |4 4 1 1 1 1 1 1 1 1 1 1 1 1 1 |1 1 5 1 1 1 1 1 3 |1 1 1 1 1 1 1 1 1 1 1 1 |1 1 1 1 1 5 1 1 1 5 1 1 |1 1 1 1 1 1 1 1 1 2 1 4 1 1 1 5 1 |1 3 4 1 1 1 |1 3 1 1 2 1 1 4 4 1 3 1 1 5 |1 1 1 1 4 1 1 |1 1 1 1 3 |5 1 5 1 1 1 1 1 3 1 1 1 |1 1 1 1 1 1 4 1 1 1 1 1 1 1 4 1 3 1 5 |5 1 1 1 1 1 1 1 1 1 1 6 1 1 1 |1 3 1 1 1 1 5 |1 1 1 1 1 |4 1 1 1 1 1 5 1 5 1 5 1 1 1 1 |1 1 1 1 1 1 1 1 1 |1 1 1 1 5 1 1 2 1 2 1 1 1 6 1 4 1 1 |1 1 3 1 1 1 1 6 |1 1 1 1 1 1 4 1 1 1 3 1 1 1 1 4 1 5 4 |1 1 1 1 1 1 1 4 4 1 1 1 1 3 2 1 1 1 1 |1 5 1 5 1 1 1 1 1 1 2 1 1 |1 1 1 1 1 4 1 1 1 4 1 1 1 1 1 1 |1 1 1 1 1 1 1 |1 3 6 1 1 1 6 5 3 1 1 4 1 4 2 6 1 1 |1 1 1 1 1 1 4 4 5 5 6 1 3 1 1 5 1 1 4 |1 2 4 1 1 1 1 1 1 1 1 1 1 1 1 1 |1 1 1 1 1 1 1 1 1 2 4 1 1 |1 4 1 1 1 |1 1 1 1 1 1 1 1 1 1 1 1 1 4 1 1 |1 1 5 2 1 1 1 1 |
最佳适应度：
946.205982240725

===============第2个全局最优解================
最佳代数：
99621
最佳分配：
1 1 3 4 4 5 1 1 3 4 1 1 1 1 1 |4 1 1 1 1 1 1 1 4 4 4 1 5 1 2 3 1 1 1 1 |4 1 1 1 1 1 1 1 |1 1 2 1 1 1 1 |1 1 1 1 1 1 1 4 1 1 1 1 1 3 1 1 |1 1 3 1 1 1 1 1 1 1 2 1 3 1 |1 4 1 1 1 1 1 3 3 5 1 1 1 1 1 1 |5 1 1 1 2 |1 1 1 1 1 1 1 |1 1 1 3 1 1 4 1 3 1 1 1 1 3 4 |2 1 1 3 1 1 3 1 1 4 1 1 1 1 1 |1 1 1 1 1 1 1 1 1 1 |1 1 1 1 3 |3 1 1 1 1 1 1 1 5 1 1 1 |1 4 1 3 1 1 1 1 1 1 1 1 1 1 5 1 |4 1 1 1 1 4 1 1 |1 1 1 1 1 1 1 1 1 1 4 1 1 1 3 1 1 |1 1 1 4 1 4 1 |1 1 1 1 3 1 1 1 1 6 1 1 1 |1 4 1 4 1 1 5 1 1 1 1 2 1 1 4 4 3 4 1 1 |1 1 1 1 1 1 1 1 1 1 1 1 1 1 1 2 |1 1 1 1 1 1 1 1 3 1 4 1 1 4 |1 1 2 1 1 3 4 1 1 |1 1 3 1 1 1 5 3 3 1 1 3 |1 1 1 5 1 1 1 1 3 3 1 1 1 5 |1 1 1 1 1 1 1 1 1 2 1 1 |1 1 1 1 1 4 3 1 1 1 1 1 1 1 |1 1 1 1 1 1 1 1 1 |1 1 1 4 4 2 1 1 1 1 1 1 4 |1 3 1 1 1 1 1 4 1 1 1 1 1 1 1 2 1 |4 4 1 1 4 1 4 1 1 1 1 1 1 1 1 |1 1 5 1 1 1 1 3 1 |1 1 1 1 1 1 1 1 5 1 1 1 |1 1 1 1 1 3 1 1 1 4 1 1 |1 1 4 1 2 1 1 2 1 1 1 1 1 2 1 4 1 |1 4 1 4 5 1 |1 4 1 3 1 1 1 3 1 1 4 1 1 1 |1 1 1 1 1 1 1 |1 4 1 3 3 |5 1 5 4 4 1 1 1 2 1 1 1 |1 1 1 2 1 3 1 1 1 1 1 1 1 1 4 1 4 1 3 |1 2 3 1 3 1 1 1 1 1 1 5 1 1 1 |1 1 3 1 1 1 4 |4 1 1 5 1 |6 1 1 1 1 1 1 1 4 1 1 1 1 1 2 |1 1 1 1 3 1 1 1 1 |2 1 1 1 4 1 1 4 1 3 1 4 1 5 1 4 1 1 |1 1 1 1 2 1 1 5 |2 1 1 1 4 1 1 1 4 1 1 1 1 1 1 1 3 4 3 |1 1 1 1 1 1 1 1 1 1 1 1 1 1 1 1 1 1 1 |1 4 1 5 5 1 1 1 1 1 1 1 1 |1 4 1 1 1 1 1 1 1 1 1 1 1 1 1 1 |2 1 1 1 1 1 4 |1 1 3 2 1 1 5 3 1 1 4 2 1 4 3 4 1 1 |1 1 1 1 1 1 3 1 1 5 4 1 1 1 1 5 1 3 4 |1 1 3 1 3 1 1 1 4 1 3 1 1 1 1 1 |1 1 1 1 1 3 1 1 1 1 2 1 1 |1 1 1 1 1 |1 1 1 1 1 1 1 1 1 1 1 5 1 4 1 1 |1 1 5 1 1 2 1 1 |
最佳适应度：
950.6807963163789

最大适应度：950.6807963163789
最小适应度：946.205982240725
平均适应度：948.4433892785519
估计标准差值：3.164171377443852
最佳分配：
1 1 3 4 4 5 1 1 3 4 1 1 1 1 1 |4 1 1 1 1 1 1 1 4 4 4 1 5 1 2 3 1 1 1 1 |4 1 1 1 1 1 1 1 |1 1 2 1 1 1 1 |1 1 1 1 1 1 1 4 1 1 1 1 1 3 1 1 |1 1 3 1 1 1 1 1 1 1 2 1 3 1 |1 4 1 1 1 1 1 3 3 5 1 1 1 1 1 1 |5 1 1 1 2 |1 1 1 1 1 1 1 |1 1 1 3 1 1 4 1 3 1 1 1 1 3 4 |2 1 1 3 1 1 3 1 1 4 1 1 1 1 1 |1 1 1 1 1 1 1 1 1 1 |1 1 1 1 3 |3 1 1 1 1 1 1 1 5 1 1 1 |1 4 1 3 1 1 1 1 1 1 1 1 1 1 5 1 |4 1 1 1 1 4 1 1 |1 1 1 1 1 1 1 1 1 1 4 1 1 1 3 1 1 |1 1 1 4 1 4 1 |1 1 1 1 3 1 1 1 1 6 1 1 1 |1 4 1 4 1 1 5 1 1 1 1 2 1 1 4 4 3 4 1 1 |1 1 1 1 1 1 1 1 1 1 1 1 1 1 1 2 |1 1 1 1 1 1 1 1 3 1 4 1 1 4 |1 1 2 1 1 3 4 1 1 |1 1 3 1 1 1 5 3 3 1 1 3 |1 1 1 5 1 1 1 1 3 3 1 1 1 5 |1 1 1 1 1 1 1 1 1 2 1 1 |1 1 1 1 1 4 3 1 1 1 1 1 1 1 |1 1 1 1 1 1 1 1 1 |1 1 1 4 4 2 1 1 1 1 1 1 4 |1 3 1 1 1 1 1 4 1 1 1 1 1 1 1 2 1 |4 4 1 1 4 1 4 1 1 1 1 1 1 1 1 |1 1 5 1 1 1 1 3 1 |1 1 1 1 1 1 1 1 5 1 1 1 |1 1 1 1 1 3 1 1 1 4 1 1 |1 1 4 1 2 1 1 2 1 1 1 1 1 2 1 4 1 |1 4 1 4 5 1 |1 4 1 3 1 1 1 3 1 1 4 1 1 1 |1 1 1 1 1 1 1 |1 4 1 3 3 |5 1 5 4 4 1 1 1 2 1 1 1 |1 1 1 2 1 3 1 1 1 1 1 1 1 1 4 1 4 1 3 |1 2 3 1 3 1 1 1 1 1 1 5 1 1 1 |1 1 3 1 1 1 4 |4 1 1 5 1 |6 1 1 1 1 1 1 1 4 1 1 1 1 1 2 |1 1 1 1 3 1 1 1 1 |2 1 1 1 4 1 1 4 1 3 1 4 1 5 1 4 1 1 |1 1 1 1 2 1 1 5 |2 1 1 1 4 1 1 1 4 1 1 1 1 1 1 1 3 4 3 |1 1 1 1 1 1 1 1 1 1 1 1 1 1 1 1 1 1 1 |1 4 1 5 5 1 1 1 1 1 1 1 1 |1 4 1 1 1 1 1 1 1 1 1 1 1 1 1 1 |2 1 1 1 1 1 4 |1 1 3 2 1 1 5 3 1 1 4 2 1 4 3 4 1 1 |1 1 1 1 1 1 3 1 1 5 4 1 1 1 1 5 1 3 4 |1 1 3 1 3 1 1 1 4 1 3 1 1 1 1 1 |1 1 1 1 1 3 1 1 1 1 2 1 1 |1 1 1 1 1 |1 1 1 1 1 1 1 1 1 1 1 5 1 4 1 1 |1 1 5 1 1 2 1 1 |
DNSPSO算法运行求解巡逻调度问题耗时：0小时，12分钟，28秒
===============第1个全局最优解================
最佳代数：
9515
最佳分配：
1 1 3 5 3 4 1 1 3 1 1 1 4 1 1 |1 3 1 1 2 3 1 4 1 4 1 1 4 1 1 1 1 1 1 1 |3 1 1 1 1 1 1 1 |1 1 1 1 1 1 5 |1 1 1 1 1 1 2 1 1 1 1 1 1 1 1 1 |1 1 1 1 1 1 1 2 1 2 1 1 4 1 |1 4 1 1 1 1 1 1 1 4 1 1 1 1 1 1 |3 1 1 1 1 |1 2 3 1 1 1 4 |3 1 3 1 1 1 1 1 3 1 1 1 1 1 1 |1 1 1 1 1 1 4 1 1 1 1 1 1 3 1 |1 4 1 1 1 1 1 1 1 1 |1 1 1 1 1 |1 1 1 1 1 1 2 3 2 1 1 1 |1 3 2 1 1 1 1 1 1 2 1 1 1 1 1 1 |1 1 1 1 1 1 1 1 |1 1 1 1 1 1 1 1 1 1 1 1 1 1 1 1 1 |1 1 1 1 1 5 3 |1 1 1 1 5 1 1 1 3 3 1 1 3 |1 4 1 1 2 1 1 1 1 1 3 1 1 1 1 3 5 1 1 1 |1 3 1 3 1 1 1 1 1 1 1 1 4 1 1 5 |1 1 3 1 3 1 1 1 3 1 1 1 1 1 |1 1 5 1 1 1 4 1 1 |1 1 1 1 1 1 1 1 1 1 1 1 |3 1 1 1 2 1 1 1 1 1 1 1 1 5 |1 1 1 1 4 1 1 1 1 1 2 5 |1 1 3 1 1 4 1 1 1 1 1 1 1 1 |3 1 1 1 1 1 1 1 1 |1 2 4 6 6 5 4 1 1 3 1 1 3 |1 1 1 1 1 1 1 1 2 1 1 2 1 1 1 1 1 |1 3 1 1 2 6 3 1 3 1 1 1 1 1 1 |1 1 4 5 1 1 1 1 2 |1 6 1 4 1 1 4 1 4 1 4 1 |1 1 1 1 1 1 1 4 1 1 2 1 |1 4 3 3 1 1 5 1 5 1 1 1 5 5 1 5 4 |1 1 1 1 1 1 |1 1 4 1 1 1 1 1 3 1 4 1 1 4 |3 1 1 1 1 4 1 |1 2 1 1 1 |3 1 3 1 3 1 1 1 4 1 4 6 |1 1 1 1 1 1 1 2 1 1 1 4 1 1 1 1 4 1 1 |1 1 2 1 1 1 1 1 1 1 3 5 2 1 1 |2 2 1 1 2 1 2 |1 1 1 5 1 |5 1 1 1 1 1 5 1 5 1 4 1 1 1 2 |1 1 1 1 1 1 3 1 1 |1 1 1 1 1 1 1 1 1 1 1 1 1 5 1 3 5 1 |1 1 1 1 4 1 1 3 |3 1 1 2 5 1 3 1 1 1 1 1 1 1 5 1 4 1 4 |1 1 5 1 1 1 1 1 1 1 1 1 1 1 3 1 3 1 2 |1 3 1 2 4 1 1 1 1 1 1 1 1 |1 1 1 1 1 1 1 1 1 1 1 1 1 2 1 1 |1 1 1 1 2 1 3 |1 1 1 1 1 2 2 5 1 1 1 1 2 1 1 5 1 1 |3 1 1 1 1 1 1 1 1 5 4 1 1 1 4 2 1 5 5 |1 1 1 1 1 2 4 1 3 1 4 1 1 1 1 1 |2 4 1 1 3 1 1 3 1 1 1 5 2 |2 1 4 1 1 |1 1 1 1 1 1 1 2 1 1 1 3 5 1 1 1 |1 1 2 2 3 1 1 4 |
最佳适应度：
879.6781136802117

最大适应度：879.6781136802117
最小适应度：879.6781136802117
平均适应度：879.6781136802117
估计标准差值：NaN
最佳分配：
1 1 3 5 3 4 1 1 3 1 1 1 4 1 1 |1 3 1 1 2 3 1 4 1 4 1 1 4 1 1 1 1 1 1 1 |3 1 1 1 1 1 1 1 |1 1 1 1 1 1 5 |1 1 1 1 1 1 2 1 1 1 1 1 1 1 1 1 |1 1 1 1 1 1 1 2 1 2 1 1 4 1 |1 4 1 1 1 1 1 1 1 4 1 1 1 1 1 1 |3 1 1 1 1 |1 2 3 1 1 1 4 |3 1 3 1 1 1 1 1 3 1 1 1 1 1 1 |1 1 1 1 1 1 4 1 1 1 1 1 1 3 1 |1 4 1 1 1 1 1 1 1 1 |1 1 1 1 1 |1 1 1 1 1 1 2 3 2 1 1 1 |1 3 2 1 1 1 1 1 1 2 1 1 1 1 1 1 |1 1 1 1 1 1 1 1 |1 1 1 1 1 1 1 1 1 1 1 1 1 1 1 1 1 |1 1 1 1 1 5 3 |1 1 1 1 5 1 1 1 3 3 1 1 3 |1 4 1 1 2 1 1 1 1 1 3 1 1 1 1 3 5 1 1 1 |1 3 1 3 1 1 1 1 1 1 1 1 4 1 1 5 |1 1 3 1 3 1 1 1 3 1 1 1 1 1 |1 1 5 1 1 1 4 1 1 |1 1 1 1 1 1 1 1 1 1 1 1 |3 1 1 1 2 1 1 1 1 1 1 1 1 5 |1 1 1 1 4 1 1 1 1 1 2 5 |1 1 3 1 1 4 1 1 1 1 1 1 1 1 |3 1 1 1 1 1 1 1 1 |1 2 4 6 6 5 4 1 1 3 1 1 3 |1 1 1 1 1 1 1 1 2 1 1 2 1 1 1 1 1 |1 3 1 1 2 6 3 1 3 1 1 1 1 1 1 |1 1 4 5 1 1 1 1 2 |1 6 1 4 1 1 4 1 4 1 4 1 |1 1 1 1 1 1 1 4 1 1 2 1 |1 4 3 3 1 1 5 1 5 1 1 1 5 5 1 5 4 |1 1 1 1 1 1 |1 1 4 1 1 1 1 1 3 1 4 1 1 4 |3 1 1 1 1 4 1 |1 2 1 1 1 |3 1 3 1 3 1 1 1 4 1 4 6 |1 1 1 1 1 1 1 2 1 1 1 4 1 1 1 1 4 1 1 |1 1 2 1 1 1 1 1 1 1 3 5 2 1 1 |2 2 1 1 2 1 2 |1 1 1 5 1 |5 1 1 1 1 1 5 1 5 1 4 1 1 1 2 |1 1 1 1 1 1 3 1 1 |1 1 1 1 1 1 1 1 1 1 1 1 1 5 1 3 5 1 |1 1 1 1 4 1 1 3 |3 1 1 2 5 1 3 1 1 1 1 1 1 1 5 1 4 1 4 |1 1 5 1 1 1 1 1 1 1 1 1 1 1 3 1 3 1 2 |1 3 1 2 4 1 1 1 1 1 1 1 1 |1 1 1 1 1 1 1 1 1 1 1 1 1 2 1 1 |1 1 1 1 2 1 3 |1 1 1 1 1 2 2 5 1 1 1 1 2 1 1 5 1 1 |3 1 1 1 1 1 1 1 1 5 4 1 1 1 4 2 1 5 5 |1 1 1 1 1 2 4 1 3 1 4 1 1 1 1 1 |2 4 1 1 3 1 1 3 1 1 1 5 2 |2 1 4 1 1 |1 1 1 1 1 1 1 2 1 1 1 3 5 1 1 1 |1 1 2 2 3 1 1 4 |
DNSPSO算法运行求解巡逻调度问题耗时：0小时，0分钟，39秒
===============第1个全局最优解================
最佳代数：
9847
最佳分配：
1 1 4 1 2 3 1 1 4 3 1 1 1 1 2 |4 1 2 2 5 1 2 3 1 2 4 3 3 1 1 3 1 2 1 1 |3 1 3 1 1 1 1 1 |1 1 1 1 1 3 1 |1 1 1 1 4 2 3 4 2 1 1 2 1 1 1 1 |3 1 1 2 1 1 1 3 1 1 1 1 1 4 |1 2 1 2 1 1 1 3 3 4 1 1 1 1 1 1 |3 1 4 1 1 |1 3 1 1 2 3 1 |3 1 2 2 1 1 3 1 4 3 1 1 1 1 5 |1 1 3 1 4 1 1 2 2 4 1 1 1 1 3 |1 3 1 1 4 1 3 1 1 1 |1 1 1 1 3 |3 3 3 3 1 1 2 4 1 1 1 1 |2 3 1 1 5 1 1 1 1 1 3 1 1 4 1 1 |1 1 1 1 1 1 1 1 |1 1 1 1 1 1 1 1 1 2 4 1 1 1 1 4 1 |1 1 1 1 1 1 1 |3 1 1 2 3 1 1 4 2 3 2 1 2 |1 3 1 1 1 4 3 2 1 3 5 1 1 1 1 1 1 2 1 1 |1 1 1 1 1 1 1 1 1 1 4 1 1 3 1 1 |1 3 1 1 1 3 1 3 1 1 1 1 3 1 |1 1 3 3 2 1 1 1 2 |2 1 1 1 1 1 4 1 2 1 1 2 |1 1 1 1 1 4 1 1 1 1 1 1 1 3 |3 1 1 1 1 1 1 1 1 1 3 1 |1 1 1 1 1 2 1 1 1 1 4 1 1 1 |3 1 1 1 1 1 1 1 1 |3 1 1 3 5 2 1 1 3 2 1 1 1 |1 2 1 1 1 1 1 4 1 1 1 4 1 1 1 1 1 |1 3 1 2 3 1 2 1 1 1 1 1 1 3 1 |4 1 2 1 1 1 1 1 1 |1 1 1 1 1 1 1 2 2 1 1 1 |1 1 1 1 1 1 1 1 2 4 3 2 |1 3 1 2 1 1 2 1 1 1 1 1 3 1 1 3 4 |1 2 2 1 3 2 |1 4 1 1 1 1 1 1 4 2 2 1 1 1 |1 1 1 1 5 4 1 |1 2 1 1 1 |4 1 1 4 4 1 1 1 1 1 1 4 |2 2 1 1 1 4 1 1 1 3 1 1 1 1 1 1 3 1 1 |1 4 1 1 3 3 1 1 1 1 1 2 1 1 3 |1 1 1 1 1 2 3 |3 1 1 2 1 |2 4 1 1 1 1 2 1 2 1 1 1 1 1 2 |1 1 1 2 1 2 1 1 1 |2 1 3 2 1 1 1 2 1 2 2 3 2 1 1 2 3 1 |1 1 2 1 1 1 1 3 |1 3 3 1 1 1 2 1 2 1 3 1 2 1 1 1 1 1 1 |1 1 4 1 1 1 1 3 2 1 1 1 1 1 1 1 1 1 1 |1 1 1 4 1 3 2 1 1 1 1 1 3 |1 1 1 1 1 2 1 2 2 1 1 1 1 1 2 3 |1 3 1 1 1 1 2 |1 3 3 4 1 1 2 4 1 1 1 3 3 1 3 3 1 3 |1 1 1 2 1 1 3 4 1 4 2 1 1 2 3 4 1 2 4 |1 1 4 1 1 1 1 1 4 2 1 1 1 1 2 2 |1 1 1 1 1 1 3 1 1 5 1 1 1 |1 1 1 1 4 |1 1 1 1 1 3 1 1 1 1 3 3 1 1 1 1 |1 1 2 3 1 1 3 1 |
最佳适应度：
870.8243103413572

最大适应度：870.8243103413572
最小适应度：870.8243103413572
平均适应度：870.8243103413572
估计标准差值：NaN
最佳分配：
1 1 4 1 2 3 1 1 4 3 1 1 1 1 2 |4 1 2 2 5 1 2 3 1 2 4 3 3 1 1 3 1 2 1 1 |3 1 3 1 1 1 1 1 |1 1 1 1 1 3 1 |1 1 1 1 4 2 3 4 2 1 1 2 1 1 1 1 |3 1 1 2 1 1 1 3 1 1 1 1 1 4 |1 2 1 2 1 1 1 3 3 4 1 1 1 1 1 1 |3 1 4 1 1 |1 3 1 1 2 3 1 |3 1 2 2 1 1 3 1 4 3 1 1 1 1 5 |1 1 3 1 4 1 1 2 2 4 1 1 1 1 3 |1 3 1 1 4 1 3 1 1 1 |1 1 1 1 3 |3 3 3 3 1 1 2 4 1 1 1 1 |2 3 1 1 5 1 1 1 1 1 3 1 1 4 1 1 |1 1 1 1 1 1 1 1 |1 1 1 1 1 1 1 1 1 2 4 1 1 1 1 4 1 |1 1 1 1 1 1 1 |3 1 1 2 3 1 1 4 2 3 2 1 2 |1 3 1 1 1 4 3 2 1 3 5 1 1 1 1 1 1 2 1 1 |1 1 1 1 1 1 1 1 1 1 4 1 1 3 1 1 |1 3 1 1 1 3 1 3 1 1 1 1 3 1 |1 1 3 3 2 1 1 1 2 |2 1 1 1 1 1 4 1 2 1 1 2 |1 1 1 1 1 4 1 1 1 1 1 1 1 3 |3 1 1 1 1 1 1 1 1 1 3 1 |1 1 1 1 1 2 1 1 1 1 4 1 1 1 |3 1 1 1 1 1 1 1 1 |3 1 1 3 5 2 1 1 3 2 1 1 1 |1 2 1 1 1 1 1 4 1 1 1 4 1 1 1 1 1 |1 3 1 2 3 1 2 1 1 1 1 1 1 3 1 |4 1 2 1 1 1 1 1 1 |1 1 1 1 1 1 1 2 2 1 1 1 |1 1 1 1 1 1 1 1 2 4 3 2 |1 3 1 2 1 1 2 1 1 1 1 1 3 1 1 3 4 |1 2 2 1 3 2 |1 4 1 1 1 1 1 1 4 2 2 1 1 1 |1 1 1 1 5 4 1 |1 2 1 1 1 |4 1 1 4 4 1 1 1 1 1 1 4 |2 2 1 1 1 4 1 1 1 3 1 1 1 1 1 1 3 1 1 |1 4 1 1 3 3 1 1 1 1 1 2 1 1 3 |1 1 1 1 1 2 3 |3 1 1 2 1 |2 4 1 1 1 1 2 1 2 1 1 1 1 1 2 |1 1 1 2 1 2 1 1 1 |2 1 3 2 1 1 1 2 1 2 2 3 2 1 1 2 3 1 |1 1 2 1 1 1 1 3 |1 3 3 1 1 1 2 1 2 1 3 1 2 1 1 1 1 1 1 |1 1 4 1 1 1 1 3 2 1 1 1 1 1 1 1 1 1 1 |1 1 1 4 1 3 2 1 1 1 1 1 3 |1 1 1 1 1 2 1 2 2 1 1 1 1 1 2 3 |1 3 1 1 1 1 2 |1 3 3 4 1 1 2 4 1 1 1 3 3 1 3 3 1 3 |1 1 1 2 1 1 3 4 1 4 2 1 1 2 3 4 1 2 4 |1 1 4 1 1 1 1 1 4 2 1 1 1 1 2 2 |1 1 1 1 1 1 3 1 1 5 1 1 1 |1 1 1 1 4 |1 1 1 1 1 3 1 1 1 1 3 3 1 1 1 1 |1 1 2 3 1 1 3 1 |
DNSPSO算法运行求解巡逻调度问题耗时：0小时，0分钟，42秒
===============第1个全局最优解================
最佳代数：
9897
最佳分配：
1 1 3 1 6 3 1 2 2 5 1 2 1 5 1 |3 1 1 1 1 1 1 1 2 6 4 1 5 1 1 2 3 2 3 1 |4 1 1 1 1 1 1 6 |1 1 1 4 1 2 1 |3 4 1 1 1 1 1 1 1 1 1 2 1 4 2 5 |1 1 1 2 1 1 1 2 1 1 1 2 2 1 |1 4 1 1 1 1 1 1 1 2 1 1 4 1 1 3 |4 2 1 1 2 |1 1 1 1 1 1 1 |1 1 1 1 1 1 5 1 4 1 1 1 2 1 6 |1 1 1 2 1 1 2 1 1 1 1 1 1 1 1 |1 1 1 1 1 1 1 3 5 1 |2 1 1 2 1 |4 1 1 1 1 1 1 1 1 2 1 1 |1 1 1 1 1 5 1 1 1 1 1 4 1 2 2 1 |3 3 1 1 1 2 1 1 |1 1 1 2 1 1 1 2 1 1 1 1 1 1 1 1 1 |1 1 1 1 1 2 1 |1 1 2 1 3 1 2 4 4 2 5 3 1 |1 2 2 1 1 3 1 1 1 3 1 2 2 1 4 1 3 1 1 1 |1 1 2 2 1 1 1 2 1 1 4 1 1 2 1 6 |1 1 1 1 2 1 1 1 2 1 1 1 1 1 |1 1 1 1 1 5 1 1 1 |1 1 2 1 1 1 4 1 2 1 1 4 |1 1 1 1 1 1 1 2 1 1 1 1 1 1 |1 1 1 1 1 1 1 2 3 6 1 1 |1 1 1 1 4 2 3 1 1 1 2 1 1 1 |4 1 4 1 1 1 2 1 1 |4 1 1 1 3 1 1 1 1 1 3 1 1 |1 1 1 1 3 1 1 1 1 1 1 1 1 4 3 2 1 |1 4 1 1 1 1 4 1 1 1 1 1 3 1 3 |1 1 1 1 1 1 1 1 1 |4 2 1 1 1 3 1 1 2 1 1 1 |1 3 1 2 1 1 1 2 1 1 1 1 |1 3 1 1 1 1 2 1 1 1 1 3 4 4 1 3 1 |1 3 2 1 1 3 |1 5 1 3 1 1 1 5 1 1 5 1 1 5 |6 1 1 1 1 1 1 |1 3 1 1 5 |4 1 1 1 1 1 1 1 1 1 1 3 |1 1 1 1 1 5 1 1 1 1 2 2 3 1 1 1 3 1 1 |1 1 1 1 1 1 1 1 1 1 4 1 1 1 1 |1 1 1 3 1 1 4 |1 1 1 1 1 |6 1 1 1 1 1 1 1 1 1 1 1 1 1 1 |1 1 2 1 2 1 1 1 1 |1 1 1 1 4 1 1 1 1 3 1 6 1 5 1 1 2 1 |1 1 1 2 1 1 1 4 |1 1 1 1 2 1 1 1 3 1 1 1 1 2 1 2 1 2 3 |1 1 1 1 1 1 1 1 1 1 2 1 1 5 1 1 1 1 1 |1 2 1 5 4 1 1 1 1 1 1 4 2 |1 4 2 1 1 1 1 1 1 6 1 1 1 2 4 4 |1 2 1 1 1 1 4 |1 2 5 1 1 3 3 5 1 1 1 1 4 1 1 4 1 1 |1 1 1 1 1 1 3 1 1 5 4 1 2 1 1 5 1 4 4 |1 1 1 1 3 1 2 1 2 1 5 1 1 2 1 3 |1 1 1 1 1 1 1 1 1 1 1 1 3 |1 1 1 1 1 |1 1 1 1 1 1 1 1 1 1 1 6 2 4 1 1 |1 1 5 1 1 1 1 1 |
最佳适应度：
898.7207587928294

最大适应度：898.7207587928294
最小适应度：898.7207587928294
平均适应度：898.7207587928294
估计标准差值：NaN
最佳分配：
1 1 3 1 6 3 1 2 2 5 1 2 1 5 1 |3 1 1 1 1 1 1 1 2 6 4 1 5 1 1 2 3 2 3 1 |4 1 1 1 1 1 1 6 |1 1 1 4 1 2 1 |3 4 1 1 1 1 1 1 1 1 1 2 1 4 2 5 |1 1 1 2 1 1 1 2 1 1 1 2 2 1 |1 4 1 1 1 1 1 1 1 2 1 1 4 1 1 3 |4 2 1 1 2 |1 1 1 1 1 1 1 |1 1 1 1 1 1 5 1 4 1 1 1 2 1 6 |1 1 1 2 1 1 2 1 1 1 1 1 1 1 1 |1 1 1 1 1 1 1 3 5 1 |2 1 1 2 1 |4 1 1 1 1 1 1 1 1 2 1 1 |1 1 1 1 1 5 1 1 1 1 1 4 1 2 2 1 |3 3 1 1 1 2 1 1 |1 1 1 2 1 1 1 2 1 1 1 1 1 1 1 1 1 |1 1 1 1 1 2 1 |1 1 2 1 3 1 2 4 4 2 5 3 1 |1 2 2 1 1 3 1 1 1 3 1 2 2 1 4 1 3 1 1 1 |1 1 2 2 1 1 1 2 1 1 4 1 1 2 1 6 |1 1 1 1 2 1 1 1 2 1 1 1 1 1 |1 1 1 1 1 5 1 1 1 |1 1 2 1 1 1 4 1 2 1 1 4 |1 1 1 1 1 1 1 2 1 1 1 1 1 1 |1 1 1 1 1 1 1 2 3 6 1 1 |1 1 1 1 4 2 3 1 1 1 2 1 1 1 |4 1 4 1 1 1 2 1 1 |4 1 1 1 3 1 1 1 1 1 3 1 1 |1 1 1 1 3 1 1 1 1 1 1 1 1 4 3 2 1 |1 4 1 1 1 1 4 1 1 1 1 1 3 1 3 |1 1 1 1 1 1 1 1 1 |4 2 1 1 1 3 1 1 2 1 1 1 |1 3 1 2 1 1 1 2 1 1 1 1 |1 3 1 1 1 1 2 1 1 1 1 3 4 4 1 3 1 |1 3 2 1 1 3 |1 5 1 3 1 1 1 5 1 1 5 1 1 5 |6 1 1 1 1 1 1 |1 3 1 1 5 |4 1 1 1 1 1 1 1 1 1 1 3 |1 1 1 1 1 5 1 1 1 1 2 2 3 1 1 1 3 1 1 |1 1 1 1 1 1 1 1 1 1 4 1 1 1 1 |1 1 1 3 1 1 4 |1 1 1 1 1 |6 1 1 1 1 1 1 1 1 1 1 1 1 1 1 |1 1 2 1 2 1 1 1 1 |1 1 1 1 4 1 1 1 1 3 1 6 1 5 1 1 2 1 |1 1 1 2 1 1 1 4 |1 1 1 1 2 1 1 1 3 1 1 1 1 2 1 2 1 2 3 |1 1 1 1 1 1 1 1 1 1 2 1 1 5 1 1 1 1 1 |1 2 1 5 4 1 1 1 1 1 1 4 2 |1 4 2 1 1 1 1 1 1 6 1 1 1 2 4 4 |1 2 1 1 1 1 4 |1 2 5 1 1 3 3 5 1 1 1 1 4 1 1 4 1 1 |1 1 1 1 1 1 3 1 1 5 4 1 2 1 1 5 1 4 4 |1 1 1 1 3 1 2 1 2 1 5 1 1 2 1 3 |1 1 1 1 1 1 1 1 1 1 1 1 3 |1 1 1 1 1 |1 1 1 1 1 1 1 1 1 1 1 6 2 4 1 1 |1 1 5 1 1 1 1 1 |
DNSPSO算法运行求解巡逻调度问题耗时：0小时，0分钟，38秒
===============第1个全局最优解================
最佳代数：
9935
最佳分配：
1 1 3 3 3 1 1 4 1 1 1 1 1 1 1 |5 1 3 1 2 2 1 3 2 6 3 1 1 1 1 4 1 1 1 1 |5 1 6 1 1 1 1 1 |3 1 1 1 1 1 1 |2 3 1 4 3 1 2 1 2 1 1 3 1 1 1 1 |1 1 1 1 1 1 1 5 1 1 1 1 1 1 |1 2 1 1 1 1 1 1 1 4 1 1 1 1 1 3 |5 1 3 1 1 |1 2 4 1 1 1 1 |1 1 1 1 1 1 6 4 5 1 1 1 2 1 3 |1 1 1 1 1 1 2 1 1 1 4 1 1 1 1 |1 2 1 2 1 1 1 1 1 2 |1 2 1 1 2 |1 1 1 1 1 2 1 1 3 1 1 2 |1 5 1 1 4 1 1 1 1 1 2 2 1 4 2 1 |4 3 1 1 1 1 1 1 |1 1 1 1 1 1 1 1 1 1 4 4 1 1 1 1 1 |3 1 1 5 1 4 2 |1 1 4 1 3 2 1 1 1 6 3 1 1 |1 4 1 1 1 1 1 1 2 1 1 3 1 1 3 2 1 1 1 1 |1 1 1 1 1 1 1 1 1 1 3 1 1 2 1 3 |1 1 1 1 1 1 1 1 1 5 1 1 1 1 |1 1 1 1 4 1 1 2 1 |1 1 3 1 1 1 5 1 1 1 1 1 |4 1 1 1 4 1 1 1 1 1 1 1 1 2 |1 3 1 1 2 2 1 1 3 1 1 1 |1 1 2 1 1 4 5 1 1 2 1 1 1 1 |1 1 5 1 2 1 1 1 1 |1 1 1 2 5 4 1 1 2 1 1 6 5 |1 2 2 1 1 1 1 4 1 2 1 1 1 1 2 3 1 |3 5 1 1 4 2 1 1 1 1 1 1 1 1 1 |3 1 2 1 1 1 1 1 1 |1 1 3 1 1 1 1 1 1 1 1 1 |1 1 1 1 1 1 1 5 1 3 1 2 |1 1 1 1 1 1 1 2 1 1 1 2 4 1 2 1 1 |1 1 1 1 5 1 |1 5 1 1 1 1 1 4 1 3 1 2 1 1 |4 1 1 1 4 3 1 |1 3 1 1 1 |1 1 2 1 1 1 1 1 1 1 1 1 |1 1 1 1 1 1 4 1 1 1 1 1 1 2 1 1 2 1 1 |1 1 2 1 3 1 1 1 6 3 1 6 1 1 1 |1 1 1 1 1 1 3 |5 1 1 3 1 |4 1 4 1 1 4 4 1 5 1 1 1 1 1 1 |1 1 1 1 1 1 1 1 1 |1 1 2 1 1 1 1 1 1 5 1 1 1 4 1 6 2 1 |3 1 1 6 1 1 1 4 |1 1 1 1 5 1 1 1 2 1 1 1 1 1 1 2 1 1 1 |1 1 2 1 1 1 1 1 1 1 2 3 1 1 1 1 1 2 2 |1 5 2 1 1 1 1 1 4 1 1 2 1 |1 1 1 1 1 1 1 1 1 1 3 1 1 1 2 1 |3 1 1 1 1 1 3 |1 1 4 1 1 1 4 6 1 1 3 3 4 1 1 6 1 2 |2 1 2 1 2 1 1 1 1 5 5 3 1 1 1 1 1 1 3 |2 1 1 1 2 3 1 1 3 1 1 1 1 1 1 1 |1 1 1 1 1 6 2 1 2 1 4 1 1 |1 2 1 1 4 |4 1 1 1 1 1 1 1 1 1 1 3 5 4 1 1 |1 1 1 1 1 1 1 1 |
最佳适应度：
901.0674155635851

最大适应度：901.0674155635851
最小适应度：901.0674155635851
平均适应度：901.0674155635851
估计标准差值：NaN
最佳分配：
1 1 3 3 3 1 1 4 1 1 1 1 1 1 1 |5 1 3 1 2 2 1 3 2 6 3 1 1 1 1 4 1 1 1 1 |5 1 6 1 1 1 1 1 |3 1 1 1 1 1 1 |2 3 1 4 3 1 2 1 2 1 1 3 1 1 1 1 |1 1 1 1 1 1 1 5 1 1 1 1 1 1 |1 2 1 1 1 1 1 1 1 4 1 1 1 1 1 3 |5 1 3 1 1 |1 2 4 1 1 1 1 |1 1 1 1 1 1 6 4 5 1 1 1 2 1 3 |1 1 1 1 1 1 2 1 1 1 4 1 1 1 1 |1 2 1 2 1 1 1 1 1 2 |1 2 1 1 2 |1 1 1 1 1 2 1 1 3 1 1 2 |1 5 1 1 4 1 1 1 1 1 2 2 1 4 2 1 |4 3 1 1 1 1 1 1 |1 1 1 1 1 1 1 1 1 1 4 4 1 1 1 1 1 |3 1 1 5 1 4 2 |1 1 4 1 3 2 1 1 1 6 3 1 1 |1 4 1 1 1 1 1 1 2 1 1 3 1 1 3 2 1 1 1 1 |1 1 1 1 1 1 1 1 1 1 3 1 1 2 1 3 |1 1 1 1 1 1 1 1 1 5 1 1 1 1 |1 1 1 1 4 1 1 2 1 |1 1 3 1 1 1 5 1 1 1 1 1 |4 1 1 1 4 1 1 1 1 1 1 1 1 2 |1 3 1 1 2 2 1 1 3 1 1 1 |1 1 2 1 1 4 5 1 1 2 1 1 1 1 |1 1 5 1 2 1 1 1 1 |1 1 1 2 5 4 1 1 2 1 1 6 5 |1 2 2 1 1 1 1 4 1 2 1 1 1 1 2 3 1 |3 5 1 1 4 2 1 1 1 1 1 1 1 1 1 |3 1 2 1 1 1 1 1 1 |1 1 3 1 1 1 1 1 1 1 1 1 |1 1 1 1 1 1 1 5 1 3 1 2 |1 1 1 1 1 1 1 2 1 1 1 2 4 1 2 1 1 |1 1 1 1 5 1 |1 5 1 1 1 1 1 4 1 3 1 2 1 1 |4 1 1 1 4 3 1 |1 3 1 1 1 |1 1 2 1 1 1 1 1 1 1 1 1 |1 1 1 1 1 1 4 1 1 1 1 1 1 2 1 1 2 1 1 |1 1 2 1 3 1 1 1 6 3 1 6 1 1 1 |1 1 1 1 1 1 3 |5 1 1 3 1 |4 1 4 1 1 4 4 1 5 1 1 1 1 1 1 |1 1 1 1 1 1 1 1 1 |1 1 2 1 1 1 1 1 1 5 1 1 1 4 1 6 2 1 |3 1 1 6 1 1 1 4 |1 1 1 1 5 1 1 1 2 1 1 1 1 1 1 2 1 1 1 |1 1 2 1 1 1 1 1 1 1 2 3 1 1 1 1 1 2 2 |1 5 2 1 1 1 1 1 4 1 1 2 1 |1 1 1 1 1 1 1 1 1 1 3 1 1 1 2 1 |3 1 1 1 1 1 3 |1 1 4 1 1 1 4 6 1 1 3 3 4 1 1 6 1 2 |2 1 2 1 2 1 1 1 1 5 5 3 1 1 1 1 1 1 3 |2 1 1 1 2 3 1 1 3 1 1 1 1 1 1 1 |1 1 1 1 1 6 2 1 2 1 4 1 1 |1 2 1 1 4 |4 1 1 1 1 1 1 1 1 1 1 3 5 4 1 1 |1 1 1 1 1 1 1 1 |
DNSPSO算法运行求解巡逻调度问题耗时：0小时，0分钟，32秒
