===============第1个全局最优解================
最佳代数：
0
最佳分配：
6 1 4 1 1 5 1 4 6 |1 1 1 1 2 1 |1 4 1 1 1 1 1 2 4 |1 1 1 1 1 6 1 1 1 1 4 |1 3 1 1 1 1 1 1 1 1 1 1 6 1 1 1 6 |
最佳适应度：
12.688855918889356

===============第2个全局最优解================
最佳代数：
0
最佳分配：
6 1 4 1 1 4 1 5 6 |1 1 1 1 3 1 |1 4 1 1 1 1 1 1 3 |1 1 1 1 1 6 1 1 1 1 4 |1 3 1 1 1 1 1 1 1 1 1 1 6 2 1 1 6 |
最佳适应度：
12.563768858886826

===============第3个全局最优解================
最佳代数：
0
最佳分配：
6 1 4 1 1 5 1 5 6 |1 1 1 1 3 1 |1 4 1 1 1 1 1 1 2 |1 1 1 1 1 6 1 1 1 1 4 |1 3 1 1 1 1 1 2 1 1 1 1 6 1 1 1 6 |
最佳适应度：
12.73907666190735

===============第4个全局最优解================
最佳代数：
0
最佳分配：
6 1 3 1 1 5 1 5 6 |1 1 1 1 2 1 |1 4 1 1 1 1 1 1 4 |1 1 1 1 1 6 1 1 1 1 1 |1 4 1 1 1 1 1 2 1 1 1 1 6 3 1 1 6 |
最佳适应度：
12.71356515963977

===============第5个全局最优解================
最佳代数：
0
最佳分配：
6 1 4 1 1 5 1 5 6 |1 1 1 1 2 1 |1 4 1 1 1 1 1 1 3 |1 1 1 1 1 5 1 1 1 1 4 |1 3 1 1 1 1 1 2 1 1 1 1 6 2 1 1 6 |
最佳适应度：
12.57503665562341

===============第6个全局最优解================
最佳代数：
0
最佳分配：
6 1 4 1 1 5 1 4 6 |1 1 1 1 3 1 |1 4 1 1 1 1 1 1 3 |1 1 1 1 1 6 1 1 1 1 4 |1 3 1 1 1 1 1 2 1 1 1 1 6 1 1 1 6 |
最佳适应度：
12.796834502367282

===============第7个全局最优解================
最佳代数：
0
最佳分配：
6 1 4 1 1 5 1 4 6 |1 1 1 1 3 1 |1 5 1 1 1 1 1 1 3 |1 1 1 1 1 5 1 1 1 1 4 |1 3 1 1 1 1 1 1 1 1 1 1 6 2 1 1 6 |
最佳适应度：
12.525694986095182

===============第8个全局最优解================
最佳代数：
0
最佳分配：
6 1 4 1 1 5 1 5 6 |1 1 1 1 3 1 |1 4 1 1 1 1 1 1 3 |1 1 1 1 1 6 1 1 1 1 3 |1 3 1 1 1 1 1 1 1 1 1 1 6 2 1 1 6 |
最佳适应度：
12.733800851973987

===============第9个全局最优解================
最佳代数：
0
最佳分配：
6 1 4 1 1 5 1 4 6 |1 1 1 1 2 1 |1 4 1 1 1 1 1 1 4 |1 1 1 1 1 6 1 1 1 1 5 |1 3 1 1 1 1 1 2 1 1 1 1 5 1 1 1 6 |
最佳适应度：
12.83078996604717

===============第10个全局最优解================
最佳代数：
0
最佳分配：
6 1 5 1 1 5 1 4 6 |1 1 1 1 3 1 |1 5 1 1 1 1 1 2 3 |1 1 1 1 1 4 1 1 1 1 4 |1 3 1 1 1 1 1 1 1 1 1 1 6 1 1 1 6 |
最佳适应度：
12.623737959131937

===============第11个全局最优解================
最佳代数：
0
最佳分配：
6 1 4 1 1 5 1 4 6 |1 1 1 1 2 1 |1 4 1 1 1 1 1 1 3 |1 1 1 1 1 6 1 1 1 1 4 |1 3 1 1 1 1 1 2 1 1 1 1 6 2 1 1 6 |
最佳适应度：
12.601732020239245

===============第12个全局最优解================
最佳代数：
0
最佳分配：
6 1 4 1 1 5 1 5 6 |1 1 1 1 3 1 |1 4 1 1 1 1 1 1 3 |1 1 1 1 1 6 1 1 1 1 3 |1 3 1 1 1 1 1 1 1 1 1 1 6 2 1 1 6 |
最佳适应度：
12.680534531640415

===============第13个全局最优解================
最佳代数：
0
最佳分配：
6 1 4 1 1 5 1 5 6 |1 1 1 1 2 1 |1 4 1 1 1 1 1 2 3 |1 1 1 1 1 6 1 1 1 1 4 |1 3 1 1 1 1 1 1 1 1 1 1 6 1 1 1 6 |
最佳适应度：
12.770297787683958

===============第14个全局最优解================
最佳代数：
0
最佳分配：
6 1 4 1 1 5 1 4 6 |1 1 1 1 3 1 |1 4 1 1 1 1 1 2 3 |1 1 1 1 1 5 1 1 1 1 4 |1 3 1 1 1 1 1 1 1 1 1 1 6 2 1 1 6 |
最佳适应度：
12.730281785484705

===============第15个全局最优解================
最佳代数：
0
最佳分配：
6 1 4 1 1 4 1 5 6 |1 1 1 1 3 1 |1 5 1 1 1 1 1 1 3 |1 1 1 1 1 6 1 1 1 1 5 |1 2 1 1 1 1 1 1 1 1 1 1 6 1 1 1 6 |
最佳适应度：
12.689728089024433

===============第16个全局最优解================
最佳代数：
0
最佳分配：
6 1 4 1 1 5 1 5 6 |1 1 1 1 2 1 |1 5 1 1 1 1 1 1 4 |1 1 1 1 1 5 1 1 1 1 4 |1 3 1 1 1 1 1 1 1 1 1 1 6 1 1 1 6 |
最佳适应度：
12.780550244611542

===============第17个全局最优解================
最佳代数：
0
最佳分配：
6 1 4 1 1 5 1 5 6 |1 1 1 1 2 1 |1 5 1 1 1 1 1 2 1 |1 1 1 1 1 6 1 1 1 1 4 |1 3 1 1 1 1 1 1 1 1 1 1 6 2 1 1 6 |
最佳适应度：
12.805604154090197

===============第18个全局最优解================
最佳代数：
0
最佳分配：
6 1 5 1 1 5 1 5 6 |1 1 1 1 2 1 |1 4 1 1 1 1 1 1 4 |1 1 1 1 1 5 1 1 1 1 4 |1 3 1 1 1 1 1 1 1 1 1 1 6 1 1 1 6 |
最佳适应度：
12.85623345372625

===============第19个全局最优解================
最佳代数：
0
最佳分配：
6 1 4 1 1 5 1 5 6 |1 1 1 1 3 1 |1 5 1 1 1 1 1 1 1 |1 1 1 1 1 6 1 1 1 1 3 |1 3 1 1 1 1 1 3 1 1 1 1 6 1 1 1 6 |
最佳适应度：
12.740708571383268

===============第20个全局最优解================
最佳代数：
0
最佳分配：
6 1 4 1 1 5 1 5 6 |1 1 1 1 3 1 |1 5 1 1 1 1 1 1 3 |1 1 1 1 1 4 1 1 1 1 4 |1 3 1 1 1 1 1 1 1 1 1 1 6 2 1 1 6 |
最佳适应度：
12.865372852202276

===============第21个全局最优解================
最佳代数：
0
最佳分配：
6 1 4 1 1 5 1 5 6 |1 1 1 1 3 1 |1 4 1 1 1 1 1 1 2 |1 1 1 1 1 6 1 1 1 1 4 |1 3 1 1 1 1 1 1 1 1 1 1 6 2 1 1 6 |
最佳适应度：
12.889154835995853

===============第22个全局最优解================
最佳代数：
0
最佳分配：
6 1 4 1 1 5 1 4 6 |1 1 1 1 2 1 |1 4 1 1 1 1 1 1 2 |1 1 1 1 1 6 1 1 1 1 5 |1 3 1 1 1 1 1 2 1 1 1 1 6 2 1 1 6 |
最佳适应度：
12.834204849300338

===============第23个全局最优解================
最佳代数：
0
最佳分配：
6 1 4 1 1 5 1 5 6 |1 1 1 1 3 1 |1 5 1 1 1 1 1 1 3 |1 1 1 1 1 6 1 1 1 1 3 |1 2 1 1 1 1 1 1 1 1 1 1 6 2 1 1 6 |
最佳适应度：
12.566227818125082

===============第24个全局最优解================
最佳代数：
0
最佳分配：
6 1 3 1 1 5 1 5 6 |1 1 1 1 3 1 |1 5 1 1 1 1 1 1 3 |1 1 1 1 1 6 1 1 1 1 5 |1 1 1 1 1 1 1 2 1 1 1 1 6 1 1 1 6 |
最佳适应度：
12.546515871162903

===============第25个全局最优解================
最佳代数：
0
最佳分配：
6 1 4 1 1 5 1 4 6 |1 1 1 1 2 1 |1 5 1 1 1 1 1 1 3 |1 1 1 1 1 5 1 1 1 1 4 |1 3 1 1 1 1 1 2 1 1 1 1 6 2 1 1 6 |
最佳适应度：
12.84886969855978

===============第26个全局最优解================
最佳代数：
0
最佳分配：
6 1 4 1 1 5 1 4 6 |1 1 1 1 3 1 |1 4 1 1 1 1 1 1 3 |1 1 1 1 1 6 1 1 1 1 4 |1 3 1 1 1 1 1 2 1 1 1 1 6 1 1 1 6 |
最佳适应度：
12.5115488189545

===============第27个全局最优解================
最佳代数：
0
最佳分配：
6 1 4 1 1 5 1 4 6 |1 1 1 1 1 1 |1 4 1 1 1 1 1 1 3 |1 1 1 1 1 6 1 1 1 1 4 |1 3 2 1 1 1 1 2 1 1 1 1 6 2 1 1 6 |
最佳适应度：
12.64596765368594

===============第28个全局最优解================
最佳代数：
0
最佳分配：
6 1 4 1 1 5 1 5 6 |1 1 1 1 3 1 |1 4 1 1 1 1 1 1 4 |1 1 1 1 1 5 1 1 1 1 4 |1 3 1 1 1 1 1 1 1 1 1 1 6 1 1 1 6 |
最佳适应度：
12.776717010377466

===============第29个全局最优解================
最佳代数：
0
最佳分配：
6 1 5 1 1 5 1 5 6 |1 1 1 1 2 1 |1 4 1 1 1 1 1 1 3 |1 1 1 1 1 6 1 1 1 1 4 |1 3 1 1 1 1 1 1 1 1 1 1 6 1 1 1 6 |
最佳适应度：
12.719017172410396

===============第30个全局最优解================
最佳代数：
0
最佳分配：
6 1 4 1 1 5 1 5 6 |1 1 1 1 3 1 |1 4 1 1 1 1 1 1 3 |1 1 1 1 1 5 1 1 1 1 4 |1 3 1 1 1 1 1 1 1 1 1 1 6 2 1 1 6 |
最佳适应度：
12.609609728412037

===============第31个全局最优解================
最佳代数：
0
最佳分配：
6 1 4 1 1 5 1 5 6 |1 1 1 1 3 1 |1 5 1 1 1 1 1 1 3 |1 1 1 1 1 6 1 1 1 1 3 |1 3 1 1 1 1 1 1 1 1 1 1 6 1 1 1 6 |
最佳适应度：
12.678930242218204

===============第32个全局最优解================
最佳代数：
0
最佳分配：
6 1 4 1 1 5 1 4 6 |1 1 1 1 3 1 |1 4 1 1 1 1 1 1 3 |1 1 1 1 1 6 1 1 1 1 4 |1 3 1 1 1 1 1 1 1 1 1 1 6 2 1 1 6 |
最佳适应度：
12.401412368302717

===============第33个全局最优解================
最佳代数：
0
最佳分配：
5 1 4 1 1 5 1 4 6 |1 1 1 1 3 1 |1 4 1 1 1 1 1 1 4 |1 1 1 1 1 6 1 1 1 1 4 |1 3 1 1 1 1 1 1 1 1 1 1 6 2 1 1 6 |
最佳适应度：
12.718025103817096

===============第34个全局最优解================
最佳代数：
0
最佳分配：
6 1 4 1 1 5 1 4 6 |1 1 1 1 3 1 |1 4 1 1 1 1 1 1 3 |1 1 1 1 1 6 1 1 1 1 4 |1 3 1 1 1 1 1 1 1 1 1 1 6 2 1 1 6 |
最佳适应度：
12.772590446983317

===============第35个全局最优解================
最佳代数：
0
最佳分配：
6 1 4 1 1 5 1 4 6 |1 1 1 1 3 1 |1 4 1 1 1 1 1 1 3 |1 1 1 1 1 6 1 1 1 1 5 |1 3 1 1 1 1 1 1 1 1 1 1 6 1 1 1 6 |
最佳适应度：
12.799775918941133

===============第36个全局最优解================
最佳代数：
0
最佳分配：
6 1 4 1 1 5 1 5 6 |1 1 1 1 2 1 |1 4 1 1 1 1 1 1 3 |1 1 1 1 1 6 1 1 1 1 3 |1 3 1 1 1 1 1 2 1 1 1 1 6 2 1 1 6 |
最佳适应度：
12.643193106969179

===============第37个全局最优解================
最佳代数：
0
最佳分配：
6 1 4 1 1 5 1 5 6 |1 1 1 1 3 1 |1 4 1 1 1 1 1 1 4 |1 1 1 1 1 6 1 1 1 1 3 |1 3 1 1 1 1 1 1 1 1 1 1 6 1 1 1 6 |
最佳适应度：
12.550018905460398

===============第38个全局最优解================
最佳代数：
0
最佳分配：
6 1 5 1 1 5 1 6 6 |1 1 1 1 3 1 |1 4 1 1 1 1 1 2 3 |1 1 1 1 1 6 1 1 1 1 1 |1 3 1 1 1 1 1 1 1 1 1 1 6 1 1 1 6 |
最佳适应度：
12.613370747032972

===============第39个全局最优解================
最佳代数：
0
最佳分配：
6 1 5 1 1 4 1 5 6 |1 1 1 1 2 1 |1 5 1 1 1 1 1 1 3 |1 1 1 1 1 6 1 1 1 1 3 |1 4 1 1 1 1 1 1 1 1 1 1 6 1 1 1 6 |
最佳适应度：
12.595181193946036

===============第40个全局最优解================
最佳代数：
0
最佳分配：
6 1 4 1 1 5 1 5 6 |1 1 1 1 2 1 |1 4 1 1 1 1 1 1 3 |1 1 1 1 1 6 1 1 1 1 4 |1 3 1 1 1 1 1 1 1 1 1 1 6 2 1 1 6 |
最佳适应度：
12.67648164547551

===============第41个全局最优解================
最佳代数：
0
最佳分配：
6 1 4 1 1 3 1 5 6 |1 1 1 1 2 1 |1 4 1 1 1 1 1 2 4 |1 1 1 1 1 6 1 1 1 1 4 |1 3 1 1 1 1 1 1 1 1 1 1 6 2 1 1 6 |
最佳适应度：
12.50844452321998

===============第42个全局最优解================
最佳代数：
0
最佳分配：
6 1 4 1 1 4 1 5 6 |1 1 1 1 3 1 |1 5 1 1 1 1 1 1 3 |1 1 1 1 1 6 1 1 1 1 4 |1 3 1 1 1 1 1 1 1 1 1 1 6 1 1 1 6 |
最佳适应度：
12.706510866758123

===============第43个全局最优解================
最佳代数：
0
最佳分配：
6 1 4 1 1 5 1 5 6 |1 1 1 1 3 1 |1 4 1 1 1 1 1 1 3 |1 1 1 1 1 6 1 1 1 1 4 |1 3 1 1 1 1 1 1 1 1 1 1 6 1 1 1 6 |
最佳适应度：
12.669249920328927

===============第44个全局最优解================
最佳代数：
0
最佳分配：
6 1 4 1 1 5 1 4 6 |1 1 1 1 3 1 |1 4 1 1 1 1 1 1 3 |1 1 1 1 1 6 1 1 1 1 4 |1 3 1 1 1 1 1 2 1 1 1 1 6 1 1 1 6 |
最佳适应度：
12.842693946744548

===============第45个全局最优解================
最佳代数：
0
最佳分配：
6 1 3 1 1 5 1 5 6 |1 1 1 1 3 1 |1 4 1 1 1 1 1 1 3 |1 1 1 1 1 6 1 1 1 1 4 |1 3 1 1 1 1 1 1 1 1 1 1 6 2 1 1 6 |
最佳适应度：
12.551515148333682

===============第46个全局最优解================
最佳代数：
0
最佳分配：
6 1 2 1 1 5 1 5 6 |1 1 1 1 4 1 |1 4 1 1 1 1 1 1 4 |1 1 1 1 1 5 1 1 1 1 4 |1 2 1 1 1 1 1 1 1 1 1 1 6 3 1 1 6 |
最佳适应度：
12.627774148291149

===============第47个全局最优解================
最佳代数：
0
最佳分配：
6 1 4 1 1 4 1 6 6 |1 1 1 1 3 1 |1 4 1 1 1 1 1 2 2 |1 1 1 1 1 6 1 1 1 1 3 |1 3 1 1 1 1 1 3 1 1 1 1 5 1 1 1 6 |
最佳适应度：
12.846015283355701

===============第48个全局最优解================
最佳代数：
0
最佳分配：
6 1 5 1 1 6 1 5 6 |1 1 1 1 3 1 |1 4 1 1 1 1 1 1 2 |1 1 1 1 1 6 1 1 1 1 4 |1 3 1 1 1 1 1 1 1 1 1 1 5 1 1 1 6 |
最佳适应度：
12.784097453371102

===============第49个全局最优解================
最佳代数：
0
最佳分配：
6 1 5 1 1 5 1 5 6 |1 1 1 1 3 1 |1 4 1 1 1 1 1 1 3 |1 1 1 1 1 6 1 1 1 1 5 |1 1 1 1 1 1 1 1 1 1 1 1 6 1 1 1 6 |
最佳适应度：
12.52873337177547

===============第50个全局最优解================
最佳代数：
0
最佳分配：
6 1 3 1 1 5 1 5 6 |1 1 1 1 3 1 |1 4 1 1 1 1 1 1 4 |1 1 1 1 1 6 1 1 1 1 4 |1 3 1 1 1 1 1 1 1 1 1 1 6 1 1 1 6 |
最佳适应度：
12.521807483477403

===============第51个全局最优解================
最佳代数：
0
最佳分配：
6 1 4 1 1 5 1 5 6 |1 1 1 1 2 1 |1 4 1 1 1 1 1 2 3 |1 1 1 1 1 5 1 1 1 1 4 |1 3 1 1 1 1 1 2 1 1 1 1 6 1 1 1 6 |
最佳适应度：
12.463154585477042

===============第52个全局最优解================
最佳代数：
0
最佳分配：
6 1 4 1 1 5 1 5 6 |1 1 1 1 2 1 |1 4 1 1 1 1 1 2 3 |1 1 1 1 1 6 1 1 1 1 4 |1 3 1 1 1 1 1 1 1 1 1 1 6 1 1 1 6 |
最佳适应度：
12.571531019959094

===============第53个全局最优解================
最佳代数：
0
最佳分配：
6 1 5 1 1 5 1 5 6 |1 1 1 1 3 1 |1 4 1 1 1 1 1 1 3 |1 1 1 1 1 5 1 1 1 1 3 |1 3 1 1 1 1 1 1 1 1 1 1 6 2 1 1 6 |
最佳适应度：
12.686102395056471

===============第54个全局最优解================
最佳代数：
0
最佳分配：
6 1 4 1 1 5 1 5 6 |1 1 1 1 3 1 |1 5 1 1 1 1 1 1 4 |1 1 1 1 1 5 1 1 1 1 4 |1 1 1 1 1 1 1 1 1 1 1 1 6 2 1 1 6 |
最佳适应度：
12.483079046893902

===============第55个全局最优解================
最佳代数：
0
最佳分配：
6 1 4 1 1 5 1 4 6 |1 1 1 1 2 1 |1 4 1 1 1 1 1 1 4 |1 1 1 1 1 6 1 1 1 1 4 |1 3 1 1 1 1 1 2 1 1 1 1 6 1 1 1 6 |
最佳适应度：
12.800799267747855

===============第56个全局最优解================
最佳代数：
0
最佳分配：
6 1 4 1 1 5 1 4 6 |1 1 1 1 2 1 |1 3 1 1 1 1 1 1 2 |1 1 1 1 1 6 1 1 1 1 5 |1 3 1 1 1 1 1 2 1 1 1 1 6 3 1 1 6 |
最佳适应度：
12.885231941117631

===============第57个全局最优解================
最佳代数：
0
最佳分配：
6 1 4 1 1 5 1 5 6 |1 1 1 1 2 1 |1 4 1 1 1 1 1 1 3 |1 1 1 1 1 6 1 1 1 1 4 |1 2 1 1 1 1 1 1 1 1 1 1 6 3 1 1 6 |
最佳适应度：
12.6477548936862

===============第58个全局最优解================
最佳代数：
0
最佳分配：
6 1 4 1 1 5 1 5 6 |1 1 1 1 3 1 |1 5 1 1 1 1 1 2 4 |1 1 1 1 1 6 1 1 1 1 1 |1 3 1 1 1 1 1 1 1 1 1 1 6 1 1 1 6 |
最佳适应度：
12.71738808172282

===============第59个全局最优解================
最佳代数：
0
最佳分配：
6 1 4 1 1 4 1 5 6 |1 1 1 1 2 1 |1 5 1 1 1 1 1 1 4 |1 1 1 1 1 5 1 1 1 1 4 |1 3 1 1 1 1 1 2 1 1 1 1 6 1 1 1 6 |
最佳适应度：
12.914523094348686

===============第60个全局最优解================
最佳代数：
0
最佳分配：
6 1 5 1 1 5 1 5 6 |1 1 1 1 3 1 |1 3 1 1 1 1 1 1 3 |1 1 1 1 1 6 1 1 1 1 4 |1 3 1 1 1 1 1 1 1 1 1 1 6 1 1 1 6 |
最佳适应度：
12.636994344928578

最大适应度：12.914523094348686
最小适应度：12.401412368302717
平均适应度：12.685040316056226
估计标准差值：0.1225268342411545
最佳分配：
6 1 4 1 1 4 1 5 6 |1 1 1 1 2 1 |1 5 1 1 1 1 1 1 4 |1 1 1 1 1 5 1 1 1 1 4 |1 3 1 1 1 1 1 2 1 1 1 1 6 1 1 1 6 |
FADE算法运行求解巡逻调度问题耗时：0小时，0分钟，55秒
