===============第1个全局最优解================
最佳代数：
29020
最佳分配：
6 1 4 1 1 5 1 5 6 |1 1 1 1 3 1 |1 4 1 1 1 1 1 1 3 |1 1 1 1 1 6 1 1 1 1 4 |1 3 1 1 1 1 1 1 1 1 1 1 6 1 1 1 6 |
最佳适应度：
12.796073168082602

===============第2个全局最优解================
最佳代数：
29434
最佳分配：
6 1 3 1 1 5 1 5 6 |1 1 1 1 3 1 |1 4 1 1 1 1 1 1 4 |1 1 1 1 1 6 1 1 1 1 4 |1 3 1 1 1 1 1 1 1 1 1 1 6 1 1 1 6 |
最佳适应度：
12.848634252975087

===============第3个全局最优解================
最佳代数：
9122
最佳分配：
6 1 5 1 1 5 1 4 6 |1 1 1 1 3 1 |1 5 1 1 1 1 1 1 3 |1 1 1 1 1 6 1 1 1 1 4 |1 1 1 1 1 1 1 1 1 1 1 1 6 2 1 1 6 |
最佳适应度：
12.756517528169319

===============第4个全局最优解================
最佳代数：
19294
最佳分配：
6 1 4 1 1 5 1 5 6 |1 1 1 1 3 1 |1 5 1 1 1 1 1 1 4 |1 1 1 1 1 6 1 1 1 1 1 |1 3 1 1 1 1 1 1 1 1 1 1 6 2 1 1 6 |
最佳适应度：
12.406282243561053

===============第5个全局最优解================
最佳代数：
27401
最佳分配：
6 1 4 1 1 5 1 5 6 |1 1 1 1 3 1 |1 4 1 1 1 1 1 1 4 |1 1 1 1 1 5 1 1 1 1 4 |1 3 1 1 1 1 1 1 1 1 1 1 6 1 1 1 6 |
最佳适应度：
12.51680309015471

===============第6个全局最优解================
最佳代数：
21739
最佳分配：
6 1 3 1 1 5 1 5 6 |1 1 1 1 3 1 |1 5 1 1 1 1 1 1 3 |1 1 1 1 1 6 1 1 1 1 4 |1 3 1 1 1 1 1 1 1 1 1 1 6 1 1 1 6 |
最佳适应度：
12.669589121073544

===============第7个全局最优解================
最佳代数：
16832
最佳分配：
6 1 3 1 1 5 1 4 6 |1 1 1 1 3 1 |1 4 1 1 1 1 1 1 3 |1 1 1 1 1 6 1 1 1 1 5 |1 3 1 1 1 1 1 1 1 1 1 1 6 2 1 1 6 |
最佳适应度：
12.667967376778172

===============第8个全局最优解================
最佳代数：
25486
最佳分配：
6 1 4 1 1 5 1 5 6 |1 1 1 1 2 1 |1 5 1 1 1 1 1 1 3 |1 1 1 1 1 5 1 1 1 1 4 |1 3 1 1 1 1 1 1 1 1 1 1 6 2 1 1 6 |
最佳适应度：
12.729100009936783

===============第9个全局最优解================
最佳代数：
11833
最佳分配：
6 1 4 1 1 5 1 5 6 |1 1 1 1 1 1 |1 5 1 1 1 1 1 1 3 |1 1 1 1 1 6 1 1 1 1 4 |1 3 1 1 1 1 1 1 1 1 1 1 6 2 1 1 6 |
最佳适应度：
12.705000655785948

===============第10个全局最优解================
最佳代数：
25367
最佳分配：
6 1 3 1 1 5 1 5 6 |1 1 1 1 3 1 |1 4 1 1 1 1 1 1 3 |1 1 1 1 1 6 1 1 1 1 4 |1 3 1 1 1 1 1 1 1 1 1 1 6 2 1 1 6 |
最佳适应度：
12.511349041256686

===============第11个全局最优解================
最佳代数：
22792
最佳分配：
6 1 4 1 1 5 1 5 6 |1 1 1 1 3 1 |1 4 1 1 1 1 1 1 3 |1 1 1 1 1 6 1 1 1 1 4 |1 3 1 1 1 1 1 1 1 1 1 1 6 1 1 1 6 |
最佳适应度：
12.308211832692184

===============第12个全局最优解================
最佳代数：
29569
最佳分配：
6 1 4 1 1 5 1 5 6 |1 1 1 1 3 1 |1 4 1 1 1 1 1 1 3 |1 1 1 1 1 6 1 1 1 1 4 |1 3 1 1 1 1 1 1 1 1 1 1 6 1 1 1 6 |
最佳适应度：
12.76731383840132

===============第13个全局最优解================
最佳代数：
28272
最佳分配：
6 1 5 1 1 5 1 5 6 |1 1 1 1 3 1 |1 4 1 1 1 1 1 1 4 |1 1 1 1 1 6 1 1 1 1 1 |1 3 1 1 1 1 1 1 1 1 1 1 6 2 1 1 6 |
最佳适应度：
12.903737899744137

===============第14个全局最优解================
最佳代数：
15037
最佳分配：
6 1 4 1 1 5 1 4 6 |1 1 1 1 3 1 |1 5 1 1 1 1 1 1 3 |1 1 1 1 1 6 1 1 1 1 4 |1 3 1 1 1 1 1 1 1 1 1 1 6 1 1 1 6 |
最佳适应度：
12.755293765118953

===============第15个全局最优解================
最佳代数：
15201
最佳分配：
6 1 4 1 1 4 1 5 6 |1 1 1 1 3 1 |1 5 1 1 1 1 1 1 1 |1 1 1 1 1 6 1 1 1 1 3 |1 3 1 1 1 1 1 2 1 1 1 1 6 3 1 1 6 |
最佳适应度：
12.59453957469219

===============第16个全局最优解================
最佳代数：
22684
最佳分配：
6 1 4 1 1 5 1 5 6 |1 1 1 1 2 1 |1 4 1 1 1 1 1 1 4 |1 1 1 1 1 6 1 1 1 1 4 |1 3 1 1 1 1 1 1 1 1 1 1 6 1 1 1 6 |
最佳适应度：
12.957058620660199

===============第17个全局最优解================
最佳代数：
21207
最佳分配：
6 1 5 1 1 5 1 5 6 |1 1 1 1 2 1 |1 4 1 1 1 1 1 1 3 |1 1 1 1 1 6 1 1 1 1 4 |1 3 1 1 1 1 1 1 1 1 1 1 6 1 1 1 6 |
最佳适应度：
12.647680123220056

===============第18个全局最优解================
最佳代数：
23729
最佳分配：
6 1 4 1 1 5 1 5 6 |1 1 1 1 2 1 |1 4 1 1 1 1 1 1 4 |1 1 1 1 1 6 1 1 1 1 4 |1 3 1 1 1 1 1 1 1 1 1 1 6 1 1 1 6 |
最佳适应度：
12.705214103261813

===============第19个全局最优解================
最佳代数：
25601
最佳分配：
6 1 4 1 1 5 1 4 6 |1 1 1 1 2 1 |1 4 1 1 1 1 1 1 4 |1 1 1 1 1 6 1 1 1 1 4 |1 4 1 1 1 1 1 1 1 1 1 1 6 1 1 1 6 |
最佳适应度：
12.658561638643278

===============第20个全局最优解================
最佳代数：
15737
最佳分配：
6 1 4 1 1 5 1 4 6 |1 1 1 1 2 1 |1 5 1 1 1 1 1 1 3 |1 1 1 1 1 6 1 1 1 1 5 |1 3 1 1 1 1 1 1 1 1 1 1 6 1 1 1 6 |
最佳适应度：
12.741374784284124

===============第21个全局最优解================
最佳代数：
28973
最佳分配：
6 1 5 1 1 5 1 5 6 |1 1 1 1 3 1 |1 5 1 1 1 1 1 1 3 |1 1 1 1 1 6 1 1 1 1 3 |1 2 1 1 1 1 1 1 1 1 1 1 6 1 1 1 6 |
最佳适应度：
12.808379934990016

===============第22个全局最优解================
最佳代数：
25372
最佳分配：
6 1 3 1 1 5 1 5 6 |1 1 1 1 3 1 |1 4 1 1 1 1 1 1 3 |1 1 1 1 1 6 1 1 1 1 5 |1 3 1 1 1 1 1 1 1 1 1 1 5 2 1 1 6 |
最佳适应度：
12.697514849418488

===============第23个全局最优解================
最佳代数：
22913
最佳分配：
6 1 4 1 1 5 1 4 6 |1 1 1 1 2 1 |1 4 1 1 1 1 1 1 3 |1 1 1 1 1 5 1 1 1 1 5 |1 3 1 1 1 1 1 1 1 1 1 1 6 3 1 1 6 |
最佳适应度：
12.684769931864308

===============第24个全局最优解================
最佳代数：
9451
最佳分配：
6 1 5 1 1 5 1 4 6 |1 1 1 1 3 1 |1 4 1 1 1 1 1 1 3 |1 1 1 1 1 6 1 1 1 1 4 |1 3 1 1 1 1 1 1 1 1 1 1 6 1 1 1 6 |
最佳适应度：
12.830167257524204

===============第25个全局最优解================
最佳代数：
25589
最佳分配：
6 1 4 1 1 5 1 5 6 |1 1 1 1 3 1 |1 5 1 1 1 1 1 1 3 |1 1 1 1 1 6 1 1 1 1 4 |1 1 1 1 1 1 1 2 1 1 1 1 6 1 1 1 6 |
最佳适应度：
12.602661361062152

===============第26个全局最优解================
最佳代数：
29599
最佳分配：
6 1 4 1 1 5 1 4 6 |1 1 1 1 2 1 |1 4 1 1 1 1 1 1 3 |1 1 1 1 1 6 1 1 1 1 4 |1 3 1 1 1 1 1 1 1 1 1 1 6 3 1 1 6 |
最佳适应度：
12.814252636433379

===============第27个全局最优解================
最佳代数：
7846
最佳分配：
6 1 4 1 1 5 1 4 6 |1 1 1 1 3 1 |1 4 1 1 1 1 1 1 3 |1 1 1 1 1 6 1 1 1 1 4 |1 3 1 1 1 1 1 1 1 1 1 1 6 2 1 1 6 |
最佳适应度：
12.75797158220149

===============第28个全局最优解================
最佳代数：
29344
最佳分配：
6 1 4 1 1 5 1 4 6 |1 1 1 1 2 1 |1 4 1 1 1 1 1 1 4 |1 1 1 1 1 6 1 1 1 1 5 |1 3 1 1 1 1 1 1 1 1 1 1 6 1 1 1 6 |
最佳适应度：
12.653409436158505

===============第29个全局最优解================
最佳代数：
14104
最佳分配：
6 1 5 1 1 5 1 5 6 |1 1 1 1 3 1 |1 5 1 1 1 1 1 1 3 |1 1 1 1 1 6 1 1 1 1 1 |1 4 1 1 1 1 1 1 1 1 1 1 6 1 1 1 6 |
最佳适应度：
12.722034562469986

===============第30个全局最优解================
最佳代数：
24355
最佳分配：
6 1 4 1 1 4 1 5 6 |1 1 1 1 3 1 |1 4 1 1 1 1 1 1 3 |1 1 1 1 1 6 1 1 1 1 5 |1 3 1 1 1 1 1 1 1 1 1 1 6 1 1 1 6 |
最佳适应度：
12.802571220260749

===============第31个全局最优解================
最佳代数：
29651
最佳分配：
6 1 3 1 1 4 1 5 6 |1 1 1 1 3 1 |1 3 1 1 1 1 1 1 3 |1 1 1 1 1 6 1 1 1 1 5 |1 3 1 1 1 1 1 1 1 1 1 1 6 3 1 1 6 |
最佳适应度：
12.704133778901996

===============第32个全局最优解================
最佳代数：
15902
最佳分配：
6 1 4 1 1 4 1 4 6 |1 1 1 1 3 1 |1 4 1 1 1 1 1 1 3 |1 1 1 1 1 6 1 1 1 1 5 |1 3 1 1 1 1 1 1 1 1 1 1 6 2 1 1 6 |
最佳适应度：
12.639728333405754

===============第33个全局最优解================
最佳代数：
26801
最佳分配：
6 1 4 1 1 5 1 4 6 |1 1 1 1 3 1 |1 4 1 1 1 1 1 1 3 |1 1 1 1 1 6 1 1 1 1 5 |1 3 1 1 1 1 1 1 1 1 1 1 6 1 1 1 6 |
最佳适应度：
12.805116193475177

===============第34个全局最优解================
最佳代数：
29551
最佳分配：
6 1 3 1 1 5 1 5 6 |1 1 1 1 2 1 |1 4 1 1 1 1 1 1 3 |1 1 1 1 1 6 1 1 1 1 5 |1 3 1 1 1 1 1 1 1 1 1 1 6 2 1 1 6 |
最佳适应度：
12.625342644404839

===============第35个全局最优解================
最佳代数：
6811
最佳分配：
6 1 4 1 1 5 1 5 6 |1 1 1 1 1 1 |1 4 1 1 1 1 1 1 4 |1 1 1 1 1 5 1 1 1 1 5 |1 3 1 1 1 1 1 1 1 1 1 1 6 2 1 1 6 |
最佳适应度：
12.721126140128002

===============第36个全局最优解================
最佳代数：
29913
最佳分配：
6 1 4 1 1 5 1 5 6 |1 1 1 1 3 1 |1 4 1 1 1 1 1 1 3 |1 1 1 1 1 6 1 1 1 1 4 |1 3 1 1 1 1 1 1 1 1 1 1 6 1 1 1 6 |
最佳适应度：
12.725475264076865

===============第37个全局最优解================
最佳代数：
27126
最佳分配：
6 1 4 1 1 5 1 4 6 |1 1 1 1 3 1 |1 4 1 1 1 1 1 1 3 |1 1 1 1 1 6 1 1 1 1 4 |1 3 1 1 1 1 1 2 1 1 1 1 6 1 1 1 6 |
最佳适应度：
12.601737208513587

===============第38个全局最优解================
最佳代数：
28095
最佳分配：
6 1 4 1 1 5 1 5 6 |1 1 1 1 3 1 |1 4 1 1 1 1 1 1 3 |1 1 1 1 1 6 1 1 1 1 4 |1 3 1 1 1 1 1 1 1 1 1 1 6 1 1 1 6 |
最佳适应度：
12.777458112579241

===============第39个全局最优解================
最佳代数：
27659
最佳分配：
6 1 3 1 1 5 1 5 6 |1 1 1 1 3 1 |1 5 1 1 1 1 1 1 3 |1 1 1 1 1 6 1 1 1 1 4 |1 3 1 1 1 1 1 1 1 1 1 1 6 1 1 1 6 |
最佳适应度：
12.590595575770969

===============第40个全局最优解================
最佳代数：
28023
最佳分配：
6 1 4 1 1 5 1 5 6 |1 1 1 1 3 1 |1 4 1 1 1 1 1 1 3 |1 1 1 1 1 6 1 1 1 1 4 |1 3 1 1 1 1 1 1 1 1 1 1 6 1 1 1 6 |
最佳适应度：
12.872159818698982

===============第41个全局最优解================
最佳代数：
21611
最佳分配：
6 1 4 1 1 5 1 5 6 |1 1 1 1 3 1 |1 4 1 1 1 1 1 1 4 |1 1 1 1 1 6 1 1 1 1 3 |1 3 1 1 1 1 1 1 1 1 1 1 6 1 1 1 6 |
最佳适应度：
12.604339426516297

===============第42个全局最优解================
最佳代数：
16391
最佳分配：
6 1 4 1 1 5 1 5 6 |1 1 1 1 2 1 |1 5 1 1 1 1 1 1 3 |1 1 1 1 1 5 1 1 1 1 5 |1 3 1 1 1 1 1 1 1 1 1 1 6 1 1 1 6 |
最佳适应度：
12.717936289731819

===============第43个全局最优解================
最佳代数：
28516
最佳分配：
6 1 4 1 1 5 1 5 6 |1 1 1 1 3 1 |1 5 1 1 1 1 1 1 3 |1 1 1 1 1 5 1 1 1 1 4 |1 3 1 1 1 1 1 1 1 1 1 1 6 1 1 1 6 |
最佳适应度：
12.588081376402021

===============第44个全局最优解================
最佳代数：
29240
最佳分配：
6 1 4 1 1 5 1 4 6 |1 1 1 1 1 1 |1 4 1 1 1 1 1 1 3 |1 1 1 1 1 6 1 1 1 1 5 |1 4 1 1 1 1 1 1 1 1 1 1 6 2 1 1 6 |
最佳适应度：
12.738308187756283

===============第45个全局最优解================
最佳代数：
4348
最佳分配：
6 1 4 1 1 5 1 5 6 |1 1 1 1 2 1 |1 5 1 1 1 1 1 1 3 |1 1 1 1 1 6 1 1 1 1 3 |1 4 1 1 1 1 1 1 1 1 1 1 6 1 1 1 6 |
最佳适应度：
12.495607019524

===============第46个全局最优解================
最佳代数：
28687
最佳分配：
6 1 4 1 1 4 1 4 6 |1 1 1 1 3 1 |1 5 1 1 1 1 1 1 3 |1 1 1 1 1 6 1 1 1 1 3 |1 3 1 1 1 1 1 1 1 1 1 1 6 3 1 1 6 |
最佳适应度：
12.721427973247806

===============第47个全局最优解================
最佳代数：
7173
最佳分配：
6 1 4 1 1 5 1 5 6 |1 1 1 1 3 1 |1 4 1 1 1 1 1 1 3 |1 1 1 1 1 6 1 1 1 1 4 |1 3 1 1 1 1 1 1 1 1 1 1 6 1 1 1 6 |
最佳适应度：
12.614507070797467

===============第48个全局最优解================
最佳代数：
14959
最佳分配：
6 1 4 1 1 5 1 5 6 |1 1 1 1 3 1 |1 4 1 1 1 1 1 1 4 |1 1 1 1 1 6 1 1 1 1 3 |1 3 1 1 1 1 1 1 1 1 1 1 6 1 1 1 6 |
最佳适应度：
12.62114385047635

===============第49个全局最优解================
最佳代数：
10160
最佳分配：
6 1 4 1 1 5 1 4 6 |1 1 1 1 2 1 |1 4 1 1 1 1 1 1 4 |1 1 1 1 1 6 1 1 1 1 4 |1 4 1 1 1 1 1 1 1 1 1 1 6 1 1 1 6 |
最佳适应度：
12.759049246460066

===============第50个全局最优解================
最佳代数：
20909
最佳分配：
6 1 5 1 1 5 1 4 6 |1 1 1 1 2 1 |1 5 1 1 1 1 1 1 3 |1 1 1 1 1 5 1 1 1 1 4 |1 3 1 1 1 1 1 2 1 1 1 1 6 1 1 1 6 |
最佳适应度：
12.714271055166101

===============第51个全局最优解================
最佳代数：
27084
最佳分配：
6 1 4 1 1 5 1 4 6 |1 1 1 1 2 1 |1 4 1 1 1 1 1 1 4 |1 1 1 1 1 6 1 1 1 1 5 |1 3 1 1 1 1 1 1 1 1 1 1 6 1 1 1 6 |
最佳适应度：
12.551034560997707

===============第52个全局最优解================
最佳代数：
28742
最佳分配：
6 1 4 1 1 5 1 5 6 |1 1 1 1 3 1 |1 5 1 1 1 1 1 1 4 |1 1 1 1 1 5 1 1 1 1 3 |1 3 1 1 1 1 1 1 1 1 1 1 6 1 1 1 6 |
最佳适应度：
12.676938585549486

===============第53个全局最优解================
最佳代数：
18045
最佳分配：
6 1 4 1 1 5 1 5 6 |1 1 1 1 2 1 |1 4 1 1 1 1 1 2 1 |1 1 1 1 1 6 1 1 1 1 4 |1 3 1 1 1 1 1 1 1 1 1 1 6 3 1 1 6 |
最佳适应度：
12.569627516158842

===============第54个全局最优解================
最佳代数：
10058
最佳分配：
6 1 4 1 1 5 1 5 6 |1 1 1 1 3 1 |1 3 1 1 1 1 1 1 3 |1 1 1 1 1 6 1 1 1 1 5 |1 3 1 1 1 1 1 1 1 1 1 1 6 1 1 1 6 |
最佳适应度：
12.76692503540525

===============第55个全局最优解================
最佳代数：
26673
最佳分配：
6 1 4 1 1 4 1 5 6 |1 1 1 1 2 1 |1 5 1 1 1 1 1 1 3 |1 1 1 1 1 6 1 1 1 1 4 |1 3 1 1 1 1 1 2 1 1 1 1 6 1 1 1 6 |
最佳适应度：
12.834524247243223

===============第56个全局最优解================
最佳代数：
26081
最佳分配：
6 1 4 1 1 5 1 5 6 |1 1 1 1 2 1 |1 4 1 1 1 1 1 1 4 |1 1 1 1 1 6 1 1 1 1 4 |1 3 1 1 1 1 1 1 1 1 1 1 6 1 1 1 6 |
最佳适应度：
12.677989238523166

===============第57个全局最优解================
最佳代数：
13002
最佳分配：
6 1 4 1 1 5 1 5 6 |1 1 1 1 3 1 |1 4 1 1 1 1 1 1 4 |1 1 1 1 1 6 1 1 1 1 3 |1 3 1 1 1 1 1 1 1 1 1 1 6 1 1 1 6 |
最佳适应度：
12.49860594329273

===============第58个全局最优解================
最佳代数：
28699
最佳分配：
6 1 5 1 1 5 1 5 6 |1 1 1 1 3 1 |1 4 1 1 1 1 1 1 3 |1 1 1 1 1 6 1 1 1 1 4 |1 3 1 1 1 1 1 1 1 1 1 1 5 1 1 1 6 |
最佳适应度：
12.571198831436343

===============第59个全局最优解================
最佳代数：
9222
最佳分配：
6 1 3 1 1 5 1 5 6 |1 1 1 1 3 1 |1 4 1 1 1 1 1 1 4 |1 1 1 1 1 6 1 1 1 1 4 |1 3 1 1 1 1 1 2 1 1 1 1 5 1 1 1 6 |
最佳适应度：
12.457477204363359

===============第60个全局最优解================
最佳代数：
22109
最佳分配：
6 1 4 1 1 5 1 5 6 |1 1 1 1 1 1 |1 4 1 1 1 1 1 1 4 |1 1 1 1 1 6 1 1 1 1 5 |1 3 1 1 1 1 1 1 1 1 1 1 6 1 1 1 6 |
最佳适应度：
12.632072938312874

最大适应度：12.957058620660199
最小适应度：12.308211832692184
平均适应度：12.681566235136533
估计标准差值：0.12152054942564458
最佳分配：
6 1 4 1 1 5 1 5 6 |1 1 1 1 2 1 |1 4 1 1 1 1 1 1 4 |1 1 1 1 1 6 1 1 1 1 4 |1 3 1 1 1 1 1 1 1 1 1 1 6 1 1 1 6 |
PSO算法运行求解巡逻调度问题耗时：0小时，1分钟，1秒
