0.13431656178087786 0.04632114447766175 0.06036829602314927 0.11697218325921535 0.06380108729384101 0.11815987337047534 0.1709736431907969 0.15025724086967507 0.062398460627464375
0.19037868406321787 0.13866917406858936 0.11329795143658088 0.07645829480624255 0.026433646202787514 0.1735842860393137
0.1462425478461882 0.14998422474305192 0.18944865685600362 0.11490435119581151 0.14665990746540863 0.16136713366555713 0.19432545090353665 0.067213910228534 0.05224782339539732
0.1640757805732265 0.13641445767672597 0.15140383071815228 0.04652285609603911 0.10319909709614833 0.1348589144056183 0.04992239303670971 0.08110712549027335 0.1729277214960013 0.1590275487317685 0.13293739468667004
0.035874022119798586 0.18794324317793734 0.18894119536508636 0.058450968971790467 0.04304865206052234 0.03425191647214563 0.11527661807300502 0.07557090772192189 0.11338041638663919 0.05225555921119443 0.12139591357052035 0.05599185472315807 0.17171410526263517 0.15679558906545632 0.18890265700749648 0.10427696923968977 0.04568228189259414
0.18553718398616162 0.18946620294594183 0.06275509455896083 0.12482586249385237 0.17837869728850175 0.07908328381595381 0.12176072771581381 0.09822111026806672 0.1865774914713962
0.026561224353724433 0.1705435958852421 0.016650425016421014 0.04097665211627856 0.035809896656509875 0.09846184121633231
0.020500634769159518 0.0840978731005143 0.04151974124648977 0.07004728292255272 0.16690657329801686 0.010934217863803664 0.19998093912876275 0.061193554970830136 0.11917923489425984
0.058032271717585064 0.011164008022204928 0.13706728583865996 0.09826664472590749 0.03989660537348569 0.07473484863414108 0.04537977687564254 0.12989223092421415 0.02588030011402364 0.04141756705342153 0.0913811569955068
0.022099395359766495 0.04954364509221804 0.1920460092290325 0.13335112028920598 0.1962024171560785 0.0359689759830791 0.1897602934283229 0.029459976440231905 0.11960289677097174 0.11071301842500095 0.10610727202867333 0.1786608360589017 0.14157738715612353 0.1769589076403755 0.02929417154130365 0.12974835103889706 0.19297584611228996
0.10499844152308599 0.1925223351304251 0.19388159606363245 0.10779200121769254 0.09043097790831577 0.05219321193565417 0.12671819627932807 0.02877580133702376 0.024408781309060643
0.14983156451736943 0.14684402614610237 0.17065445733492 0.12088938174696132 0.017810976964360233 0.07740728390756162
0.10311272395835465 0.0221740191310211 0.0673945889635461 0.047777986109298544 0.011454424879903004 0.10501697018330622 0.03821913358086314 0.19165344583991425 0.025826297384038015
0.13528398380822848 0.09115315272465452 0.11731744510478344 0.15003165557919385 0.019518890604538312 0.17145046360431168 0.01473540760589331 0.14829543011377955 0.026845841656521992 0.08629765954387494 0.11282999113999521
0.022863504080608776 0.10439040093985975 0.04021978516140923 0.14863116299812162 0.027028424574942686 0.09384622986562689 0.17336083371660774 0.16803183294143786 0.01706983074624475 0.025944789756436326 0.04139622838988032 0.05560486743132577 0.022682193987319584 0.013403979763931317 0.02176193882183774 0.03834927769215576 0.17873366658511794
0.111437414277028 0.05900026955929867 0.16533311214019944 0.011659032097991007 0.1580994140199816 0.15232502657906316 0.15198758110185323 0.1414361483515729 0.134621707655082
0.19099900774700035 0.024281620420655507 0.0649292771243088 0.14846607230160003 0.18779456442382494 0.1241681858870903
0.11840410796970757 0.10907314911190678 0.067673061328228 0.043543201147682176 0.01622843561726927 0.06823089615701461 0.05787199495056426 0.1294951587676871 0.18916874928261632
0.18361711197417263 0.036828598146046804 0.19884797670894208 0.019277072193053572 0.03538873188573594 0.14279658006267534 0.12491190859045179 0.09913391095113137 0.011696528007554566 0.12862787803578732 0.10395676447124898
0.0611720067796283 0.13969714111087148 0.18699398530136893 0.13320899143953424 0.1279522876296219 0.10401530715013883 0.17031174371098987 0.17614859069758235 0.05659718053498421 0.14467742170453235 0.0918160746888701 0.09454406694158633 0.02010808134693452 0.12129346944434291 0.09858755901248176 0.05001324859081207 0.10500269669364859