第1个BestWave: 
1 1 2 3 6 1 1 1 3 3 1 1 1 1 1 |4 1 1 1 1 1 1 3 6 6 3 1 6 1 1 5 1 1 1 1 |6 1 3 1 1 1 1 1 |1 1 1 3 1 1 1 |1 1 1 1 1 1 3 4 1 1 1 1 1 3 1 4 |1 1 1 1 1 1 1 1 1 1 1 1 4 1 |1 3 1 1 1 1 1 1 1 6 1 1 1 1 1 6 |6 1 1 1 1 |1 1 1 1 1 1 1 |1 1 1 1 1 1 6 1 6 1 1 1 1 1 6 |1 1 1 1 1 1 1 1 1 1 1 1 1 1 1 |1 1 1 1 1 1 1 1 1 1 |1 1 1 1 2 |4 1 1 1 1 1 1 1 1 1 1 1 |1 1 1 1 1 1 1 1 1 1 1 6 1 1 4 1 |1 1 1 1 1 1 1 1 |1 1 1 1 1 1 1 1 1 1 4 1 1 1 1 1 1 |1 1 1 4 1 3 1 |1 1 1 1 6 1 1 2 1 6 1 1 1 |1 6 1 1 1 1 6 1 1 4 5 1 1 1 1 1 1 1 1 1 |1 1 1 1 1 1 1 1 1 1 1 1 3 1 1 3 |1 1 1 1 1 1 1 1 1 1 1 1 1 1 |1 1 1 1 1 1 1 1 1 |3 1 1 1 1 1 4 1 3 1 1 1 |5 1 1 5 1 1 1 1 1 1 1 1 1 4 |1 1 1 1 1 1 1 1 1 1 1 1 |1 1 1 1 1 2 1 1 1 1 1 1 1 1 |2 1 1 1 1 1 1 1 1 |1 1 1 2 6 1 1 1 1 1 1 1 1 |1 1 1 1 1 1 1 5 1 1 1 1 1 2 1 1 1 |6 6 1 1 5 1 6 1 1 1 1 1 1 1 1 |4 1 6 1 1 1 1 4 1 |1 5 1 1 1 1 1 1 1 1 1 1 |1 1 1 1 1 4 1 1 1 6 1 1 |1 1 6 1 1 1 1 1 1 1 1 1 6 1 1 5 1 |1 4 1 4 2 2 |1 6 1 6 1 1 1 6 1 1 4 1 1 3 |1 1 1 1 1 1 1 |1 3 1 1 1 |5 1 6 3 1 1 1 1 3 1 1 3 |1 1 1 1 1 1 1 1 1 1 1 1 1 1 6 1 4 1 1 |4 1 1 1 1 1 1 1 2 1 1 6 1 1 1 |1 1 1 1 1 1 6 |3 1 1 1 1 |6 5 4 1 1 1 1 1 4 1 1 1 1 1 1 |1 1 1 1 2 1 1 1 1 |1 1 1 1 6 1 1 1 1 1 1 1 1 6 1 6 1 1 |1 1 1 1 1 1 1 6 |1 1 1 1 6 1 4 1 4 1 1 1 1 1 1 4 1 2 1 |1 1 1 1 1 1 1 1 1 1 1 1 1 3 1 1 1 1 1 |1 3 1 4 1 2 1 1 1 1 1 1 1 |1 1 1 1 1 1 1 1 1 6 1 1 1 1 4 1 |1 1 1 1 1 1 1 |1 1 4 1 1 1 6 6 1 1 1 3 6 6 1 6 1 1 |1 1 1 1 1 1 1 1 6 6 6 1 5 1 1 6 1 3 6 |1 1 1 1 1 1 1 1 5 1 1 1 1 1 1 1 |1 1 1 1 1 1 1 1 1 1 1 1 1 |1 2 5 1 1 |1 1 1 1 1 1 1 1 1 1 1 6 1 4 1 1 |1 1 6 1 1 1 1 1 |realPatrol = 1200|fitness = 999.8218743378317

最优解的最大适应度：999.8218743378317
最优解的最小适应度：999.8218743378317
最优解的平均适应度：999.8218743378317
估计标准差值：NaN
最优解的最佳分配：
1 1 2 3 6 1 1 1 3 3 1 1 1 1 1 |4 1 1 1 1 1 1 3 6 6 3 1 6 1 1 5 1 1 1 1 |6 1 3 1 1 1 1 1 |1 1 1 3 1 1 1 |1 1 1 1 1 1 3 4 1 1 1 1 1 3 1 4 |1 1 1 1 1 1 1 1 1 1 1 1 4 1 |1 3 1 1 1 1 1 1 1 6 1 1 1 1 1 6 |6 1 1 1 1 |1 1 1 1 1 1 1 |1 1 1 1 1 1 6 1 6 1 1 1 1 1 6 |1 1 1 1 1 1 1 1 1 1 1 1 1 1 1 |1 1 1 1 1 1 1 1 1 1 |1 1 1 1 2 |4 1 1 1 1 1 1 1 1 1 1 1 |1 1 1 1 1 1 1 1 1 1 1 6 1 1 4 1 |1 1 1 1 1 1 1 1 |1 1 1 1 1 1 1 1 1 1 4 1 1 1 1 1 1 |1 1 1 4 1 3 1 |1 1 1 1 6 1 1 2 1 6 1 1 1 |1 6 1 1 1 1 6 1 1 4 5 1 1 1 1 1 1 1 1 1 |1 1 1 1 1 1 1 1 1 1 1 1 3 1 1 3 |1 1 1 1 1 1 1 1 1 1 1 1 1 1 |1 1 1 1 1 1 1 1 1 |3 1 1 1 1 1 4 1 3 1 1 1 |5 1 1 5 1 1 1 1 1 1 1 1 1 4 |1 1 1 1 1 1 1 1 1 1 1 1 |1 1 1 1 1 2 1 1 1 1 1 1 1 1 |2 1 1 1 1 1 1 1 1 |1 1 1 2 6 1 1 1 1 1 1 1 1 |1 1 1 1 1 1 1 5 1 1 1 1 1 2 1 1 1 |6 6 1 1 5 1 6 1 1 1 1 1 1 1 1 |4 1 6 1 1 1 1 4 1 |1 5 1 1 1 1 1 1 1 1 1 1 |1 1 1 1 1 4 1 1 1 6 1 1 |1 1 6 1 1 1 1 1 1 1 1 1 6 1 1 5 1 |1 4 1 4 2 2 |1 6 1 6 1 1 1 6 1 1 4 1 1 3 |1 1 1 1 1 1 1 |1 3 1 1 1 |5 1 6 3 1 1 1 1 3 1 1 3 |1 1 1 1 1 1 1 1 1 1 1 1 1 1 6 1 4 1 1 |4 1 1 1 1 1 1 1 2 1 1 6 1 1 1 |1 1 1 1 1 1 6 |3 1 1 1 1 |6 5 4 1 1 1 1 1 4 1 1 1 1 1 1 |1 1 1 1 2 1 1 1 1 |1 1 1 1 6 1 1 1 1 1 1 1 1 6 1 6 1 1 |1 1 1 1 1 1 1 6 |1 1 1 1 6 1 4 1 4 1 1 1 1 1 1 4 1 2 1 |1 1 1 1 1 1 1 1 1 1 1 1 1 3 1 1 1 1 1 |1 3 1 4 1 2 1 1 1 1 1 1 1 |1 1 1 1 1 1 1 1 1 6 1 1 1 1 4 1 |1 1 1 1 1 1 1 |1 1 4 1 1 1 6 6 1 1 1 3 6 6 1 6 1 1 |1 1 1 1 1 1 1 1 6 6 6 1 5 1 1 6 1 3 6 |1 1 1 1 1 1 1 1 5 1 1 1 1 1 1 1 |1 1 1 1 1 1 1 1 1 1 1 1 1 |1 2 5 1 1 |1 1 1 1 1 1 1 1 1 1 1 6 1 4 1 1 |1 1 6 1 1 1 1 1 |1200|realPatrol = 1200
PWWO算法运行求解巡逻调度问题耗时：0小时，7分钟，13秒
第1个BestWave: 
1 1 1 4 6 1 1 3 4 2 1 1 1 1 1 |3 1 1 1 1 1 1 4 6 6 1 1 6 1 1 4 1 1 1 1 |6 1 3 1 1 1 1 1 |1 1 1 1 1 1 1 |1 1 1 1 1 1 3 5 1 1 1 1 1 1 1 6 |3 1 1 1 1 1 1 1 1 1 1 1 5 1 |1 4 1 1 1 1 1 1 1 6 1 1 1 1 1 6 |6 1 1 1 1 |1 1 1 1 1 1 1 |1 1 1 1 1 1 6 1 6 1 1 1 1 1 6 |1 1 1 1 1 1 1 1 1 1 1 1 1 1 1 |1 1 1 1 1 1 1 1 1 1 |1 1 1 1 5 |1 1 1 1 1 1 1 1 1 1 1 1 |1 1 1 1 1 1 1 1 1 1 1 6 1 1 3 1 |1 1 1 1 1 1 1 1 |1 1 1 1 1 1 1 1 1 1 5 1 1 1 1 1 1 |1 1 1 4 1 3 1 |1 1 1 1 6 1 1 1 1 6 1 1 1 |1 6 1 2 1 1 6 1 1 1 1 1 1 1 1 4 1 1 1 1 |1 1 1 1 1 1 1 1 1 1 1 1 1 1 1 3 |1 1 1 1 1 1 1 1 1 1 1 1 1 1 |1 1 1 1 1 1 1 1 1 |3 1 2 1 1 1 5 1 1 1 1 1 |6 1 1 6 1 1 1 1 1 3 1 1 1 5 |1 1 1 1 1 1 1 1 1 1 1 1 |1 1 1 1 1 1 1 1 1 1 1 1 1 1 |1 1 1 1 1 1 1 1 1 |1 1 1 1 6 1 1 1 1 1 1 1 1 |1 1 1 1 1 1 1 6 1 1 1 1 1 2 1 1 1 |6 6 1 1 4 1 6 1 1 1 1 1 1 1 1 |1 1 5 1 1 1 1 2 1 |1 5 1 1 1 1 1 1 1 1 1 1 |1 1 1 1 1 1 1 2 1 6 1 1 |1 1 6 1 1 1 1 1 1 1 1 1 6 1 1 6 1 |1 5 1 4 3 1 |1 6 1 6 1 1 1 5 5 1 2 1 1 3 |2 1 1 1 1 1 1 |1 1 1 1 1 |6 1 6 1 5 1 1 1 1 1 1 4 |1 1 1 1 1 1 1 1 1 1 1 1 1 1 6 1 4 1 3 |6 1 1 1 1 1 1 1 1 1 1 5 1 1 1 |1 3 1 1 1 1 6 |1 1 1 3 1 |6 5 5 1 1 1 1 1 5 1 1 1 1 1 1 |1 1 1 1 1 1 1 1 1 |1 1 1 1 6 1 1 1 1 1 1 1 1 6 1 5 1 1 |1 1 1 1 1 1 1 6 |1 1 1 1 6 1 4 1 5 1 1 1 1 1 1 4 1 1 3 |1 1 1 1 1 1 1 1 1 1 1 1 1 1 1 1 1 1 1 |1 5 1 5 1 1 1 1 1 1 1 1 1 |1 1 1 1 1 1 1 1 1 4 1 1 1 1 4 1 |1 1 1 1 1 1 1 |1 1 5 1 1 1 6 6 1 1 1 3 6 6 1 6 1 1 |1 1 1 1 1 1 2 1 4 6 6 1 6 1 1 6 1 4 6 |1 1 1 1 1 1 1 1 4 1 1 1 1 1 1 1 |1 1 1 1 1 1 1 1 1 1 1 1 1 |1 3 4 1 1 |1 1 1 1 1 1 1 1 1 1 1 6 1 5 1 1 |1 1 6 1 1 1 1 1 |realPatrol = 1200|fitness = 997.0753631723632

最优解的最大适应度：997.0753631723632
最优解的最小适应度：997.0753631723632
最优解的平均适应度：997.0753631723632
估计标准差值：NaN
最优解的最佳分配：
1 1 1 4 6 1 1 3 4 2 1 1 1 1 1 |3 1 1 1 1 1 1 4 6 6 1 1 6 1 1 4 1 1 1 1 |6 1 3 1 1 1 1 1 |1 1 1 1 1 1 1 |1 1 1 1 1 1 3 5 1 1 1 1 1 1 1 6 |3 1 1 1 1 1 1 1 1 1 1 1 5 1 |1 4 1 1 1 1 1 1 1 6 1 1 1 1 1 6 |6 1 1 1 1 |1 1 1 1 1 1 1 |1 1 1 1 1 1 6 1 6 1 1 1 1 1 6 |1 1 1 1 1 1 1 1 1 1 1 1 1 1 1 |1 1 1 1 1 1 1 1 1 1 |1 1 1 1 5 |1 1 1 1 1 1 1 1 1 1 1 1 |1 1 1 1 1 1 1 1 1 1 1 6 1 1 3 1 |1 1 1 1 1 1 1 1 |1 1 1 1 1 1 1 1 1 1 5 1 1 1 1 1 1 |1 1 1 4 1 3 1 |1 1 1 1 6 1 1 1 1 6 1 1 1 |1 6 1 2 1 1 6 1 1 1 1 1 1 1 1 4 1 1 1 1 |1 1 1 1 1 1 1 1 1 1 1 1 1 1 1 3 |1 1 1 1 1 1 1 1 1 1 1 1 1 1 |1 1 1 1 1 1 1 1 1 |3 1 2 1 1 1 5 1 1 1 1 1 |6 1 1 6 1 1 1 1 1 3 1 1 1 5 |1 1 1 1 1 1 1 1 1 1 1 1 |1 1 1 1 1 1 1 1 1 1 1 1 1 1 |1 1 1 1 1 1 1 1 1 |1 1 1 1 6 1 1 1 1 1 1 1 1 |1 1 1 1 1 1 1 6 1 1 1 1 1 2 1 1 1 |6 6 1 1 4 1 6 1 1 1 1 1 1 1 1 |1 1 5 1 1 1 1 2 1 |1 5 1 1 1 1 1 1 1 1 1 1 |1 1 1 1 1 1 1 2 1 6 1 1 |1 1 6 1 1 1 1 1 1 1 1 1 6 1 1 6 1 |1 5 1 4 3 1 |1 6 1 6 1 1 1 5 5 1 2 1 1 3 |2 1 1 1 1 1 1 |1 1 1 1 1 |6 1 6 1 5 1 1 1 1 1 1 4 |1 1 1 1 1 1 1 1 1 1 1 1 1 1 6 1 4 1 3 |6 1 1 1 1 1 1 1 1 1 1 5 1 1 1 |1 3 1 1 1 1 6 |1 1 1 3 1 |6 5 5 1 1 1 1 1 5 1 1 1 1 1 1 |1 1 1 1 1 1 1 1 1 |1 1 1 1 6 1 1 1 1 1 1 1 1 6 1 5 1 1 |1 1 1 1 1 1 1 6 |1 1 1 1 6 1 4 1 5 1 1 1 1 1 1 4 1 1 3 |1 1 1 1 1 1 1 1 1 1 1 1 1 1 1 1 1 1 1 |1 5 1 5 1 1 1 1 1 1 1 1 1 |1 1 1 1 1 1 1 1 1 4 1 1 1 1 4 1 |1 1 1 1 1 1 1 |1 1 5 1 1 1 6 6 1 1 1 3 6 6 1 6 1 1 |1 1 1 1 1 1 2 1 4 6 6 1 6 1 1 6 1 4 6 |1 1 1 1 1 1 1 1 4 1 1 1 1 1 1 1 |1 1 1 1 1 1 1 1 1 1 1 1 1 |1 3 4 1 1 |1 1 1 1 1 1 1 1 1 1 1 6 1 5 1 1 |1 1 6 1 1 1 1 1 |1200|realPatrol = 1200
PWWO算法运行求解巡逻调度问题耗时：0小时，7分钟，4秒
