第1个BestWave: 
1 1 1 3 6 1 1 1 4 1 1 1 1 1 1 |1 1 1 1 1 1 1 6 6 6 1 1 6 1 1 4 1 1 1 1 |6 1 3 1 1 1 1 1 |1 1 1 1 1 1 1 |1 1 1 1 1 1 6 3 1 1 1 1 1 1 1 5 |3 1 1 1 1 1 1 1 1 1 1 1 5 1 |1 4 1 1 1 1 1 1 1 6 1 1 1 1 1 6 |6 1 1 1 1 |1 1 1 1 1 1 1 |1 1 1 1 1 1 6 1 6 1 1 1 1 1 6 |1 1 1 1 1 1 3 1 1 1 1 1 1 1 1 |1 1 1 1 1 1 1 1 1 1 |1 1 1 1 4 |4 1 1 1 1 1 1 1 1 1 1 1 |1 1 1 1 1 1 1 1 1 1 1 6 1 2 1 1 |1 1 1 1 1 1 1 1 |1 1 1 1 1 1 1 1 1 1 4 1 1 1 1 1 1 |2 1 1 5 1 5 1 |1 1 1 1 5 1 1 1 1 6 1 1 1 |1 6 1 2 1 1 6 1 1 3 4 1 1 1 1 3 1 1 1 1 |1 1 1 1 1 1 1 1 1 1 1 1 2 1 1 4 |1 1 1 1 1 1 1 1 1 1 2 1 1 1 |1 1 1 1 1 1 1 1 1 |4 1 1 1 1 1 5 1 1 1 1 1 |6 1 1 5 1 1 1 1 1 1 1 1 1 1 |1 1 1 1 1 1 1 1 1 1 1 1 |1 1 1 1 1 1 1 1 1 1 1 1 1 1 |1 1 1 1 1 1 1 1 1 |1 1 1 1 6 1 1 1 1 1 1 1 1 |1 1 1 1 1 1 1 6 1 1 1 1 1 3 1 1 1 |6 6 1 1 3 1 5 1 1 1 1 1 1 1 1 |4 1 6 1 1 1 1 3 1 |1 6 1 1 1 1 1 1 1 1 1 1 |1 1 1 1 1 3 1 1 1 6 1 1 |1 1 6 1 1 1 1 1 3 1 1 1 6 1 1 6 1 |1 5 1 4 3 1 |1 6 1 4 1 1 1 5 2 1 3 1 1 3 |1 1 1 1 1 1 1 |1 1 1 1 1 |6 1 6 5 5 1 1 1 1 1 1 4 |1 1 1 1 1 1 1 1 1 1 1 1 1 1 6 1 1 1 3 |4 1 2 1 1 1 1 1 1 1 1 6 1 1 1 |1 3 1 1 1 1 6 |1 1 1 1 1 |6 5 2 1 1 1 1 1 6 1 1 1 1 1 1 |1 1 1 1 1 1 1 1 1 |1 1 1 1 6 1 1 1 1 1 1 1 1 6 1 5 1 1 |1 1 1 1 1 1 1 6 |1 1 1 1 6 1 4 1 5 1 1 1 1 1 1 5 1 1 1 |1 1 2 1 1 1 1 1 1 1 1 1 1 1 1 1 1 1 1 |1 4 1 6 1 1 1 1 1 1 1 1 1 |1 2 1 1 1 1 1 1 1 5 1 1 1 1 3 1 |1 1 1 1 1 1 1 |1 1 5 1 1 1 6 6 1 1 1 6 6 6 1 6 1 1 |1 1 1 1 1 1 1 1 5 6 6 1 6 1 1 6 1 1 6 |1 1 1 1 1 1 1 1 4 1 1 1 1 1 1 1 |1 1 1 1 1 1 1 1 1 1 1 1 1 |1 1 4 1 1 |1 1 1 1 1 5 1 1 1 1 1 6 1 1 1 1 |1 1 6 1 1 1 1 1 |realPatrol = 1200|fitness = 995.548688149704

第2个BestWave: 
1 1 1 3 6 3 1 1 3 4 1 1 1 1 1 |1 1 1 1 1 1 1 5 6 6 1 1 6 1 1 3 1 1 1 1 |6 1 4 1 1 1 1 1 |1 1 1 1 1 1 1 |1 1 1 1 1 1 1 4 1 1 1 1 1 4 1 6 |1 1 1 1 1 1 1 1 1 1 1 1 4 1 |1 3 1 1 1 1 1 1 1 6 1 1 1 1 1 6 |6 1 1 1 1 |1 1 1 1 1 1 1 |1 1 1 1 1 1 5 1 6 1 1 1 1 1 6 |1 1 1 1 1 1 1 1 1 1 1 1 1 1 1 |1 1 1 1 1 1 1 1 1 1 |1 1 1 1 3 |3 1 1 1 1 1 1 1 1 1 1 1 |1 2 1 1 1 1 1 1 1 1 1 6 1 1 1 1 |1 1 1 1 1 1 1 1 |1 1 1 1 1 1 1 1 1 1 5 1 1 1 1 1 1 |4 1 1 5 1 3 1 |1 1 1 1 5 1 1 3 1 6 1 1 1 |1 6 1 2 1 1 5 1 1 4 6 2 1 1 3 4 1 1 1 1 |1 1 1 1 1 1 1 1 1 1 1 1 1 1 1 1 |1 1 1 1 1 1 1 1 1 1 1 1 1 1 |1 1 1 1 1 1 1 1 1 |1 1 1 1 1 1 5 1 1 1 1 1 |6 1 1 5 1 1 1 1 1 1 1 1 1 4 |1 1 1 1 1 1 1 1 1 1 1 1 |1 1 1 1 1 3 1 1 1 1 1 1 1 1 |2 1 1 1 1 1 1 1 1 |1 1 1 5 6 1 1 1 1 1 1 1 1 |1 1 1 1 1 1 1 6 1 1 1 1 1 3 1 1 1 |6 6 1 1 6 1 6 1 1 1 1 1 1 1 1 |5 1 6 1 1 1 1 1 1 |1 6 1 1 1 1 1 1 1 1 3 1 |1 1 1 1 1 1 1 1 1 6 1 1 |1 1 6 1 1 1 1 1 1 1 1 1 6 1 1 5 1 |1 5 1 5 3 1 |1 6 1 6 1 1 1 1 1 1 1 1 1 1 |1 1 1 1 1 1 1 |1 1 1 1 1 |6 1 6 4 1 1 1 1 3 1 1 4 |1 1 1 1 1 1 1 1 1 1 1 1 1 1 6 1 3 1 3 |4 1 1 1 1 1 1 1 1 1 3 6 1 1 1 |1 1 1 1 1 1 6 |3 1 1 1 1 |6 6 3 1 1 1 1 1 5 1 1 1 1 1 1 |1 1 1 1 1 1 1 1 1 |1 1 1 1 6 1 1 1 1 1 1 1 1 6 1 5 1 1 |1 1 1 1 1 1 1 6 |1 1 1 1 6 1 4 1 4 1 1 1 1 1 1 4 1 4 4 |1 1 1 1 1 1 1 1 1 1 1 1 1 1 1 1 1 1 1 |1 4 1 6 1 1 1 1 1 1 1 1 1 |1 1 1 1 1 1 1 1 1 6 1 1 1 1 1 1 |1 1 1 1 1 1 1 |1 1 6 1 1 1 6 6 1 1 1 3 6 1 1 6 1 1 |1 1 1 1 1 1 1 1 5 6 6 1 6 1 1 6 1 2 6 |1 1 3 1 1 1 1 1 6 1 1 1 1 1 1 1 |1 1 1 1 1 1 1 1 1 1 1 1 1 |1 1 4 1 1 |1 1 1 1 1 4 1 1 1 1 1 6 1 3 1 1 |1 1 6 1 1 1 1 1 |realPatrol = 1200|fitness = 997.4308657755914

第3个BestWave: 
1 1 1 3 6 4 1 5 3 3 1 1 1 1 1 |4 1 1 1 1 1 1 5 4 6 1 1 6 1 1 4 1 1 1 1 |6 1 4 1 1 1 1 1 |1 1 1 1 1 1 1 |1 1 1 1 1 1 4 4 1 1 1 1 1 3 1 4 |3 1 1 1 1 1 1 1 1 1 1 1 5 1 |1 4 1 1 1 1 1 1 1 6 1 1 1 1 1 6 |6 1 1 1 1 |1 1 1 1 1 1 1 |1 1 1 1 1 1 6 1 6 1 1 1 1 1 6 |1 1 1 1 1 1 1 1 1 2 1 1 1 1 1 |1 1 1 1 1 1 1 1 3 1 |1 1 1 1 3 |1 1 1 1 1 1 1 1 1 1 1 1 |1 1 1 1 1 1 1 1 1 1 1 6 1 1 1 1 |1 1 1 1 1 1 1 1 |1 1 1 1 1 1 1 1 1 1 5 1 1 1 1 1 1 |3 1 1 5 1 4 1 |1 1 1 1 6 1 1 2 1 6 1 1 1 |1 6 1 1 1 1 5 1 1 3 4 1 1 1 1 1 1 1 1 1 |1 1 1 1 3 1 1 1 1 1 1 1 1 1 1 1 |1 1 1 1 1 1 1 1 1 1 1 1 1 1 |1 1 1 1 1 1 1 1 1 |4 1 1 1 1 1 4 1 1 1 1 1 |6 1 1 5 1 2 1 1 1 1 1 1 1 4 |1 1 1 1 1 1 1 1 1 1 1 1 |1 1 1 1 1 2 1 1 1 1 1 1 1 1 |1 1 1 1 1 1 1 1 1 |1 1 1 2 6 1 1 1 1 1 1 1 1 |1 1 1 1 1 1 1 6 1 1 1 1 1 1 1 1 1 |6 6 1 1 4 1 6 1 1 1 1 1 1 1 1 |4 1 6 1 1 1 1 3 1 |1 5 1 1 1 1 1 1 1 1 1 1 |1 1 1 1 1 4 1 1 1 6 1 1 |1 1 1 1 1 1 1 1 1 1 1 1 6 1 1 6 1 |1 4 1 4 2 1 |1 6 1 6 1 1 1 3 4 1 1 1 1 2 |1 1 1 1 1 1 1 |1 2 1 1 1 |6 1 6 3 5 1 1 1 1 1 1 4 |1 1 1 1 1 1 1 1 1 1 1 1 1 1 6 1 4 1 3 |4 1 2 1 1 1 1 1 1 1 1 6 1 1 1 |1 1 1 1 1 1 4 |3 1 1 2 1 |6 6 3 1 1 1 2 1 6 1 1 1 1 1 1 |1 1 1 1 1 1 1 1 1 |1 1 1 1 6 1 1 1 1 1 1 1 1 6 1 4 1 1 |1 1 1 1 1 1 1 6 |1 1 1 1 6 1 3 1 4 1 1 1 1 1 1 4 1 2 1 |1 1 1 1 1 1 1 1 1 1 1 1 1 3 1 1 1 1 1 |1 5 1 5 1 1 1 1 1 1 1 1 1 |1 1 1 1 1 1 1 1 1 5 1 1 1 1 3 1 |1 1 1 1 1 1 1 |1 1 4 1 1 1 6 6 1 1 1 4 6 5 1 6 1 1 |1 1 1 1 1 1 1 1 6 6 6 1 6 1 1 6 1 2 6 |1 1 3 1 1 1 1 1 6 1 1 1 1 1 1 1 |1 1 1 1 1 1 1 1 1 1 1 1 1 |1 1 6 1 1 |1 1 1 1 1 1 1 1 1 1 1 6 1 4 1 1 |1 1 6 1 1 1 1 1 |realPatrol = 1200|fitness = 1001.6500228930474

第4个BestWave: 
1 1 1 4 6 1 1 3 4 3 1 1 1 1 1 |2 1 1 1 1 1 1 4 6 6 1 1 6 1 1 6 1 1 1 1 |6 1 6 1 1 1 1 1 |1 1 1 3 1 1 1 |1 1 1 1 1 1 3 6 1 1 1 1 1 1 1 4 |2 1 1 1 1 1 1 1 1 1 1 1 4 1 |1 5 1 1 1 1 1 1 1 6 1 1 1 1 1 6 |6 1 1 1 1 |1 1 1 1 1 1 1 |1 1 1 1 1 1 5 1 6 1 1 1 1 1 6 |1 1 1 1 2 1 1 1 1 1 1 1 1 1 1 |1 1 1 1 1 1 1 1 1 1 |1 1 1 1 3 |1 1 1 1 1 1 1 1 1 1 1 1 |1 2 1 1 1 1 1 1 1 1 1 6 1 1 1 1 |1 1 1 1 1 1 1 1 |1 1 1 1 1 1 1 1 1 1 5 1 1 1 1 1 1 |3 1 1 1 1 4 1 |1 1 1 1 6 1 1 2 1 6 1 1 1 |1 6 1 1 1 1 5 1 1 4 6 1 1 1 1 4 2 1 1 1 |1 1 1 1 1 1 1 1 1 1 1 1 1 1 1 4 |1 1 1 1 1 1 1 1 1 1 5 1 1 1 |1 1 1 1 1 1 1 1 1 |3 1 1 1 1 1 4 1 3 1 1 1 |6 1 1 6 1 1 1 1 1 1 1 1 1 5 |1 1 1 1 1 1 1 1 1 1 1 1 |1 1 1 1 1 1 1 1 1 1 1 1 1 1 |1 1 1 1 1 1 1 1 1 |1 1 1 1 6 1 1 1 1 1 1 1 1 |1 1 1 1 1 1 1 1 1 1 1 1 1 1 1 1 1 |6 6 1 1 1 1 6 1 1 1 1 1 1 1 1 |4 1 6 1 1 1 1 4 1 |1 5 1 1 1 1 1 1 1 1 1 1 |1 1 1 1 1 4 1 1 1 6 1 1 |1 1 6 1 1 1 1 1 1 1 1 1 6 1 1 6 1 |1 4 1 5 4 3 |1 6 1 6 1 1 1 6 4 1 3 1 1 3 |1 1 1 1 1 1 1 |1 1 1 1 1 |6 1 6 3 3 1 1 1 1 1 1 1 |1 1 1 1 1 1 1 1 1 1 1 1 1 1 5 1 4 1 2 |4 1 1 1 1 1 1 1 1 1 1 6 1 1 1 |1 1 1 1 1 1 6 |4 1 1 3 1 |6 4 4 1 1 1 1 1 6 1 1 1 1 1 1 |1 1 1 1 1 1 1 1 1 |1 2 1 1 6 1 1 1 1 1 1 1 1 6 1 4 1 1 |1 1 1 1 1 1 1 6 |1 1 1 1 6 1 1 1 5 1 1 1 1 1 1 5 1 1 1 |1 1 1 1 1 1 1 1 1 1 1 1 1 4 1 1 1 1 1 |1 5 1 6 1 1 1 1 1 1 1 1 1 |1 1 1 1 1 1 1 1 1 6 1 1 1 1 2 1 |1 1 1 1 1 1 1 |1 1 6 1 1 1 6 6 1 1 1 1 6 1 1 6 1 1 |1 1 1 1 1 1 1 1 5 6 6 1 6 1 1 6 1 2 6 |1 1 1 1 1 1 1 1 6 1 1 1 1 1 1 1 |1 1 1 1 1 1 1 1 1 1 1 1 1 |1 1 3 1 1 |1 1 1 1 1 1 1 1 1 1 1 6 1 5 1 1 |1 1 6 1 1 1 1 1 |realPatrol = 1200|fitness = 998.0380350622884

第5个BestWave: 
1 1 1 4 6 3 1 1 1 2 1 1 1 1 1 |3 1 1 1 1 1 1 4 6 6 1 1 6 1 1 6 1 1 1 1 |6 1 5 1 1 1 1 1 |1 1 1 1 1 1 1 |1 1 1 1 1 1 6 6 1 1 1 1 1 4 1 5 |3 1 1 1 1 1 1 3 1 1 1 1 3 1 |1 4 1 1 1 1 1 2 1 6 1 1 1 1 1 6 |6 1 1 1 1 |1 1 1 1 1 1 1 |1 1 1 1 1 1 6 1 6 1 1 1 1 1 6 |1 1 1 1 1 1 1 1 1 2 1 1 1 1 1 |1 1 1 1 1 1 1 1 1 1 |1 1 1 1 3 |1 1 1 1 1 1 1 1 1 1 1 1 |1 1 1 1 2 1 1 1 1 1 1 6 1 1 1 1 |1 1 1 1 1 1 1 1 |1 1 1 1 1 1 1 1 1 1 5 1 1 1 1 1 1 |2 1 1 4 1 6 1 |1 1 1 1 6 1 1 1 1 6 1 1 1 |1 6 1 1 1 1 6 1 1 1 4 1 1 1 3 3 1 1 1 1 |1 1 1 1 1 1 1 1 1 1 1 1 1 2 1 3 |1 1 1 1 1 1 1 1 1 1 1 1 1 1 |1 1 1 1 1 1 1 1 1 |1 1 1 1 1 1 5 1 1 1 1 1 |6 1 1 6 1 1 1 1 1 1 1 1 1 6 |1 1 1 1 1 1 1 1 1 1 1 1 |1 1 1 1 1 1 2 1 1 1 1 1 1 1 |1 1 1 1 1 1 1 1 1 |1 1 1 6 6 1 1 1 1 1 1 1 1 |1 1 1 1 1 1 1 1 1 1 1 1 1 4 1 1 1 |5 6 1 1 5 1 6 1 1 1 1 1 1 1 1 |6 1 5 1 1 1 1 3 1 |1 5 1 1 1 1 1 1 1 1 3 1 |1 1 1 1 1 2 1 1 1 6 1 1 |1 1 1 1 1 1 1 1 1 1 1 1 6 1 1 5 1 |1 6 1 4 1 1 |1 6 1 4 1 1 1 6 1 1 3 1 1 1 |1 1 1 1 1 1 1 |1 1 1 1 1 |6 1 6 1 5 1 1 1 1 1 1 1 |1 1 1 1 1 1 1 1 1 1 1 1 1 1 6 1 3 1 3 |6 1 1 1 1 1 1 1 1 1 1 6 1 1 1 |1 1 1 1 1 1 6 |1 1 1 1 1 |6 1 3 1 1 1 1 1 6 1 1 1 1 1 1 |1 1 1 1 1 1 1 1 1 |1 1 1 1 6 1 1 1 1 1 1 1 1 6 1 5 1 1 |1 1 1 1 1 1 1 6 |1 1 1 1 6 1 5 1 1 1 1 1 1 1 1 6 1 4 5 |1 1 1 1 1 1 1 1 1 1 1 1 1 1 1 1 1 1 1 |1 4 1 6 1 1 1 1 1 1 1 1 1 |1 1 1 1 1 1 1 1 1 4 1 1 1 1 1 1 |1 1 1 1 1 1 1 |1 1 6 1 1 1 6 6 1 1 1 5 6 6 1 6 1 1 |1 1 1 1 1 1 1 1 6 6 6 1 6 1 1 6 1 1 6 |1 1 4 1 1 1 1 1 6 1 1 1 1 1 1 1 |1 1 1 1 1 1 1 1 1 1 1 1 1 |1 1 5 1 1 |1 1 1 1 1 1 1 1 1 1 1 6 1 4 1 1 |1 1 6 1 1 1 1 1 |realPatrol = 1200|fitness = 993.4142499785738

第6个BestWave: 
1 1 1 4 6 1 1 4 1 1 1 1 1 1 1 |3 1 1 1 1 1 1 1 1 6 1 1 6 1 1 4 1 1 1 1 |6 1 4 1 1 1 1 1 |1 1 1 1 1 1 1 |1 1 1 1 1 1 4 5 1 1 1 1 1 3 1 6 |5 1 1 1 1 1 1 1 1 1 1 1 4 1 |1 5 1 1 1 1 1 1 1 6 1 1 1 1 1 6 |6 1 1 1 1 |1 1 1 1 1 1 1 |1 1 1 1 1 1 5 1 6 1 1 1 1 1 6 |1 1 1 1 1 1 1 1 1 1 1 1 1 1 1 |1 1 1 1 1 1 1 1 1 1 |1 1 1 1 3 |3 1 1 1 1 1 1 1 1 1 1 1 |1 2 1 1 1 1 1 1 1 1 1 6 1 1 1 1 |1 1 1 1 1 1 1 1 |1 1 1 1 1 1 1 1 1 1 4 1 1 1 1 1 1 |2 1 1 5 1 5 1 |1 1 1 1 6 1 1 1 1 6 1 1 1 |1 6 1 1 1 1 6 1 1 5 6 1 1 1 1 1 1 1 1 1 |1 1 1 1 3 1 1 1 1 1 1 1 2 1 1 5 |1 1 1 1 1 1 1 1 1 1 1 1 1 1 |1 1 1 1 1 1 1 1 1 |4 1 1 1 1 1 5 1 1 1 1 1 |6 1 1 5 1 1 1 1 1 1 1 1 1 4 |1 1 1 1 1 1 1 1 1 1 1 1 |1 1 1 1 1 1 1 1 1 1 1 1 1 1 |1 1 1 1 1 1 1 1 1 |1 1 1 1 6 1 1 1 1 1 1 1 1 |1 1 1 1 1 1 1 6 1 1 1 1 1 3 1 1 1 |6 6 1 1 5 1 6 1 1 1 1 1 1 1 1 |5 1 6 1 1 1 1 5 1 |1 5 1 1 1 1 1 1 1 1 1 1 |1 1 1 1 1 3 1 1 1 6 1 1 |1 1 6 1 1 1 1 1 1 1 1 2 6 1 1 6 1 |1 4 1 4 4 2 |1 6 1 6 1 1 1 3 3 1 2 1 1 1 |1 1 1 1 1 1 1 |1 1 1 1 2 |6 1 6 4 4 1 1 1 4 1 1 6 |1 1 1 1 1 1 1 1 1 1 1 1 1 1 6 1 1 1 1 |6 1 1 1 1 1 1 1 1 1 1 6 1 1 1 |1 2 1 1 1 1 6 |1 1 1 1 1 |6 5 4 1 1 1 1 1 6 1 1 1 1 1 1 |1 1 1 1 3 1 1 1 1 |1 1 1 1 6 1 1 1 1 1 1 1 1 6 1 4 1 1 |1 1 1 1 1 1 1 6 |1 1 1 1 6 1 3 1 4 1 1 1 1 1 1 5 1 1 4 |1 1 2 1 1 1 1 1 1 1 1 1 1 2 1 1 1 1 1 |1 4 1 1 1 1 1 1 1 1 1 1 1 |1 1 1 1 1 1 1 1 1 5 1 1 1 1 1 1 |1 1 1 1 1 1 1 |1 1 6 1 1 1 6 6 1 1 1 4 6 6 1 6 1 1 |1 1 1 1 1 1 1 1 5 6 6 1 5 1 1 6 1 3 6 |1 1 3 1 1 1 1 1 5 1 1 1 1 1 1 1 |1 1 1 1 1 1 1 1 1 1 1 1 1 |1 1 5 1 1 |1 1 1 1 1 1 1 1 1 1 1 1 1 3 1 1 |1 1 6 1 1 1 1 1 |realPatrol = 1200|fitness = 1003.3200582339589

第7个BestWave: 
1 1 1 3 6 1 1 6 3 1 1 1 1 1 1 |3 1 1 1 1 1 1 5 6 6 1 1 6 1 1 4 1 1 1 1 |6 1 3 1 1 1 1 1 |1 1 1 1 1 1 1 |1 1 1 1 1 1 4 5 1 1 1 1 1 1 1 5 |1 1 1 1 1 1 1 1 1 1 1 1 5 1 |1 4 1 1 1 1 1 1 1 6 1 1 1 1 1 5 |6 1 1 1 1 |1 1 1 1 1 1 1 |1 1 1 1 1 1 6 1 6 1 1 1 1 1 6 |1 1 1 1 1 1 1 1 1 1 1 1 1 1 1 |1 1 1 1 1 1 1 1 1 1 |1 1 1 1 3 |4 1 1 1 1 1 1 1 1 1 1 1 |1 1 1 1 1 1 1 1 1 1 1 6 1 1 6 1 |1 1 1 1 1 1 1 1 |1 1 1 1 1 1 1 1 1 1 5 1 1 1 1 1 1 |2 1 1 1 1 3 1 |1 1 1 1 6 1 1 1 1 6 1 1 1 |1 6 1 1 1 1 6 1 1 1 5 3 1 1 4 1 1 1 1 1 |1 1 1 1 1 1 1 1 1 1 1 1 1 1 1 4 |1 1 1 1 1 1 1 1 1 1 1 1 1 1 |1 1 1 1 1 1 1 1 1 |1 1 1 1 1 1 5 1 1 1 1 1 |6 1 1 6 1 1 1 1 1 1 1 1 1 4 |1 1 1 1 1 1 1 1 1 1 1 1 |1 1 1 1 1 1 1 1 1 1 1 1 1 1 |1 1 1 1 1 1 1 1 1 |1 1 1 1 6 1 1 1 1 1 1 1 1 |1 1 1 1 1 1 1 6 1 1 1 1 1 3 1 1 1 |6 6 1 1 4 1 6 1 1 1 1 1 1 1 1 |1 1 6 1 1 1 1 4 1 |1 4 1 1 1 1 1 1 1 1 1 1 |1 1 1 1 1 3 1 1 1 6 1 1 |1 1 6 1 1 1 1 1 1 1 1 2 6 1 1 6 1 |1 3 1 3 4 1 |1 6 1 6 1 1 1 5 4 1 2 1 1 3 |1 1 1 1 1 1 1 |1 1 1 1 1 |6 1 6 4 6 1 1 1 1 1 1 4 |1 1 1 1 1 1 1 1 1 1 1 1 1 1 6 1 4 1 1 |5 1 1 1 1 1 1 1 1 1 1 6 1 1 1 |1 1 1 1 1 1 6 |2 1 1 1 1 |6 6 6 1 1 1 1 1 5 1 1 1 1 1 1 |1 1 1 1 3 1 1 1 1 |1 1 1 1 6 1 1 1 1 1 1 1 1 6 1 5 1 1 |1 1 1 1 1 1 1 6 |1 1 1 1 6 1 4 1 2 1 1 1 1 1 1 4 1 1 2 |1 1 1 1 1 1 1 1 1 1 1 1 1 1 1 1 1 1 1 |1 3 1 6 1 2 1 1 1 1 1 1 1 |1 1 1 1 1 1 1 1 1 4 1 1 1 1 1 1 |1 1 1 1 1 1 1 |1 1 6 1 1 1 6 6 1 1 1 4 6 6 1 6 1 1 |1 1 1 1 1 1 1 1 6 6 6 1 6 1 1 6 1 1 6 |1 1 2 1 1 1 1 1 5 1 1 1 1 1 1 1 |1 1 1 1 1 1 1 1 1 1 1 1 1 |1 1 3 1 1 |1 1 1 1 1 4 1 1 1 1 1 6 1 6 1 1 |1 1 6 1 1 1 1 1 |realPatrol = 1200|fitness = 997.4063403126244

第8个BestWave: 
1 1 1 4 6 1 1 3 4 1 1 1 1 1 1 |5 1 1 1 1 1 1 4 6 6 1 1 6 1 1 5 1 1 1 1 |6 1 4 1 1 1 1 1 |1 1 1 1 1 1 1 |1 1 1 1 1 1 5 5 1 1 1 1 1 2 1 6 |1 1 1 1 1 1 1 1 1 1 1 1 5 1 |1 4 1 1 1 1 1 1 1 6 1 1 1 1 1 6 |6 1 1 1 1 |1 1 1 1 1 1 1 |1 1 1 1 1 1 6 1 6 1 1 1 1 1 6 |1 1 1 1 2 1 1 1 1 1 1 1 1 1 1 |1 1 1 1 1 1 1 1 1 1 |1 1 1 1 3 |1 1 1 1 1 1 1 1 1 1 1 1 |1 1 1 1 1 1 1 1 1 1 1 6 1 2 1 1 |1 1 1 1 1 1 1 1 |1 1 1 1 1 1 1 1 1 1 5 1 1 1 1 1 1 |4 1 1 3 1 4 1 |1 1 1 1 5 1 1 1 1 6 1 1 1 |1 6 1 1 1 1 6 1 1 3 5 1 1 1 1 4 1 1 1 1 |1 1 1 1 1 1 1 1 1 1 1 1 3 1 1 4 |1 1 1 1 1 1 1 1 1 1 1 1 1 1 |1 1 1 1 1 1 1 1 1 |4 1 1 1 1 1 5 1 1 1 1 1 |6 1 1 4 1 2 1 1 1 1 1 1 1 5 |1 1 1 1 1 1 1 1 1 1 1 1 |1 1 1 1 1 3 1 1 1 1 1 1 1 1 |1 1 1 1 1 1 1 1 1 |1 1 1 1 6 1 1 1 1 2 1 1 1 |1 1 1 1 1 1 1 6 1 1 1 1 1 2 1 1 1 |6 6 1 1 5 1 6 1 1 1 1 1 1 1 1 |1 1 6 1 1 1 1 4 1 |1 6 1 1 1 1 1 1 1 1 4 1 |1 1 1 1 1 1 1 1 1 6 1 1 |1 1 5 1 1 1 1 1 1 1 1 2 6 1 1 6 1 |1 4 1 3 3 1 |1 6 1 5 1 1 1 4 3 1 3 1 1 3 |1 1 1 1 1 1 1 |1 1 1 1 1 |6 1 6 3 4 1 1 1 2 1 1 3 |1 1 1 1 1 1 1 1 1 1 1 1 1 1 5 1 3 1 1 |4 1 2 1 1 1 1 1 1 1 1 6 1 1 1 |1 1 1 1 1 1 5 |1 1 1 1 1 |6 6 3 1 1 1 1 1 5 1 1 1 1 1 1 |1 1 1 1 2 1 1 1 1 |1 1 1 1 6 1 1 1 1 1 1 1 1 6 1 5 1 1 |1 1 1 1 1 1 1 6 |1 1 1 1 6 1 3 1 3 1 1 1 1 1 1 3 1 1 1 |1 1 1 1 1 1 1 1 1 1 1 1 1 1 1 1 1 1 1 |1 4 1 6 1 1 1 1 1 1 1 1 1 |1 1 1 1 1 1 1 1 1 6 1 1 1 1 1 1 |1 1 1 1 1 1 1 |1 1 6 1 1 1 6 6 1 1 1 3 6 5 1 6 1 1 |1 1 1 1 1 1 1 1 6 6 6 1 6 1 1 6 1 1 6 |1 1 3 1 1 1 1 1 5 1 1 1 1 1 1 1 |1 1 1 1 1 1 1 1 1 1 1 1 1 |1 1 4 1 1 |1 1 1 1 1 5 1 1 1 1 1 6 1 4 1 1 |1 1 6 1 1 1 1 1 |realPatrol = 1200|fitness = 1003.5564658865748

第9个BestWave: 
1 1 1 3 6 3 1 1 4 1 1 1 1 1 1 |3 1 1 1 1 1 1 4 6 6 1 1 6 1 1 4 1 1 1 1 |6 1 5 1 1 1 1 1 |1 1 1 1 1 1 1 |1 1 1 1 1 1 4 4 1 1 1 1 1 1 1 5 |3 1 1 1 1 1 1 1 1 1 1 1 4 1 |1 5 1 1 1 1 1 1 1 6 1 1 1 1 1 6 |6 1 1 1 1 |1 1 1 1 1 1 1 |1 1 1 1 1 1 6 1 6 1 1 1 1 1 5 |1 1 1 1 3 1 6 1 1 1 1 1 1 1 1 |1 1 1 1 1 1 1 1 1 1 |1 1 1 1 4 |5 1 1 1 1 1 1 1 1 1 1 1 |1 1 1 1 1 1 1 1 1 1 1 6 1 1 1 1 |1 1 1 1 1 1 1 1 |1 1 1 1 1 1 1 1 1 1 5 1 1 1 1 1 1 |1 1 1 2 1 4 1 |1 1 1 1 6 1 1 1 1 6 1 1 1 |1 6 1 1 1 1 6 1 1 1 4 1 1 1 2 3 1 1 1 1 |1 1 1 1 1 1 1 1 1 1 1 1 1 1 1 3 |1 1 1 1 1 1 1 1 1 1 1 1 1 1 |1 1 1 1 1 1 1 1 1 |2 1 1 1 1 1 5 1 1 1 1 1 |1 1 1 6 1 1 1 1 1 1 1 1 1 4 |1 1 1 1 1 1 1 1 1 1 1 1 |1 1 1 1 1 1 2 1 1 1 1 1 1 1 |1 1 1 1 1 1 1 1 1 |1 1 1 1 6 1 1 1 1 1 1 1 1 |1 1 1 1 1 1 1 6 1 1 1 1 1 3 1 1 1 |6 6 1 1 4 1 6 1 1 1 1 1 1 1 1 |5 1 6 1 1 1 1 3 1 |1 6 1 1 1 1 1 1 1 1 6 1 |1 1 1 1 1 3 1 1 1 6 1 1 |1 1 6 1 1 1 1 1 1 1 1 1 6 1 1 6 1 |1 5 1 5 4 1 |1 5 1 6 1 1 1 4 1 1 1 1 1 1 |1 1 1 1 1 1 1 |1 1 1 1 1 |6 1 6 2 4 1 1 1 3 1 1 1 |1 1 1 1 1 1 1 1 1 1 1 1 1 1 5 1 4 1 1 |5 1 1 1 1 1 1 1 1 1 1 6 1 1 1 |1 2 1 1 1 1 6 |1 1 1 2 1 |6 6 4 1 1 1 1 1 6 1 1 1 1 1 1 |1 1 1 1 4 1 1 1 1 |1 1 1 1 6 1 1 1 1 1 1 1 1 6 1 5 1 1 |1 1 1 1 1 1 1 6 |1 1 1 1 6 1 4 1 3 1 1 1 1 1 1 4 1 1 3 |1 1 1 1 1 1 1 1 1 1 1 1 1 2 1 1 1 1 1 |1 4 1 6 1 1 1 1 1 1 1 1 1 |1 1 1 1 1 1 1 1 1 4 1 1 1 1 1 1 |1 1 1 1 1 1 1 |1 1 5 1 1 1 6 6 1 1 1 4 6 6 1 6 1 1 |1 1 1 1 1 1 1 1 6 6 6 1 6 1 1 6 1 3 6 |1 1 1 1 1 1 1 1 6 1 1 1 1 1 1 1 |1 1 1 1 1 1 1 1 1 1 1 1 1 |1 1 5 1 1 |1 1 1 1 1 1 1 1 1 1 1 6 1 5 1 1 |1 1 6 1 1 1 1 1 |realPatrol = 1200|fitness = 1003.0367257790763

第10个BestWave: 
1 1 1 4 6 3 1 1 5 4 1 1 1 1 1 |3 1 1 1 1 1 1 1 6 6 1 1 6 1 1 1 1 1 1 1 |6 1 6 1 1 1 1 1 |1 1 1 1 1 1 1 |1 1 1 1 1 1 4 5 1 1 1 1 1 1 1 5 |3 1 1 1 1 1 1 1 1 1 1 1 4 1 |1 5 1 1 1 1 1 1 1 6 1 1 1 1 1 6 |6 1 1 1 1 |1 1 1 1 1 1 1 |1 1 1 1 1 1 4 1 6 1 1 1 1 1 5 |1 1 1 1 3 1 2 1 1 1 1 1 1 1 1 |1 1 1 1 1 1 1 1 1 1 |1 1 1 1 5 |4 1 1 1 1 1 1 1 1 1 1 1 |1 1 1 1 1 1 1 1 1 1 1 6 1 1 4 1 |1 1 1 1 1 1 1 1 |1 1 1 1 1 1 1 1 1 1 5 1 1 1 1 1 1 |3 1 1 5 1 3 1 |1 1 1 1 6 1 1 2 1 6 1 1 1 |1 6 1 1 1 1 6 1 1 4 5 1 1 1 3 4 1 1 1 1 |1 1 1 1 1 1 1 1 1 1 1 1 1 1 1 3 |1 1 1 1 1 1 1 1 1 1 1 1 1 1 |1 1 1 1 1 1 1 1 1 |3 1 1 1 1 1 5 1 1 1 1 1 |6 1 1 6 1 1 1 1 1 1 1 1 1 5 |1 1 1 1 1 1 1 1 1 1 1 1 |1 1 1 1 1 1 1 1 1 1 1 1 1 1 |1 1 1 1 1 1 1 1 1 |1 1 1 1 6 1 1 1 1 1 1 1 1 |1 1 1 1 1 1 1 5 1 1 1 1 1 1 1 1 1 |6 6 1 1 6 1 6 1 1 1 1 1 1 1 1 |4 1 6 1 1 1 1 4 1 |1 4 1 1 1 1 1 1 1 1 1 1 |1 1 1 1 1 1 1 1 1 6 1 1 |1 1 4 1 1 1 1 1 1 1 1 3 6 1 1 5 1 |1 3 1 5 3 1 |1 6 1 5 1 1 1 4 5 1 4 1 1 1 |1 1 1 1 1 1 1 |1 1 1 1 1 |5 1 6 2 1 1 1 1 1 1 1 3 |1 1 1 1 1 1 1 1 1 1 1 1 1 1 6 1 3 1 4 |3 1 1 1 1 1 1 1 1 1 1 6 1 1 1 |1 1 1 1 1 1 6 |4 1 1 1 1 |6 6 1 1 1 1 1 1 6 1 1 1 1 1 1 |1 1 1 1 1 1 1 1 1 |1 1 1 1 6 1 1 1 1 1 1 1 1 6 1 6 1 1 |1 1 1 1 1 1 1 6 |1 1 1 1 6 1 3 1 1 1 1 1 1 1 1 4 1 1 1 |1 1 1 1 1 1 1 1 1 1 1 1 1 3 1 1 1 1 1 |1 4 1 5 1 1 1 1 1 1 1 1 1 |1 1 1 1 1 1 1 1 1 6 1 1 1 1 1 1 |1 1 1 1 1 1 1 |1 1 6 1 1 1 6 6 1 1 1 3 6 6 1 6 1 1 |1 1 1 1 1 1 1 1 6 6 6 1 6 1 1 6 1 4 6 |1 1 2 1 1 1 1 1 6 1 1 1 1 1 1 1 |1 1 1 1 1 1 1 1 1 1 1 1 1 |1 1 5 1 1 |1 1 1 1 1 1 1 1 1 1 1 5 1 6 1 1 |1 1 6 1 1 1 1 1 |realPatrol = 1200|fitness = 997.369286542962

第11个BestWave: 
1 1 1 1 6 1 1 3 2 4 1 1 1 1 1 |1 1 1 1 1 1 1 6 6 6 1 1 6 1 1 5 1 1 1 1 |6 1 6 1 1 1 1 1 |1 1 1 1 1 1 1 |1 1 1 1 1 1 4 4 1 1 1 1 1 1 1 6 |1 1 1 1 1 1 1 1 1 1 1 1 4 1 |1 3 1 1 1 1 1 1 1 5 1 1 1 1 1 5 |6 1 1 1 1 |1 1 1 1 1 1 1 |1 1 1 1 1 1 5 1 6 1 1 1 1 1 6 |1 1 1 1 1 1 1 1 1 2 1 1 1 1 1 |1 1 1 1 1 1 1 1 1 1 |1 1 1 1 4 |3 1 1 1 1 1 1 1 1 1 1 1 |1 1 1 1 1 1 1 1 1 1 1 6 1 1 2 1 |1 1 1 1 1 1 1 1 |1 1 1 1 1 1 1 1 1 1 4 1 1 1 1 1 1 |3 1 1 3 1 5 1 |1 1 1 1 6 1 1 1 1 6 1 1 1 |1 6 1 1 1 1 6 1 1 3 4 1 1 1 1 1 1 1 1 1 |1 1 1 1 4 1 1 1 1 1 1 1 1 1 1 4 |1 1 1 1 1 1 1 1 1 1 2 1 1 1 |1 1 1 1 1 1 1 1 1 |4 1 1 1 1 1 4 1 1 1 1 1 |6 1 1 5 1 1 1 1 1 1 1 1 1 4 |1 1 1 1 1 1 1 1 1 1 1 1 |1 1 1 1 1 5 1 1 1 1 1 1 1 1 |1 1 1 1 1 1 1 1 1 |1 1 1 1 6 1 1 1 1 1 1 1 1 |1 1 1 1 1 1 1 4 1 1 1 1 1 1 1 1 1 |6 6 1 1 5 1 6 1 1 1 1 1 1 1 1 |6 1 6 1 1 1 1 1 1 |1 4 1 1 1 1 1 1 1 1 1 1 |1 1 1 1 1 3 1 1 1 6 1 1 |1 1 5 1 1 1 1 1 2 1 1 3 6 1 1 6 1 |1 4 1 4 3 1 |1 6 1 6 1 1 1 3 6 1 5 1 1 1 |1 1 1 1 1 1 1 |1 1 1 1 1 |6 1 6 1 6 1 1 1 1 1 1 3 |1 1 1 1 1 1 1 1 1 1 1 1 1 1 6 1 3 1 2 |4 1 3 1 1 1 1 1 1 1 1 6 1 1 1 |1 1 1 1 1 1 6 |3 1 1 1 1 |6 4 4 1 1 1 1 1 6 1 1 1 1 1 1 |1 1 1 1 3 1 1 1 1 |1 1 1 1 6 1 1 1 1 1 1 1 1 6 1 6 1 1 |1 1 1 1 1 1 1 6 |1 1 1 1 6 1 5 1 1 1 1 1 1 1 1 3 1 1 4 |1 1 1 1 1 1 1 1 1 1 1 1 1 3 1 1 1 1 1 |1 5 1 6 1 1 1 1 1 1 1 1 1 |1 1 1 1 1 1 1 1 1 6 1 1 1 1 1 1 |1 1 1 1 1 1 1 |1 1 6 1 1 1 6 6 1 1 1 3 6 6 1 6 1 1 |1 1 1 1 1 1 1 1 6 6 6 1 5 1 1 6 1 1 6 |1 1 4 1 1 1 1 1 6 1 1 1 1 1 1 1 |1 1 1 1 1 3 1 1 1 1 1 1 1 |1 1 3 1 1 |1 1 1 1 1 1 1 1 1 1 1 5 1 1 1 1 |1 1 6 1 1 1 1 1 |realPatrol = 1200|fitness = 1001.6899834872551

第12个BestWave: 
1 1 3 3 6 3 1 1 1 4 1 1 1 1 1 |4 1 1 1 1 1 1 3 6 6 4 1 6 1 1 5 1 1 1 1 |6 1 5 1 1 1 1 1 |1 1 1 1 1 1 1 |1 1 1 1 1 1 4 6 1 1 1 1 1 2 1 4 |2 1 1 1 1 1 1 1 1 1 1 1 4 1 |1 5 1 1 1 1 1 1 1 6 1 1 1 1 1 6 |6 1 1 1 1 |1 1 1 1 1 1 1 |1 1 1 1 1 1 6 1 6 1 1 1 1 1 5 |1 1 1 1 1 1 1 1 1 1 1 1 1 1 1 |1 1 1 1 1 1 1 1 2 1 |1 1 1 1 3 |4 1 1 1 1 1 1 1 1 1 1 1 |1 1 1 1 1 1 1 1 1 1 1 6 1 1 2 1 |1 1 1 1 1 1 1 1 |1 1 1 1 1 1 1 1 1 1 4 1 1 1 1 1 1 |1 1 1 4 1 3 1 |1 1 1 1 6 1 1 1 1 6 1 1 1 |1 6 1 1 1 1 6 1 1 4 5 1 1 1 3 1 1 1 1 1 |1 1 1 1 1 1 1 1 1 1 1 1 1 1 1 4 |1 1 1 1 1 1 1 1 1 1 2 1 1 1 |1 1 1 1 1 1 1 1 1 |4 1 1 1 1 1 5 1 1 1 1 1 |6 1 1 6 1 1 1 1 1 1 1 1 1 4 |1 1 1 1 1 1 1 1 1 1 1 1 |1 1 1 1 1 1 1 1 1 1 1 1 1 1 |3 1 1 1 1 1 1 1 1 |1 1 1 1 6 1 1 1 1 1 1 1 1 |1 1 1 1 1 1 1 5 1 1 1 1 1 2 1 1 1 |6 6 1 1 4 1 5 1 1 1 1 1 1 1 1 |4 1 6 1 1 1 1 1 1 |1 5 1 1 1 1 1 1 1 1 1 1 |1 1 1 1 1 1 1 1 1 6 1 1 |1 1 1 1 1 1 1 1 1 1 1 3 6 1 1 6 1 |1 4 1 4 4 1 |1 6 1 6 1 1 1 3 3 1 1 1 1 1 |1 1 1 1 1 1 1 |1 6 1 1 1 |5 1 6 4 5 1 1 1 1 1 1 1 |1 1 1 1 1 1 1 1 1 1 1 1 1 1 6 1 4 1 4 |4 1 1 1 1 1 1 1 1 1 1 6 1 1 1 |1 1 1 1 1 1 4 |1 1 1 2 1 |6 1 1 1 1 1 1 1 5 1 1 1 1 1 1 |1 1 1 1 1 1 1 1 1 |1 1 1 1 6 1 1 1 1 1 1 1 1 6 1 5 1 1 |1 1 1 1 1 1 1 6 |1 1 1 1 6 1 1 1 1 1 1 1 1 1 1 6 1 1 4 |1 1 1 1 1 1 1 1 1 1 1 1 1 3 1 1 1 1 1 |1 4 1 6 1 1 1 1 1 1 1 1 1 |1 1 1 1 1 1 1 1 1 6 1 1 1 1 4 1 |1 1 1 1 1 1 1 |1 1 6 1 1 1 6 6 1 1 1 4 6 6 1 6 1 1 |1 1 1 1 1 1 1 1 6 6 6 1 5 1 1 6 1 4 6 |1 1 6 1 1 1 1 1 6 1 1 1 1 1 1 1 |1 1 1 1 1 1 1 1 1 1 1 1 1 |1 1 5 1 1 |1 1 1 1 1 1 1 1 1 1 1 6 1 6 1 1 |1 1 6 1 1 1 1 1 |realPatrol = 1200|fitness = 996.6700767478017

第13个BestWave: 
1 1 1 3 6 3 1 1 5 1 1 1 1 1 1 |4 1 1 1 1 1 1 3 6 6 1 1 6 1 1 4 1 1 1 1 |6 1 5 1 1 1 1 1 |1 1 1 1 1 1 1 |1 1 1 1 1 1 5 5 1 1 1 1 1 3 1 5 |3 1 1 1 1 1 1 1 1 1 1 1 3 1 |1 4 1 1 1 1 1 1 1 6 1 1 1 1 1 6 |6 1 1 1 1 |1 1 1 1 1 1 1 |1 1 1 1 1 1 6 1 6 1 1 1 1 1 6 |1 1 1 1 1 1 1 1 1 1 1 1 1 1 1 |1 1 1 1 1 1 1 1 1 1 |1 1 1 1 3 |4 1 1 1 1 1 1 1 1 1 1 1 |1 1 1 1 1 1 1 1 1 1 1 6 1 1 1 1 |1 1 1 1 1 1 1 1 |1 1 1 1 1 1 1 1 1 1 6 1 1 1 1 1 1 |1 1 1 4 1 3 1 |1 1 1 1 6 1 1 1 1 6 1 1 1 |1 6 1 1 1 1 6 1 1 3 4 1 1 1 2 2 1 1 1 1 |1 1 1 1 1 1 1 1 1 1 1 1 1 1 1 3 |1 1 1 1 1 1 1 1 1 1 1 1 1 1 |1 1 1 1 2 1 1 1 1 |4 1 1 1 1 1 6 1 1 1 1 1 |6 1 1 5 1 1 1 1 1 1 1 1 1 3 |1 1 1 1 1 1 1 1 1 1 1 1 |1 1 1 1 1 1 1 1 1 1 1 1 1 1 |1 1 1 1 1 1 1 1 1 |1 1 1 1 6 1 1 1 1 1 1 1 1 |1 1 1 1 1 1 1 6 1 1 1 1 1 1 1 1 1 |6 6 1 1 4 1 6 1 1 1 1 1 2 1 1 |1 1 6 1 1 1 1 3 1 |1 5 1 1 1 1 1 1 1 1 1 1 |1 1 1 1 1 2 1 1 1 6 1 1 |1 1 6 1 1 1 1 1 1 1 1 1 6 1 1 6 1 |1 4 1 2 3 1 |1 6 1 4 1 1 1 4 1 1 3 1 1 3 |1 1 1 1 1 1 1 |1 3 1 1 1 |6 1 6 1 5 1 1 1 3 1 1 3 |1 1 1 1 1 1 1 1 1 1 1 1 1 1 6 1 1 1 3 |5 1 1 1 1 1 1 1 1 1 1 6 1 1 1 |1 1 1 1 1 1 6 |3 1 1 1 1 |6 5 4 1 1 1 1 1 4 1 1 1 1 1 1 |1 1 1 1 1 1 1 1 1 |1 1 1 1 6 1 1 1 1 1 1 1 1 6 1 5 1 1 |1 1 1 1 1 1 1 6 |1 1 1 1 6 1 4 1 1 1 1 1 1 1 1 4 1 4 2 |1 1 1 1 1 1 1 1 1 1 1 1 1 2 1 1 1 1 1 |1 4 1 4 1 1 1 1 1 1 1 1 1 |1 1 1 1 1 1 1 1 1 5 1 1 1 1 4 1 |1 1 1 1 1 1 1 |1 1 6 1 1 1 6 6 1 1 1 4 6 6 1 6 1 1 |1 1 1 1 1 1 1 1 6 6 6 1 6 1 1 6 1 3 6 |1 1 4 1 1 1 1 1 6 1 1 1 1 1 1 1 |1 1 1 1 1 1 1 1 1 1 1 1 1 |1 5 4 1 1 |1 1 1 1 1 4 1 1 1 1 1 6 1 5 1 1 |1 1 6 1 1 1 1 1 |realPatrol = 1200|fitness = 1003.4743565884445

第14个BestWave: 
1 1 1 4 6 4 1 6 6 3 1 1 1 1 1 |4 1 1 1 1 1 1 1 6 6 1 1 6 1 1 4 1 1 1 1 |6 1 5 1 1 1 1 1 |1 1 1 1 1 1 1 |1 1 1 1 1 1 4 5 1 1 1 1 1 3 1 4 |5 1 1 1 1 1 1 1 1 1 1 1 5 1 |1 1 1 1 1 1 1 1 1 6 1 1 1 1 1 6 |6 1 1 1 1 |1 1 1 1 1 1 1 |1 1 1 1 1 1 5 1 6 1 1 1 1 1 6 |1 1 1 1 1 1 1 1 1 1 1 1 1 1 1 |1 1 1 1 1 1 1 1 3 1 |1 1 1 1 2 |3 1 1 1 1 1 1 1 1 1 1 1 |1 1 1 1 1 1 1 1 1 1 1 6 1 1 1 1 |1 1 1 1 1 1 1 1 |1 1 1 1 1 1 1 1 1 1 6 1 1 1 1 1 1 |1 1 1 5 1 5 1 |1 1 1 1 6 1 1 1 1 6 1 1 1 |1 6 1 1 1 1 4 1 1 3 6 1 1 1 3 1 1 1 1 1 |1 1 1 1 1 1 1 1 1 1 1 1 3 1 1 3 |1 1 1 1 1 1 1 1 1 1 1 1 1 1 |1 1 1 1 1 1 1 1 1 |3 1 1 1 1 1 4 1 1 1 1 1 |6 1 1 5 1 1 1 1 1 1 1 1 1 1 |1 1 1 1 1 1 1 1 1 1 1 1 |1 1 1 1 1 3 1 1 1 1 1 1 1 1 |1 1 1 1 1 1 1 1 1 |1 1 1 1 6 1 1 1 1 1 1 1 1 |1 1 1 1 1 1 1 6 1 1 1 1 1 1 1 1 1 |6 6 1 1 6 1 6 1 1 1 1 1 1 1 1 |5 1 6 1 1 1 1 4 1 |1 6 1 1 1 1 1 1 1 1 3 1 |1 1 1 1 1 1 1 1 1 6 1 1 |1 1 6 1 1 1 1 1 1 1 1 2 1 1 1 6 1 |1 4 1 3 1 1 |1 6 1 4 1 1 1 1 1 1 1 1 1 2 |1 1 1 1 1 1 1 |1 3 1 1 1 |6 1 6 1 6 1 1 1 1 1 1 1 |1 1 1 1 1 1 1 1 1 1 1 1 1 1 6 1 1 1 4 |6 1 1 1 1 1 1 1 1 1 1 6 1 1 1 |1 1 1 1 1 1 5 |3 1 1 1 1 |6 6 3 1 1 1 1 1 6 1 1 1 1 1 1 |1 1 1 1 2 1 1 1 1 |1 1 1 1 6 1 1 1 1 1 1 1 1 6 1 4 1 1 |1 1 1 1 1 1 1 6 |1 1 1 1 6 1 6 1 3 1 1 1 1 1 1 6 1 1 4 |1 1 1 1 1 1 1 1 1 1 1 1 1 4 1 1 1 1 1 |1 3 1 6 1 1 1 1 1 1 1 1 1 |1 1 1 1 1 1 1 1 1 6 1 1 1 1 5 1 |1 1 1 1 1 1 1 |1 1 5 1 1 1 6 6 1 1 1 3 6 6 1 5 1 1 |1 1 1 1 1 1 1 1 5 6 6 1 6 1 1 6 1 1 6 |1 1 4 1 1 1 1 1 6 1 1 1 1 1 1 1 |1 1 1 1 1 1 1 1 1 1 1 1 1 |1 1 4 1 1 |1 1 1 1 1 4 1 1 1 1 1 6 1 1 1 1 |1 1 6 1 1 1 1 1 |realPatrol = 1200|fitness = 998.3624139583793

第15个BestWave: 
1 1 1 3 6 3 1 1 5 3 1 1 1 1 1 |3 1 1 1 1 1 1 1 6 6 3 1 6 1 3 5 1 1 1 1 |6 1 3 1 1 1 1 1 |1 1 1 1 1 1 1 |1 1 1 1 1 1 5 5 1 1 1 1 1 3 1 4 |4 1 1 1 1 1 1 1 1 1 1 1 4 1 |1 4 1 1 1 1 1 1 1 6 1 1 1 1 1 6 |6 1 1 1 1 |1 1 1 1 1 1 1 |1 1 1 1 1 1 5 1 6 1 1 1 1 1 6 |1 1 1 3 1 1 1 1 1 1 1 1 1 1 1 |1 1 1 1 1 1 1 1 1 1 |1 1 1 1 3 |1 1 1 1 1 1 1 1 1 1 1 1 |1 1 1 1 1 1 1 1 1 1 1 6 1 1 6 1 |2 1 1 1 1 1 1 1 |1 1 2 1 1 1 1 1 1 1 5 1 1 1 1 1 1 |4 1 1 3 1 4 1 |1 1 1 1 6 1 1 1 1 6 1 1 1 |1 6 1 1 1 1 6 1 1 1 5 1 1 1 2 1 1 1 1 1 |1 1 1 1 1 1 1 1 1 1 1 1 3 1 1 4 |1 1 1 1 1 1 1 1 1 1 1 1 1 1 |1 1 1 1 1 1 1 1 1 |5 1 1 1 1 1 4 1 1 1 1 1 |4 1 1 5 1 2 1 1 1 1 1 1 1 3 |1 1 1 1 1 1 1 1 1 1 1 1 |1 1 1 1 1 3 1 1 1 1 1 1 1 1 |1 1 1 1 1 1 1 1 1 |1 1 1 1 6 1 2 1 1 1 1 1 1 |1 1 1 1 1 1 1 5 1 1 1 1 1 2 1 1 1 |6 6 1 1 3 1 6 1 1 1 1 1 1 1 1 |4 1 6 1 1 1 1 3 1 |1 5 1 1 1 1 1 1 1 1 3 1 |1 1 1 1 1 4 1 1 1 6 1 1 |1 1 6 1 1 1 1 1 1 1 1 2 6 1 1 6 1 |1 5 1 3 3 1 |1 5 1 6 1 1 1 5 1 1 2 1 1 4 |1 1 1 1 1 1 1 |1 2 1 1 1 |6 1 6 1 5 1 1 1 1 1 1 1 |1 1 1 1 1 1 1 1 1 1 1 1 1 1 6 1 4 1 3 |3 1 1 1 1 1 1 1 3 1 1 6 1 1 1 |1 1 1 1 1 1 4 |1 1 1 1 1 |6 6 4 1 1 1 1 1 6 1 1 1 1 1 1 |1 1 1 1 1 1 1 1 1 |1 2 1 1 6 1 1 1 1 1 1 1 1 6 1 3 1 1 |1 1 1 1 1 1 1 6 |1 1 1 1 6 1 3 1 5 1 1 1 1 1 1 4 1 1 3 |1 1 1 1 1 1 1 1 1 1 1 1 1 2 1 1 1 1 1 |1 4 1 6 1 1 1 1 1 1 1 1 1 |1 1 1 1 1 1 1 1 1 6 1 1 1 1 1 1 |1 1 1 1 1 1 1 |1 1 6 1 1 1 6 6 1 1 1 4 6 1 1 6 1 1 |1 1 1 1 1 1 1 1 5 6 6 1 5 1 1 6 1 3 6 |1 1 1 1 1 1 1 1 6 1 1 1 1 1 1 1 |1 1 1 1 1 1 1 1 1 1 1 1 1 |1 1 4 1 1 |1 1 1 1 1 1 1 1 1 1 1 6 1 4 1 1 |1 1 6 1 1 1 1 1 |realPatrol = 1200|fitness = 1004.1501585719885

第16个BestWave: 
1 1 3 5 6 1 1 1 1 4 1 1 1 1 1 |4 1 1 1 1 1 1 5 6 6 1 1 6 1 2 6 1 1 1 1 |6 1 4 1 1 1 1 1 |1 1 1 3 1 1 1 |1 1 1 1 1 1 4 5 1 1 1 1 1 3 1 4 |4 1 1 1 1 1 1 1 1 1 1 1 4 1 |1 4 1 1 1 1 1 1 1 6 1 1 1 1 1 6 |6 1 1 1 1 |1 1 1 1 1 1 1 |1 1 1 1 1 1 4 1 5 1 1 1 1 1 5 |1 1 1 1 1 1 1 1 1 1 1 1 1 1 1 |1 1 1 1 1 1 1 1 1 1 |1 1 1 1 2 |5 1 1 1 1 1 1 1 1 1 1 1 |1 1 1 1 1 1 1 1 1 1 1 6 1 1 1 1 |1 1 1 1 1 1 1 1 |1 1 1 1 1 1 1 1 1 1 6 1 1 1 1 1 1 |2 1 1 5 1 2 1 |1 1 1 1 6 1 1 1 1 6 1 1 1 |1 6 1 1 1 1 6 1 1 4 6 1 1 1 1 6 1 1 1 1 |1 1 1 1 4 1 1 1 1 1 1 1 3 1 1 1 |1 1 1 1 1 1 1 1 1 1 1 1 1 1 |1 1 1 1 1 1 1 1 1 |3 1 1 1 1 1 5 1 1 1 1 1 |6 1 1 6 1 1 1 1 1 1 1 1 1 5 |1 1 1 1 1 1 1 1 1 1 1 1 |1 1 1 1 1 2 1 1 1 1 1 1 1 1 |1 1 1 1 1 1 1 1 1 |1 1 1 1 6 1 1 1 1 1 1 1 1 |1 1 1 1 1 1 1 6 1 1 1 1 1 3 1 1 1 |6 6 1 1 4 1 5 1 1 1 1 1 1 1 1 |1 1 5 1 1 1 1 1 1 |1 5 1 1 1 1 1 1 1 1 1 1 |1 1 1 1 1 1 1 1 1 6 1 1 |1 1 6 1 1 1 1 1 1 1 1 3 6 1 1 6 1 |1 4 1 4 1 1 |1 6 1 6 1 1 1 1 3 1 4 1 1 1 |1 1 1 1 1 1 1 |1 1 1 1 1 |6 1 6 3 3 1 1 1 2 1 1 1 |1 1 1 1 1 1 1 1 1 1 1 1 1 1 6 1 4 1 3 |6 1 1 1 1 1 1 1 1 1 1 6 1 1 1 |1 2 1 1 1 1 6 |1 1 1 3 1 |6 5 3 1 1 1 1 1 6 1 1 1 1 1 1 |1 1 1 1 1 1 1 1 1 |1 2 1 1 6 1 1 1 1 1 1 1 1 6 1 5 1 1 |1 1 1 1 1 1 1 6 |1 1 1 1 6 1 6 1 3 1 1 1 1 1 1 5 1 1 1 |1 1 1 1 1 1 1 1 1 1 1 1 1 3 1 1 1 1 1 |1 5 1 6 1 1 1 1 1 1 1 1 1 |1 1 1 1 1 1 1 1 1 6 1 1 1 1 1 1 |1 1 1 1 1 1 1 |1 1 6 1 1 1 6 6 1 1 1 3 6 1 1 6 1 1 |1 1 1 1 1 1 1 1 4 6 6 1 6 1 1 6 1 3 5 |1 1 4 1 1 1 1 1 6 1 1 1 1 1 1 1 |1 1 1 1 1 1 1 1 1 1 1 1 1 |1 1 5 1 1 |1 1 1 1 1 3 1 1 1 1 1 6 1 1 1 1 |1 1 6 1 1 1 1 1 |realPatrol = 1200|fitness = 1001.7949217571094

第17个BestWave: 
1 1 1 1 5 5 1 3 3 2 1 1 1 1 1 |1 1 1 1 1 1 1 6 6 6 1 1 6 1 1 3 1 1 1 1 |6 1 4 1 1 1 1 1 |1 1 1 4 1 1 1 |1 1 1 1 1 1 3 5 1 1 1 1 1 5 1 6 |4 1 1 1 1 1 1 3 1 1 1 1 3 1 |1 1 1 1 1 1 1 1 1 6 1 1 1 1 1 6 |6 1 1 1 1 |1 1 1 1 1 1 1 |1 1 1 1 1 1 5 1 6 1 1 1 1 1 6 |1 1 1 1 1 1 1 1 1 1 1 1 1 1 1 |1 1 1 1 1 1 1 1 2 1 |1 1 1 1 3 |4 1 1 1 1 1 1 1 1 1 1 1 |1 1 1 1 1 1 1 1 1 1 1 6 1 1 1 1 |1 1 1 1 1 1 1 1 |1 1 1 1 1 1 1 1 1 1 5 1 1 1 1 1 1 |2 1 1 3 1 4 1 |1 1 1 1 6 1 1 1 1 6 1 1 1 |1 6 1 1 1 1 6 1 1 1 4 1 1 1 1 4 1 1 1 1 |1 1 1 1 1 1 1 1 1 1 1 1 1 1 1 3 |1 1 1 1 1 1 1 1 1 1 1 1 1 1 |1 1 1 1 1 1 1 1 1 |1 1 1 1 1 1 4 1 1 1 1 1 |6 1 1 6 1 1 1 1 1 1 1 1 1 5 |1 1 1 1 1 1 1 1 1 1 1 1 |1 1 1 1 1 1 1 1 1 1 1 1 1 1 |1 1 1 1 1 1 1 1 1 |1 1 1 1 6 1 1 1 1 1 1 1 1 |1 1 1 1 1 1 1 6 1 1 1 1 1 3 1 1 1 |6 6 1 1 5 1 6 1 1 1 1 1 1 1 1 |5 1 6 1 1 1 1 4 1 |1 5 1 1 1 1 1 1 1 1 3 1 |1 1 1 1 1 3 1 1 1 6 1 1 |1 1 6 1 1 1 1 1 1 1 1 3 6 1 1 6 1 |1 4 1 3 3 1 |1 6 1 5 1 1 1 1 1 1 2 1 1 2 |1 1 1 1 1 1 1 |1 1 1 1 1 |6 1 6 4 6 1 1 1 1 1 1 3 |1 1 1 1 1 1 1 1 1 1 1 1 1 1 5 1 4 1 3 |6 1 1 1 1 1 1 1 1 1 4 6 1 1 1 |1 1 1 1 1 1 6 |1 1 1 1 1 |5 6 2 1 1 1 1 1 6 1 1 1 1 1 1 |1 1 1 1 2 1 1 1 1 |1 1 1 1 6 1 1 1 1 1 1 1 1 6 1 4 1 1 |1 1 1 1 1 1 1 6 |1 1 1 1 6 1 3 1 4 1 1 1 1 1 1 4 1 1 3 |1 1 1 1 1 1 1 1 1 1 1 1 1 1 1 1 1 1 1 |1 5 1 6 1 1 1 1 1 1 1 1 1 |1 2 1 1 1 1 1 1 1 6 1 1 1 1 1 1 |1 1 1 1 1 1 1 |1 1 6 1 1 1 6 6 1 1 1 4 6 6 1 6 1 1 |1 1 1 1 1 1 1 1 4 6 6 1 6 1 1 6 1 1 6 |1 1 4 1 1 1 1 1 6 1 1 1 1 1 1 1 |1 1 1 1 1 1 1 1 1 1 1 1 1 |1 1 5 1 1 |1 1 1 1 1 1 1 1 1 1 1 6 1 3 1 1 |1 1 6 1 1 1 1 1 |realPatrol = 1200|fitness = 997.749050977382

第18个BestWave: 
1 1 3 4 6 4 1 1 2 4 1 1 1 1 1 |1 1 1 1 1 1 1 5 6 6 1 1 6 1 1 5 1 1 1 1 |6 1 4 1 1 1 1 1 |1 1 1 1 1 1 1 |1 1 1 1 1 1 5 3 1 1 1 1 1 3 1 6 |4 1 1 1 1 1 1 1 1 1 1 1 4 1 |1 4 1 1 1 1 1 1 1 6 1 1 1 1 1 6 |6 1 1 1 1 |1 1 1 1 1 1 1 |2 1 1 2 1 1 6 1 6 1 1 1 1 1 5 |1 1 1 1 3 1 1 1 1 1 1 1 1 1 1 |1 1 1 1 1 1 1 1 3 1 |1 1 1 1 1 |4 1 1 1 1 1 1 1 1 1 1 1 |1 1 1 1 1 1 1 1 1 1 1 5 1 1 1 1 |1 1 1 1 1 1 1 1 |1 1 1 1 1 1 1 1 1 1 5 1 1 1 1 1 1 |2 1 1 1 1 3 1 |1 1 1 1 6 1 1 2 1 6 1 1 1 |1 6 1 1 1 1 6 1 1 4 5 1 1 1 1 2 1 1 1 1 |1 1 1 1 1 1 1 1 1 1 1 1 2 1 1 3 |1 1 1 1 1 1 1 1 1 1 2 1 1 1 |1 1 1 1 1 1 1 1 1 |1 1 1 1 1 1 4 1 1 1 1 1 |6 1 1 5 1 2 1 1 1 2 1 1 1 4 |1 1 1 1 1 1 1 1 1 1 1 1 |1 1 1 1 1 3 1 1 1 1 1 1 1 1 |1 1 1 1 1 1 1 1 1 |1 1 1 4 6 1 1 1 1 1 1 1 1 |1 1 1 1 1 1 1 6 1 1 1 1 1 3 1 2 1 |6 6 1 1 4 1 6 1 1 1 1 1 1 1 1 |4 1 6 1 1 1 1 4 1 |1 5 1 1 1 1 1 1 1 1 1 1 |1 1 1 1 1 4 1 1 1 6 1 1 |1 1 6 1 1 1 1 1 1 1 1 3 6 1 1 6 1 |1 4 1 4 3 2 |1 6 1 5 1 1 1 4 3 1 1 1 1 3 |1 1 1 1 1 1 1 |1 2 1 1 1 |6 1 6 3 3 1 1 1 1 1 1 4 |1 1 1 1 1 1 1 1 1 1 1 1 1 1 6 1 3 1 3 |5 1 1 1 1 1 1 1 1 1 1 6 1 1 1 |1 1 1 1 1 1 6 |1 1 1 1 1 |6 6 4 1 1 1 1 1 5 1 1 1 1 1 1 |1 1 1 1 1 1 1 1 1 |2 1 1 1 6 1 1 1 1 1 1 1 1 6 1 3 1 1 |1 1 1 1 1 1 1 6 |1 1 1 1 6 1 1 1 4 1 1 1 1 1 1 5 1 1 1 |1 1 1 1 1 1 1 1 1 1 1 1 1 1 1 1 1 1 1 |1 5 1 6 1 1 1 1 1 1 1 1 1 |1 1 1 1 1 1 1 1 1 6 1 1 1 1 1 1 |1 1 1 1 1 1 1 |1 1 5 1 1 1 6 6 1 1 1 3 6 5 1 6 1 1 |1 1 1 1 1 1 1 1 6 6 6 1 5 1 1 6 1 1 5 |1 1 1 1 1 1 1 1 6 1 1 1 1 1 1 1 |1 1 1 1 1 1 1 1 1 1 1 1 1 |1 1 4 1 1 |1 1 1 1 1 3 1 1 1 1 1 6 1 1 1 1 |1 1 6 1 1 1 1 1 |realPatrol = 1200|fitness = 1001.3722266059987

第19个BestWave: 
1 1 1 4 6 4 1 1 4 1 1 1 1 1 1 |4 1 1 1 1 1 1 5 6 6 1 1 6 1 1 4 1 1 1 1 |6 1 3 1 1 1 1 1 |1 1 1 3 1 1 1 |1 1 1 1 1 1 4 4 1 1 1 1 1 3 1 5 |3 1 1 1 1 1 1 1 1 1 1 1 3 1 |1 1 1 1 1 1 1 1 1 6 1 1 1 1 1 6 |6 1 1 1 1 |1 1 1 1 1 1 1 |1 1 1 1 1 1 6 1 6 1 1 1 1 1 6 |1 1 1 1 1 1 1 1 1 1 1 1 1 1 1 |1 1 1 1 1 1 1 1 1 1 |1 1 1 1 3 |4 1 1 1 1 1 1 1 1 1 1 1 |1 1 1 1 1 1 1 1 1 1 1 6 1 1 1 1 |1 1 1 1 1 1 1 1 |1 1 3 1 1 1 1 1 1 1 4 1 1 1 1 1 1 |2 1 1 2 1 3 1 |1 1 1 1 6 1 1 1 1 6 1 1 1 |1 6 1 1 1 1 5 1 1 3 5 1 1 1 1 1 1 1 1 1 |1 1 1 1 1 1 1 1 1 1 1 1 1 1 1 3 |1 1 1 1 1 1 1 1 1 1 2 1 1 1 |1 1 1 1 1 1 1 1 1 |4 1 1 1 1 1 4 1 1 1 1 1 |6 1 1 6 1 3 1 1 1 1 1 1 1 5 |1 1 1 1 1 1 1 1 1 1 1 1 |1 1 1 1 1 3 1 1 1 1 1 1 1 1 |1 1 1 1 1 1 1 1 1 |1 1 1 4 6 1 1 1 1 1 1 1 1 |1 1 1 1 1 1 1 6 1 1 1 1 1 1 1 1 1 |6 6 1 1 4 1 6 1 1 1 1 1 1 1 1 |4 1 6 1 1 1 1 3 1 |1 5 1 1 1 1 1 1 1 1 3 1 |1 1 1 1 1 1 1 1 1 6 1 1 |1 1 6 1 1 1 1 1 1 1 1 3 5 1 1 6 1 |1 4 1 5 3 1 |1 6 1 6 1 1 1 1 3 1 3 1 1 3 |1 1 1 1 1 1 1 |1 1 1 1 1 |6 1 6 3 3 1 1 1 1 1 1 6 |1 1 1 1 1 1 1 1 1 1 1 1 1 1 5 1 3 1 3 |3 1 1 1 1 1 1 1 1 1 2 6 1 1 1 |1 1 1 1 1 1 3 |2 1 1 3 1 |6 6 4 1 1 1 1 1 5 1 1 1 1 1 1 |1 1 1 1 3 1 1 1 1 |2 1 1 1 6 1 1 1 1 1 1 1 1 6 1 5 1 1 |1 1 1 1 1 1 1 6 |1 1 1 1 6 1 4 1 3 1 1 1 1 1 1 4 1 1 3 |1 1 1 1 1 1 1 1 1 1 1 1 1 1 1 1 1 1 1 |1 4 1 5 1 1 1 1 1 1 1 1 1 |1 1 1 1 1 1 1 1 1 5 1 1 1 1 2 1 |1 1 1 1 1 1 1 |1 1 6 1 1 1 6 6 1 1 1 4 6 5 1 5 1 1 |1 1 1 1 1 1 1 1 6 6 6 1 6 1 1 6 1 1 6 |1 1 3 1 1 1 1 1 6 1 1 1 1 1 1 1 |1 1 1 1 1 1 1 1 1 1 1 1 1 |1 1 4 1 1 |1 1 1 1 1 3 1 1 1 1 1 6 1 4 1 1 |1 1 6 1 1 1 1 1 |realPatrol = 1200|fitness = 1004.7339144654513

第20个BestWave: 
1 1 3 4 6 4 1 1 1 1 1 1 1 1 1 |4 1 1 1 1 1 1 4 6 6 1 1 6 1 1 5 1 1 1 1 |6 1 6 1 1 1 1 1 |1 1 1 6 1 1 1 |1 1 1 1 1 1 5 5 1 1 1 1 1 2 1 6 |4 1 1 1 1 1 1 1 1 1 1 1 3 1 |1 4 1 1 1 1 1 1 1 6 1 1 1 1 1 6 |6 1 1 1 1 |1 1 1 1 1 1 1 |1 1 1 1 1 1 4 1 6 1 1 1 1 1 5 |1 1 1 1 1 1 1 1 1 1 1 1 1 1 1 |1 1 1 1 1 1 1 1 1 1 |1 1 1 1 3 |4 1 1 1 1 1 1 1 1 1 1 1 |1 1 1 1 1 1 1 1 1 1 1 5 1 1 1 1 |1 1 1 1 1 1 1 1 |1 1 1 1 1 1 1 1 1 1 6 1 1 1 1 1 1 |1 1 1 5 1 4 1 |1 1 1 1 6 1 1 1 1 6 1 1 1 |1 6 1 1 1 1 5 1 1 3 6 1 1 1 1 4 1 1 1 1 |1 1 1 1 1 1 1 1 1 1 1 1 1 1 1 3 |1 1 1 1 1 1 1 1 1 1 1 1 1 1 |1 1 1 1 1 1 1 1 1 |4 1 1 1 1 1 4 1 3 1 1 1 |6 1 1 6 1 1 1 1 1 1 1 1 1 3 |1 1 1 1 1 1 1 1 1 1 1 1 |1 1 1 1 1 1 1 1 1 1 1 1 1 1 |1 1 1 1 1 1 1 1 1 |1 1 1 1 6 1 1 1 1 1 1 1 1 |1 1 1 1 1 1 1 4 1 1 1 1 1 1 1 1 1 |6 6 1 1 5 1 5 1 1 1 1 1 1 1 1 |1 1 5 1 1 1 1 5 1 |1 5 1 1 1 1 1 1 1 1 1 1 |1 1 1 1 1 6 1 1 1 6 1 1 |1 1 6 1 1 1 1 1 1 1 1 1 6 1 1 5 1 |1 4 1 3 3 1 |1 6 1 5 1 1 1 1 1 1 1 1 1 5 |1 1 1 1 1 1 1 |1 1 1 1 1 |6 1 6 1 4 1 1 1 3 1 1 3 |1 1 1 1 1 1 1 1 1 1 1 1 1 1 6 1 5 1 3 |1 1 2 1 1 1 1 1 1 1 1 6 1 1 1 |1 1 1 1 1 1 6 |1 1 1 3 1 |6 6 4 1 1 1 1 1 6 1 1 1 1 1 1 |1 1 1 1 1 1 1 1 1 |1 1 1 1 6 1 1 1 1 1 1 1 1 6 1 4 1 1 |1 1 1 1 1 1 1 6 |2 1 1 1 6 1 5 1 4 1 1 1 1 1 1 1 1 1 5 |1 1 1 1 1 1 1 1 1 1 1 1 1 3 1 1 1 1 1 |1 4 1 5 1 1 1 1 1 1 1 1 1 |1 1 1 1 1 1 1 1 1 5 1 1 1 1 1 1 |1 1 1 1 1 1 1 |1 1 6 1 1 1 6 6 1 1 1 5 6 6 1 6 1 1 |1 1 1 1 1 1 1 1 6 6 6 1 6 1 1 6 1 1 6 |1 1 1 1 1 1 1 1 6 1 1 1 1 1 1 1 |1 1 1 1 1 1 1 1 1 1 1 1 1 |1 1 6 1 1 |1 1 1 1 1 5 1 1 1 1 1 5 1 1 1 1 |1 1 6 1 1 1 1 1 |realPatrol = 1200|fitness = 997.1272079084956

第21个BestWave: 
1 1 1 2 6 1 1 1 3 1 1 1 1 1 1 |4 1 1 1 1 1 1 6 6 6 1 1 6 1 1 4 1 1 1 1 |6 1 5 1 1 1 1 1 |1 1 1 5 1 1 1 |1 1 1 1 1 1 4 5 1 1 1 1 1 4 1 6 |4 1 1 1 1 1 1 1 1 1 1 1 4 1 |1 4 1 1 1 1 1 1 1 6 1 1 1 1 1 6 |6 1 1 1 1 |1 1 1 1 1 1 1 |1 1 1 1 1 1 6 1 6 1 1 1 1 1 4 |1 1 1 3 1 1 1 1 1 1 1 1 1 1 1 |1 1 1 1 1 1 1 1 1 1 |1 1 1 1 5 |6 1 1 1 1 1 1 1 1 1 1 1 |1 1 1 1 1 1 1 1 1 1 1 6 1 1 1 1 |1 1 1 1 1 1 1 1 |1 1 4 1 1 1 1 1 1 1 6 1 1 1 1 1 1 |3 1 1 5 1 4 1 |1 1 1 1 6 1 1 1 1 6 1 1 1 |1 6 1 1 1 1 6 1 1 1 6 1 1 1 1 4 1 1 1 1 |1 1 1 1 1 1 1 1 1 1 1 1 1 1 1 4 |1 1 1 1 1 1 1 1 1 1 1 1 1 1 |1 1 1 1 1 1 1 1 1 |2 1 1 1 1 1 3 1 1 1 1 1 |6 1 1 6 1 1 1 1 1 1 1 1 1 1 |1 1 1 1 1 1 1 1 1 1 1 1 |1 1 1 1 1 1 1 1 1 1 1 1 1 1 |1 1 1 1 1 1 1 1 1 |1 1 1 6 5 1 1 1 1 1 1 1 1 |1 1 1 1 1 1 1 6 1 1 1 1 1 3 1 1 1 |6 6 1 1 1 1 6 1 1 1 1 1 2 1 1 |5 1 6 1 1 1 1 4 1 |1 4 1 1 1 1 1 1 1 1 1 1 |1 1 1 1 1 1 1 1 1 6 1 1 |1 1 6 1 1 1 1 1 1 1 1 2 6 1 1 6 1 |1 5 1 3 2 1 |1 6 1 6 1 1 1 1 1 1 1 1 1 1 |1 1 1 1 1 1 1 |1 1 1 1 1 |6 1 6 1 1 1 1 1 1 1 1 6 |1 1 1 1 1 1 1 1 1 1 1 1 1 1 6 1 3 1 3 |1 1 2 1 1 1 1 1 2 1 2 6 1 1 1 |1 1 1 1 1 1 6 |4 1 1 1 1 |6 5 4 1 1 1 2 1 6 1 1 1 1 1 1 |1 1 1 1 1 1 1 1 1 |1 1 1 1 6 1 1 1 1 1 1 1 1 6 1 6 1 1 |1 1 1 1 1 1 1 6 |1 1 1 1 6 1 4 1 6 1 1 1 1 1 1 4 1 2 1 |1 1 1 1 1 1 1 1 1 1 1 1 1 1 1 1 1 1 1 |1 4 1 5 1 1 1 1 1 1 1 1 1 |1 1 1 1 1 1 1 1 1 6 1 1 1 1 1 1 |1 1 1 1 1 1 1 |1 1 6 1 1 1 6 6 1 1 1 4 6 6 1 6 1 1 |1 1 1 1 1 1 1 1 1 6 6 1 4 1 1 6 1 1 6 |1 1 4 1 1 1 1 1 6 1 1 1 1 1 1 1 |1 1 1 1 1 1 1 1 1 1 1 1 1 |1 1 5 1 1 |1 1 1 1 1 6 1 1 1 1 1 5 1 1 1 1 |1 1 6 1 1 1 1 1 |realPatrol = 1200|fitness = 1000.0659280311871

第22个BestWave: 
1 1 1 4 6 6 1 4 1 4 1 1 1 1 1 |4 1 1 1 1 1 1 3 6 6 1 1 6 1 1 5 1 1 1 1 |6 1 4 1 1 1 1 1 |1 1 1 1 1 1 1 |1 1 1 1 1 1 4 4 1 1 1 1 1 1 1 6 |1 1 1 1 1 1 1 1 1 1 4 1 1 1 |1 4 1 1 1 1 1 1 1 6 1 1 1 1 1 6 |6 1 1 1 1 |1 1 1 1 1 1 1 |1 1 1 1 1 1 6 1 6 1 1 1 1 1 6 |1 1 1 3 1 1 1 1 1 1 1 1 1 1 1 |1 1 1 1 1 1 1 1 1 1 |1 1 1 1 3 |1 1 1 1 1 1 1 1 1 1 1 1 |1 1 1 1 1 1 1 1 1 1 1 6 1 1 1 1 |1 1 1 1 1 1 1 1 |1 1 3 1 1 1 1 1 1 1 4 1 1 1 1 1 1 |3 1 1 1 1 4 1 |1 1 1 1 6 1 1 1 1 6 1 1 1 |1 6 1 1 1 1 6 1 1 5 5 1 1 1 1 1 1 1 1 1 |1 1 1 1 1 1 1 1 1 1 1 1 3 1 1 4 |1 1 1 1 1 1 1 1 1 1 1 1 1 1 |1 1 1 1 1 1 1 1 1 |6 1 1 1 1 1 5 1 1 1 1 1 |6 1 1 5 1 1 1 1 1 1 1 1 1 5 |1 1 1 1 1 1 1 1 1 1 1 1 |1 1 1 1 1 3 1 1 1 1 1 1 1 1 |1 1 1 1 1 1 1 1 1 |1 1 1 4 6 1 1 1 1 1 1 1 1 |1 1 1 1 1 1 1 6 1 1 1 1 1 3 1 1 1 |6 6 1 1 4 1 6 1 1 1 1 1 1 1 1 |5 1 6 1 1 1 1 3 1 |1 6 1 1 1 1 1 1 1 1 1 1 |1 1 1 1 1 1 1 1 1 6 1 1 |1 1 6 1 1 1 1 1 1 1 1 1 6 1 1 6 1 |1 3 1 4 1 1 |1 6 1 6 1 1 1 1 1 1 1 1 1 1 |1 1 1 1 1 1 1 |1 1 1 1 1 |6 1 6 3 1 1 1 1 1 1 1 4 |1 1 1 1 1 1 1 1 1 1 1 1 1 1 6 1 3 1 4 |1 1 2 1 1 1 1 1 1 1 1 6 1 1 1 |1 1 1 1 1 1 6 |1 1 1 2 1 |6 6 4 1 1 1 1 1 6 1 1 1 1 1 1 |1 1 1 1 3 1 1 1 1 |1 1 1 1 6 1 1 1 1 1 1 1 1 6 1 5 1 1 |1 1 1 1 1 1 1 6 |1 1 1 1 6 1 4 1 6 1 1 1 1 1 1 4 1 1 3 |1 1 1 1 1 1 1 1 1 1 1 1 1 4 1 1 1 1 1 |1 3 1 5 1 1 1 1 1 1 1 1 1 |1 1 1 1 1 1 1 1 1 6 1 1 1 1 2 1 |1 1 1 1 1 1 1 |1 1 6 1 1 1 6 6 1 1 1 4 6 5 1 5 1 1 |1 1 1 1 1 1 1 1 5 6 6 1 6 1 1 6 1 3 6 |1 1 1 1 1 1 1 1 6 1 1 1 1 1 1 1 |1 1 1 1 1 2 1 1 1 1 1 1 1 |1 3 5 1 1 |1 1 1 1 1 1 1 1 1 1 1 6 1 1 1 1 |1 1 5 1 1 1 1 1 |realPatrol = 1200|fitness = 1001.3789772302134

第23个BestWave: 
1 1 1 3 6 2 1 1 4 1 1 1 1 1 1 |3 1 1 1 1 1 1 4 6 6 1 1 6 1 1 4 1 1 1 1 |6 1 4 1 1 1 1 1 |1 1 1 2 1 1 1 |1 1 1 1 1 1 4 4 1 1 1 1 1 3 1 5 |1 1 1 1 1 1 1 1 1 1 1 1 5 1 |1 5 1 1 1 1 1 1 1 6 1 1 1 1 1 6 |6 1 1 1 1 |1 1 1 1 1 1 1 |1 1 1 1 1 1 6 1 6 1 1 1 1 1 6 |1 1 1 1 1 1 1 1 1 1 1 1 1 1 1 |1 1 1 1 1 1 1 1 1 1 |1 1 1 1 3 |1 1 1 1 1 1 1 1 1 1 1 1 |1 2 1 1 1 1 1 1 1 1 1 6 1 2 4 1 |1 1 1 1 1 1 1 1 |1 1 1 1 1 1 1 1 1 1 4 1 1 1 1 1 1 |1 1 1 3 1 4 1 |1 1 1 1 6 1 1 3 1 6 1 1 1 |1 6 1 1 1 1 5 1 1 4 4 1 1 1 2 1 1 1 1 1 |1 1 1 1 1 1 1 1 1 1 1 1 2 1 1 4 |1 1 1 1 1 1 1 1 1 1 1 1 1 1 |1 1 1 1 1 1 1 1 1 |3 1 1 1 1 1 4 1 2 1 1 1 |6 1 1 5 1 2 1 1 1 1 1 1 1 4 |1 1 1 1 1 1 1 1 1 1 1 1 |1 1 1 1 1 1 1 1 1 1 1 1 1 1 |1 1 1 1 1 1 1 1 1 |1 1 1 1 6 1 1 1 1 2 1 1 1 |1 1 1 1 1 1 1 5 1 1 1 1 1 3 1 1 1 |6 6 1 1 5 1 6 1 1 1 1 1 2 1 1 |4 1 6 1 1 1 1 4 1 |1 5 1 1 1 1 1 1 1 1 1 1 |1 1 1 1 1 3 1 1 1 6 1 1 |1 1 6 1 1 1 1 1 2 1 1 1 6 1 1 6 1 |1 4 1 3 3 1 |1 6 1 5 1 1 1 4 3 1 1 1 1 3 |1 1 1 1 1 1 1 |1 1 1 1 1 |5 1 6 4 1 1 1 1 1 1 1 3 |1 1 1 1 1 1 1 1 1 1 1 1 1 1 6 1 3 1 3 |5 1 2 1 1 1 1 1 1 1 2 6 1 1 1 |1 2 1 1 1 1 4 |3 1 1 1 1 |6 4 4 1 1 1 2 1 6 1 1 1 1 1 1 |1 1 1 1 2 1 1 1 1 |1 1 1 1 6 1 1 1 1 1 1 2 1 6 1 4 1 1 |1 1 1 1 1 1 1 6 |1 1 1 1 6 1 4 1 1 1 1 1 1 1 1 4 1 3 3 |1 1 1 1 1 1 1 1 1 1 1 1 1 1 1 1 1 1 1 |1 5 1 6 1 1 1 1 1 1 1 1 1 |1 1 1 1 1 1 1 1 1 4 1 1 1 1 1 2 |1 1 1 1 1 1 1 |1 1 5 1 1 1 6 6 1 1 1 4 6 5 1 5 1 1 |1 1 1 1 1 1 1 1 4 6 6 1 6 1 1 6 1 4 6 |1 1 4 1 1 1 1 1 6 1 1 1 1 1 1 1 |1 1 1 1 1 1 1 1 1 1 1 1 1 |1 1 4 1 1 |1 1 1 1 1 4 1 1 1 1 1 6 1 4 1 1 |1 1 6 1 1 1 1 1 |realPatrol = 1200|fitness = 1003.0410166517505

第24个BestWave: 
1 1 1 4 6 1 1 3 4 1 1 1 1 1 1 |3 1 1 1 1 1 1 5 6 6 3 1 6 1 1 4 1 1 1 1 |6 1 4 1 1 1 1 1 |1 1 1 2 1 1 1 |1 1 1 1 1 1 4 4 1 1 1 1 1 3 1 5 |4 1 1 1 1 1 1 1 1 1 3 1 4 1 |1 4 1 1 1 1 1 3 1 6 1 1 1 1 1 6 |6 1 1 1 1 |1 1 1 1 1 1 1 |1 1 1 1 1 1 1 1 6 1 1 1 1 1 6 |1 1 1 1 1 1 1 1 1 1 1 1 1 1 1 |1 1 1 1 1 1 1 1 1 1 |1 1 1 1 3 |3 1 1 1 1 1 1 1 1 1 1 1 |1 1 1 1 1 1 1 1 1 1 1 6 1 1 1 1 |1 1 1 1 1 1 1 1 |1 1 1 1 1 1 1 1 1 1 5 1 1 1 1 1 1 |3 1 1 4 1 3 1 |1 1 1 1 6 1 1 1 1 6 1 1 1 |1 6 1 1 1 1 6 1 1 1 4 1 1 1 1 1 1 1 1 1 |1 1 1 1 1 1 1 1 1 1 1 1 2 1 1 4 |1 1 1 1 1 1 1 1 1 1 2 1 1 1 |1 1 1 1 3 1 1 1 1 |4 1 1 1 1 1 5 1 1 1 1 1 |6 1 1 1 1 2 1 1 1 1 1 1 1 4 |1 1 1 1 1 1 1 1 1 1 1 1 |1 1 1 1 1 1 1 1 1 1 1 1 1 1 |1 1 1 1 1 1 1 1 1 |1 1 1 1 6 1 1 1 1 1 1 1 1 |1 1 1 1 1 1 1 6 1 1 1 1 1 1 1 1 1 |6 6 1 1 4 1 6 1 1 1 1 1 1 1 1 |4 1 6 1 1 1 1 3 1 |1 6 1 1 1 1 1 1 1 1 2 1 |1 1 1 1 1 4 1 1 1 6 1 1 |1 1 6 1 1 1 1 1 1 1 1 2 6 1 1 5 1 |1 4 1 3 3 1 |1 5 1 6 1 1 1 4 2 1 1 1 1 2 |1 1 1 1 1 1 1 |1 1 1 1 1 |5 1 6 3 4 1 1 1 1 1 1 4 |1 1 1 1 1 1 1 1 1 1 1 1 1 1 6 1 4 1 3 |4 1 1 1 1 1 1 1 1 1 1 6 1 1 1 |1 3 1 1 1 1 6 |1 1 1 1 1 |6 6 4 1 1 1 1 1 6 1 1 1 1 1 1 |1 1 1 1 1 1 1 1 1 |1 1 1 1 6 1 1 1 1 1 1 1 1 6 1 3 1 1 |1 1 1 1 1 1 1 6 |1 1 1 1 6 1 4 1 4 1 1 1 1 1 1 3 1 1 3 |1 1 1 1 1 1 1 1 1 1 1 1 1 2 1 1 1 1 1 |1 5 1 5 1 1 1 1 1 1 1 1 1 |1 1 1 1 1 1 1 1 1 6 1 1 1 1 4 1 |1 1 1 1 1 1 1 |1 1 5 1 1 1 6 6 1 1 1 3 6 4 1 6 1 1 |1 1 1 1 1 1 1 1 6 6 6 1 6 1 1 6 1 1 6 |1 1 4 1 1 1 1 1 6 1 1 1 1 1 1 1 |1 1 1 1 1 1 1 1 1 1 1 1 1 |1 1 4 1 1 |1 1 1 1 1 5 1 1 1 1 1 6 1 6 1 1 |1 1 6 1 1 1 1 1 |realPatrol = 1200|fitness = 999.6075447057135

第25个BestWave: 
1 1 1 3 6 3 1 1 4 1 1 1 1 1 1 |3 1 1 1 1 1 1 4 6 6 1 1 6 1 1 4 1 1 1 1 |5 1 3 1 1 1 1 1 |1 1 1 2 1 1 1 |1 1 1 1 1 1 4 4 1 1 1 1 1 3 1 1 |1 1 1 1 1 1 1 1 1 1 1 1 3 1 |1 4 1 1 1 1 1 1 1 6 1 1 1 1 1 6 |6 1 1 1 1 |1 1 1 1 1 1 1 |1 1 1 1 1 1 5 1 6 1 1 1 1 1 6 |1 1 1 1 1 1 5 1 1 1 1 1 1 1 1 |1 1 1 1 1 1 1 1 1 1 |1 2 1 1 3 |1 1 1 1 1 1 1 1 1 1 1 1 |1 1 1 1 1 1 1 1 1 1 1 6 1 1 4 1 |1 1 1 1 1 1 1 1 |1 1 3 1 1 1 1 1 1 1 5 1 1 1 1 1 1 |3 1 1 6 1 3 1 |1 1 1 1 6 1 1 2 1 6 1 1 1 |1 6 1 1 1 1 6 1 1 3 4 1 1 1 1 6 1 1 1 1 |1 1 1 1 1 1 1 1 1 1 1 1 1 1 1 4 |1 1 1 1 1 1 1 1 1 1 1 1 1 1 |1 1 1 1 2 1 1 1 1 |4 1 1 1 1 1 5 1 1 1 1 1 |6 1 1 4 1 1 1 1 1 1 1 1 1 3 |1 1 1 1 1 1 1 1 1 1 1 1 |1 1 1 1 1 1 1 1 1 1 1 1 1 1 |1 1 1 1 1 1 1 1 1 |1 1 1 1 6 1 1 1 1 1 1 1 1 |1 1 1 1 1 1 1 5 1 1 1 1 1 1 1 1 1 |6 6 1 1 1 1 6 1 1 1 1 1 1 1 1 |4 1 6 1 1 1 1 5 1 |1 6 1 1 1 1 1 1 1 1 1 1 |1 1 1 1 1 4 1 1 1 6 1 1 |1 1 6 1 1 1 1 1 3 1 1 2 6 1 1 5 1 |1 4 1 3 3 1 |1 6 1 6 1 1 1 1 1 1 3 1 1 3 |1 1 1 1 1 1 1 |1 3 1 1 1 |5 1 6 2 3 1 1 1 1 1 1 4 |1 1 1 1 1 1 1 1 1 1 1 1 1 1 6 1 1 1 3 |5 1 1 1 1 1 1 1 1 1 2 6 1 1 1 |1 3 1 1 1 1 6 |1 1 1 1 1 |6 6 4 1 1 1 1 1 6 1 1 1 1 1 1 |1 1 1 1 2 1 1 1 1 |1 1 1 1 6 1 1 1 1 1 1 1 1 6 1 5 1 1 |1 1 1 1 1 1 1 6 |1 1 1 1 6 1 3 1 1 1 1 1 1 1 1 3 1 4 1 |1 1 1 1 1 1 1 1 1 1 1 1 1 3 1 1 1 1 1 |1 4 1 6 1 1 1 1 1 1 1 1 1 |1 1 1 1 1 1 1 1 1 6 1 1 1 1 1 1 |1 1 1 1 1 1 1 |1 1 6 1 1 1 6 6 1 1 1 3 6 5 1 6 1 1 |1 1 1 1 1 1 1 1 6 6 6 1 6 1 1 6 1 3 6 |1 1 4 1 1 1 1 1 6 1 1 1 1 1 1 1 |1 1 1 1 1 2 1 1 1 1 1 1 1 |1 1 4 1 1 |1 1 1 1 1 4 1 1 1 1 1 6 1 4 1 1 |1 1 6 1 1 1 1 1 |realPatrol = 1200|fitness = 1000.7618581118973

第26个BestWave: 
1 1 1 4 6 3 1 1 4 3 1 1 1 1 1 |4 1 1 1 1 1 1 3 5 6 3 1 6 1 1 5 1 1 1 1 |6 1 4 1 1 1 1 1 |1 1 1 2 1 1 1 |1 1 1 1 1 1 5 4 1 1 1 1 1 1 1 6 |3 1 1 1 1 1 1 1 1 1 1 1 4 1 |1 4 1 1 1 1 1 1 1 6 1 1 1 1 1 6 |6 1 1 1 1 |1 1 1 1 1 1 1 |1 1 1 1 1 1 5 1 5 1 1 1 1 1 6 |1 1 1 1 1 1 4 1 1 2 1 1 1 1 1 |1 1 1 1 1 1 1 1 1 1 |1 1 1 1 4 |3 1 1 1 1 1 1 1 1 1 1 1 |1 1 1 1 1 1 1 1 1 1 1 6 1 1 4 1 |1 1 1 1 1 1 1 1 |1 1 1 1 1 1 1 1 1 1 5 1 1 1 1 1 1 |1 1 1 3 1 4 1 |1 1 1 1 6 1 1 3 1 6 1 1 1 |1 6 1 1 1 1 5 1 1 3 6 1 1 1 3 1 1 1 1 1 |1 1 1 1 1 1 1 1 1 1 1 1 2 1 1 3 |1 1 1 1 1 1 1 1 1 1 1 1 1 1 |1 1 1 1 1 1 1 1 1 |3 1 1 1 1 1 5 1 1 1 1 1 |6 1 1 5 1 1 1 1 1 1 1 1 1 4 |1 1 1 1 1 1 1 1 1 1 1 1 |1 1 1 1 1 3 1 1 1 1 1 1 1 1 |1 1 1 1 1 1 1 1 1 |1 1 1 1 6 1 1 1 1 1 1 1 1 |1 1 1 1 1 1 1 4 1 1 1 1 1 3 1 2 1 |6 6 1 1 3 1 6 1 1 1 1 1 1 1 1 |4 1 6 1 1 1 1 4 1 |1 5 1 1 1 1 1 1 1 1 1 1 |1 1 1 1 1 2 1 1 1 6 1 1 |1 1 6 1 1 1 1 1 1 1 1 2 6 1 1 5 1 |1 3 1 3 3 2 |1 6 1 6 1 1 1 1 1 1 4 1 1 3 |1 1 1 1 1 1 1 |1 1 1 1 1 |6 1 6 1 1 1 1 1 1 1 1 4 |1 1 1 1 1 1 1 1 1 1 1 1 1 1 6 1 3 1 3 |4 1 2 1 1 1 1 1 1 1 1 6 1 1 1 |1 1 1 1 1 1 6 |3 1 1 2 1 |6 6 4 1 1 1 1 1 6 1 1 1 1 1 1 |1 1 1 1 2 1 1 1 1 |1 1 1 1 6 1 1 1 1 1 1 1 1 6 1 5 1 1 |1 1 1 1 1 1 1 6 |1 1 1 1 6 1 4 1 1 1 1 1 1 1 1 4 1 1 3 |1 1 1 1 1 1 1 1 1 1 1 1 1 3 1 1 1 1 1 |1 4 1 6 1 1 1 1 1 1 1 1 1 |1 2 1 1 1 1 1 1 1 5 1 1 1 1 1 1 |1 1 1 1 1 1 1 |1 1 6 1 1 1 6 6 1 1 1 3 6 6 1 6 1 1 |1 1 1 1 1 1 1 1 6 6 6 1 6 1 1 6 1 1 6 |1 1 1 1 1 1 1 1 6 1 1 1 1 1 1 1 |1 1 1 1 1 1 1 1 1 1 1 1 1 |1 1 3 1 1 |1 1 1 1 1 1 1 1 1 1 1 6 1 5 1 1 |1 1 6 1 1 1 1 1 |realPatrol = 1200|fitness = 1005.3399591529445

第27个BestWave: 
1 1 1 3 6 6 1 1 3 1 1 1 1 1 1 |1 1 1 1 1 1 1 1 6 6 1 1 6 1 1 5 1 1 1 1 |6 1 5 1 1 1 1 1 |1 1 1 1 1 1 1 |1 1 1 1 1 1 3 5 1 1 1 1 1 1 1 5 |4 1 1 1 1 1 1 1 1 1 1 1 6 1 |1 4 1 1 1 1 1 1 1 6 1 1 1 1 1 6 |6 1 1 1 1 |1 1 1 1 1 1 1 |1 1 1 1 1 1 6 1 6 1 1 1 1 1 6 |1 1 1 1 2 1 6 1 1 1 1 1 1 1 1 |1 1 1 1 1 1 1 1 1 1 |1 1 1 1 3 |4 1 1 1 1 1 1 1 1 1 1 1 |1 1 1 1 1 1 1 1 1 1 1 6 1 1 1 1 |1 1 1 1 1 1 1 1 |1 1 1 1 1 1 1 1 1 1 5 1 1 1 1 1 1 |4 1 1 4 1 3 1 |1 1 1 1 6 1 1 1 1 6 1 1 1 |1 6 1 1 1 1 6 1 1 5 6 1 1 1 1 1 1 1 1 1 |1 1 1 1 1 1 1 1 1 1 1 1 2 1 1 4 |1 1 1 1 1 1 1 1 1 1 1 1 1 1 |1 1 1 1 1 1 1 1 1 |3 1 3 1 1 1 4 1 1 1 1 1 |6 1 1 6 1 1 1 1 1 1 1 1 1 6 |1 1 1 1 1 1 1 1 1 2 1 1 |1 1 1 1 1 1 1 1 1 1 1 1 1 1 |1 1 1 1 1 1 1 1 1 |1 1 1 1 6 1 1 1 1 1 1 1 1 |1 1 1 1 1 1 1 6 1 1 1 1 1 3 1 1 1 |6 6 1 1 1 1 6 1 1 1 1 1 1 1 1 |3 1 6 1 1 1 1 5 1 |1 5 1 1 1 1 1 1 1 1 1 1 |1 1 1 1 1 1 1 1 1 6 1 1 |1 1 6 1 1 1 1 1 1 1 1 3 6 1 1 6 1 |1 5 1 3 3 1 |1 5 1 5 1 1 1 6 1 1 1 1 1 1 |1 1 1 1 1 1 1 |1 2 1 1 1 |6 1 6 1 5 1 1 1 3 1 1 3 |1 1 1 1 1 1 1 1 1 1 1 1 1 1 6 1 3 1 3 |4 1 1 1 1 1 1 1 1 1 1 6 1 1 1 |1 1 1 1 1 1 6 |1 1 1 3 1 |6 6 1 1 1 1 1 1 6 1 1 1 1 1 1 |1 1 1 1 1 1 1 1 1 |1 1 1 1 6 1 1 1 1 1 1 1 1 6 1 6 1 1 |1 1 1 1 1 1 1 6 |1 1 1 1 6 1 1 1 3 1 1 1 1 1 1 4 1 1 3 |1 1 1 1 1 1 1 1 1 1 1 1 1 1 1 1 1 1 1 |1 4 1 6 1 1 1 1 1 1 1 1 1 |1 1 1 1 1 1 1 1 1 6 1 1 1 1 1 1 |1 1 1 1 1 1 1 |1 1 6 1 1 1 6 6 1 1 1 4 6 6 1 6 1 1 |1 1 1 1 1 1 1 1 5 6 6 1 6 1 1 6 1 1 6 |1 1 1 1 1 1 1 1 5 1 1 1 1 1 1 1 |1 1 1 1 1 1 1 1 1 1 1 1 1 |1 1 6 1 1 |1 1 1 1 1 1 1 1 1 1 1 6 1 5 1 1 |1 1 6 1 1 1 1 1 |realPatrol = 1200|fitness = 997.8991611538875

第28个BestWave: 
1 1 3 3 6 4 1 1 1 1 1 1 1 1 1 |4 1 1 1 1 1 1 3 6 6 3 1 6 1 1 5 1 1 1 1 |6 1 4 1 1 1 1 1 |1 1 1 1 1 1 1 |1 1 1 1 1 1 4 5 1 1 1 1 1 3 1 6 |4 1 1 1 1 1 1 1 1 1 1 1 4 1 |1 4 1 1 1 1 1 1 1 6 1 1 1 1 1 5 |6 1 1 1 1 |1 1 1 1 1 1 1 |1 1 1 1 1 1 4 1 6 1 1 1 1 1 5 |1 1 1 1 1 1 1 1 1 1 1 1 1 1 1 |1 1 1 1 1 1 1 1 1 1 |1 1 1 1 3 |1 1 1 1 1 1 1 1 1 1 1 1 |1 1 1 1 3 1 1 1 1 1 1 6 1 1 6 1 |1 1 1 1 1 1 1 1 |1 1 1 1 1 1 1 1 1 1 4 1 1 1 1 1 1 |4 1 1 1 1 4 1 |1 1 1 1 6 1 1 3 1 6 1 1 1 |1 6 1 1 1 1 6 1 1 4 6 1 1 1 1 1 1 1 1 1 |1 1 1 1 1 1 1 1 1 1 1 1 1 1 1 3 |1 1 1 1 1 1 1 1 1 1 3 1 1 1 |1 1 1 1 1 1 1 1 1 |3 1 1 1 1 1 4 1 1 1 1 1 |6 1 1 1 1 1 1 1 1 1 1 1 1 5 |1 1 1 1 1 1 1 1 1 1 1 1 |1 1 1 1 1 3 1 1 1 1 1 1 1 1 |1 1 1 1 1 1 1 1 1 |1 1 1 3 6 1 1 1 1 1 1 1 1 |1 1 1 1 1 1 1 6 1 1 1 1 1 3 1 1 1 |6 6 1 1 6 1 6 1 1 1 1 1 1 1 1 |4 1 6 1 1 1 1 1 1 |1 6 1 1 1 1 1 1 1 1 1 1 |1 1 1 1 1 1 1 1 1 6 1 1 |1 1 6 1 1 1 1 1 1 1 1 3 6 1 1 5 1 |1 5 1 4 3 1 |1 5 1 6 1 1 1 1 1 1 4 1 1 1 |1 1 1 1 1 1 1 |1 1 1 1 1 |6 1 6 4 5 1 1 1 1 1 1 1 |1 1 1 1 1 1 1 1 1 1 1 1 1 1 6 1 4 1 4 |4 1 1 1 1 1 1 1 1 1 1 6 1 1 1 |1 4 1 1 1 1 6 |1 1 1 1 1 |6 6 4 1 1 1 1 1 6 1 1 1 1 1 1 |1 1 1 1 1 1 1 1 1 |1 1 1 1 6 1 1 1 1 1 1 1 1 6 1 4 1 1 |1 1 1 1 1 1 1 6 |1 1 1 1 6 1 5 1 1 1 1 1 1 1 1 4 1 1 2 |1 1 1 1 1 1 1 1 1 1 1 1 1 1 1 1 1 1 1 |1 5 1 6 1 1 1 1 1 1 1 1 1 |1 1 1 1 1 1 1 1 1 6 1 1 1 1 1 1 |1 1 1 1 1 1 1 |1 1 6 1 1 1 6 6 1 1 1 4 6 6 1 6 1 1 |1 1 1 1 1 1 1 1 4 6 6 1 6 1 1 6 1 4 6 |1 1 1 1 1 1 1 1 6 1 1 1 1 1 1 1 |1 1 1 1 1 1 1 1 1 1 1 1 1 |1 1 4 1 1 |1 1 1 1 1 1 1 1 1 1 1 6 1 5 1 1 |1 1 6 1 1 1 1 1 |realPatrol = 1200|fitness = 998.3143914672212

第29个BestWave: 
1 1 1 6 6 5 1 4 3 4 1 1 1 1 1 |1 1 1 1 1 1 1 5 6 6 1 1 6 1 1 4 1 1 1 1 |6 1 3 1 1 1 1 1 |1 1 1 1 1 1 1 |1 1 1 1 1 1 4 5 1 1 1 1 1 3 1 1 |2 1 1 1 1 1 1 1 1 1 2 1 6 1 |1 6 1 1 1 1 1 1 1 6 1 1 1 1 1 6 |6 1 1 1 1 |1 1 1 1 1 1 1 |1 1 1 1 1 1 6 1 5 1 1 1 1 1 6 |1 1 1 1 1 1 1 1 1 1 1 1 1 1 1 |1 1 1 1 1 1 1 1 1 1 |1 1 1 1 3 |1 1 1 1 1 1 1 1 1 1 1 1 |1 1 1 1 1 1 1 1 1 1 1 6 1 1 3 1 |1 1 1 1 1 1 1 1 |1 1 1 1 1 1 1 1 1 1 6 1 1 1 1 1 1 |1 1 1 5 1 5 1 |1 1 1 1 6 1 1 1 1 6 1 1 1 |1 6 1 1 1 1 5 1 1 1 5 1 1 1 1 2 1 1 1 1 |1 1 1 1 1 1 1 1 1 1 1 1 2 1 1 2 |1 1 1 1 1 1 1 1 1 1 1 1 1 1 |1 1 1 1 1 1 1 1 1 |5 1 1 1 1 1 6 1 1 1 1 1 |6 1 1 5 1 1 1 1 1 1 1 1 1 6 |1 1 1 1 1 1 1 1 1 1 1 1 |1 1 1 1 1 3 1 1 1 1 1 1 1 1 |1 1 1 1 1 1 1 1 1 |1 1 1 1 6 1 1 1 1 1 1 1 1 |1 1 1 1 1 1 1 6 1 1 1 1 1 3 1 1 1 |6 6 1 1 6 1 6 1 1 1 1 1 1 1 1 |4 1 6 1 1 1 1 1 1 |1 6 1 1 1 1 1 1 1 1 2 1 |1 1 1 1 1 1 1 1 1 4 1 1 |1 1 6 1 1 1 1 1 1 1 1 1 6 1 1 6 1 |1 4 1 2 1 1 |1 5 1 6 1 1 1 4 1 1 5 1 1 1 |1 1 1 1 1 1 1 |1 4 1 1 1 |6 1 6 1 2 1 1 1 2 1 1 1 |1 1 1 1 1 1 1 1 1 1 1 1 1 1 5 1 5 1 4 |6 1 1 1 1 1 1 1 1 1 4 6 1 1 1 |1 1 1 1 1 1 6 |1 1 1 1 1 |6 6 4 1 1 1 1 1 6 1 1 1 1 1 1 |1 1 1 1 1 1 1 1 1 |1 1 1 1 6 1 1 1 1 1 1 1 1 6 1 1 1 1 |1 1 1 1 1 1 1 6 |1 1 1 1 6 1 4 1 1 1 1 1 1 1 1 5 1 1 4 |1 1 1 1 1 1 1 1 1 1 1 1 1 1 1 1 1 1 1 |1 4 1 5 1 1 1 1 1 1 1 1 1 |1 1 1 1 1 1 1 1 1 5 1 1 1 1 1 1 |1 1 1 1 1 1 1 |1 1 6 1 1 1 6 6 1 1 1 4 6 5 1 6 1 1 |1 1 1 1 1 1 1 1 4 6 6 1 6 1 1 6 1 1 6 |1 1 6 1 1 1 1 1 6 1 1 1 1 1 1 1 |1 1 1 1 1 1 1 1 1 1 1 1 1 |1 1 3 1 1 |1 1 1 1 1 5 1 1 1 1 1 6 1 4 1 1 |1 1 6 1 1 1 1 1 |realPatrol = 1200|fitness = 993.130801414833

第30个BestWave: 
1 1 1 2 6 5 1 1 2 2 1 1 1 1 1 |1 1 1 1 1 1 1 3 6 6 1 1 6 1 1 5 1 1 1 1 |6 1 4 1 1 1 1 1 |1 1 1 1 1 1 1 |1 1 1 1 1 1 4 3 1 1 1 1 1 3 1 5 |3 1 1 1 1 1 1 1 1 1 1 1 4 1 |1 3 1 1 1 1 1 1 1 6 1 1 1 1 1 5 |6 1 1 1 1 |1 1 1 1 1 1 1 |1 1 1 1 1 1 5 1 6 1 1 1 1 1 6 |1 1 1 1 1 1 1 1 1 4 1 1 1 1 1 |1 1 1 1 1 1 1 1 1 1 |1 1 1 1 3 |4 1 1 1 1 1 1 1 1 1 1 1 |1 1 1 1 1 1 1 1 1 1 1 5 1 1 1 1 |1 1 1 1 1 1 1 1 |1 1 1 1 1 1 1 1 1 1 5 1 1 1 1 1 1 |4 1 1 1 1 4 1 |1 1 1 1 6 1 1 1 1 6 1 1 1 |1 6 1 1 1 1 6 1 1 3 6 3 1 1 1 3 1 1 1 1 |1 1 1 1 1 1 1 1 1 1 1 1 1 1 1 4 |1 1 1 1 1 1 1 1 1 1 1 1 1 1 |1 1 1 1 1 1 1 1 1 |5 1 1 1 1 1 4 1 1 1 1 1 |6 1 1 6 1 1 1 1 1 1 1 1 1 4 |1 1 1 1 1 1 1 1 1 1 1 1 |1 1 1 1 1 1 1 1 1 1 1 1 1 1 |2 1 1 1 1 1 1 1 1 |1 1 1 1 6 1 1 1 1 1 1 1 1 |1 1 1 1 1 1 1 5 1 1 1 1 1 1 1 1 1 |6 6 1 1 6 1 6 1 1 1 1 1 1 1 1 |4 1 6 1 1 1 1 5 1 |1 5 1 1 1 1 1 1 1 1 4 1 |1 1 1 1 1 4 2 1 1 6 1 1 |1 1 6 1 1 1 1 1 1 1 1 2 6 1 1 6 1 |1 3 1 3 4 1 |1 6 1 5 1 1 1 3 1 1 1 1 1 1 |1 1 1 1 1 1 1 |1 1 1 1 1 |6 1 6 3 4 1 1 1 1 1 1 1 |1 1 1 1 1 1 1 1 1 1 1 1 1 1 4 1 4 1 4 |4 1 2 1 1 1 1 1 1 1 2 6 1 1 1 |1 1 1 1 1 1 6 |2 1 1 1 1 |6 6 4 1 1 1 1 1 5 1 1 1 1 1 1 |1 1 1 1 1 1 1 1 1 |1 1 1 1 6 1 1 1 1 1 1 1 1 6 1 4 1 1 |1 1 1 1 1 1 1 6 |1 1 1 1 6 1 3 1 4 1 1 1 1 1 1 4 1 4 3 |1 1 2 1 1 1 1 1 1 1 1 1 1 1 1 1 1 1 1 |1 4 1 6 1 1 1 1 1 1 1 1 1 |1 1 1 1 1 1 1 1 1 5 1 1 1 1 1 1 |1 1 1 1 1 1 1 |1 1 6 1 1 1 6 6 1 1 1 3 6 6 1 6 1 1 |1 1 1 1 1 1 1 1 6 6 6 1 6 1 1 6 1 3 6 |1 1 5 1 1 1 1 1 6 1 1 1 1 1 1 1 |1 1 1 1 1 1 1 1 1 1 1 1 1 |1 3 5 1 1 |1 1 1 1 1 1 1 1 1 1 1 6 1 1 1 1 |1 1 6 1 1 1 1 1 |realPatrol = 1200|fitness = 997.5346902149008

第31个BestWave: 
1 1 4 3 6 4 1 1 1 2 1 1 1 1 1 |1 1 1 1 1 1 1 6 6 6 1 1 6 1 1 4 1 1 1 1 |6 1 4 1 1 1 1 1 |1 1 1 1 1 1 1 |1 1 1 1 1 1 5 4 1 1 1 1 1 4 1 6 |2 1 1 1 1 1 1 1 1 1 1 1 4 1 |1 4 1 1 1 1 1 1 1 6 1 1 1 1 1 6 |6 1 1 1 1 |1 1 1 1 1 1 1 |1 1 1 1 1 1 6 1 5 1 1 1 1 1 6 |1 1 1 1 1 1 1 1 1 1 1 1 1 1 1 |1 1 1 1 1 1 1 1 3 1 |1 1 1 1 3 |3 1 1 1 1 1 1 1 1 1 1 1 |1 1 1 1 1 1 1 1 1 1 1 6 1 1 3 1 |1 1 1 1 1 1 1 1 |1 1 1 1 1 1 1 1 1 1 5 1 1 1 1 1 1 |3 1 1 3 1 3 1 |1 1 1 1 6 1 1 1 1 6 1 1 1 |1 6 1 1 1 1 5 1 1 4 5 1 1 1 1 2 1 1 1 1 |1 1 1 1 3 1 1 1 1 1 1 1 1 1 1 4 |1 1 1 1 1 1 1 1 1 1 1 1 1 1 |1 1 1 1 1 1 1 1 1 |4 1 1 1 1 1 4 1 1 1 1 1 |6 1 1 6 1 1 1 1 1 1 1 1 1 4 |1 1 1 1 1 1 1 1 1 1 1 1 |1 1 1 1 1 2 1 1 1 1 1 1 1 1 |1 1 1 1 1 1 1 1 1 |1 1 1 6 6 1 1 1 1 1 1 1 1 |1 1 1 1 1 1 1 6 1 1 1 1 1 1 1 1 1 |6 6 1 1 1 1 5 1 1 1 1 1 1 1 1 |4 1 6 1 1 1 1 1 1 |1 5 1 1 1 1 1 1 1 1 1 1 |1 1 1 1 1 1 1 1 1 6 1 1 |1 1 6 1 1 1 1 1 1 1 1 1 6 1 1 5 1 |1 4 1 4 3 2 |1 6 1 6 1 1 1 1 3 1 3 1 1 4 |1 1 1 1 1 1 1 |1 1 1 1 1 |6 1 6 3 5 1 1 1 1 1 1 4 |1 1 1 1 1 1 1 1 1 1 1 1 1 1 6 1 3 1 2 |5 1 1 1 1 1 1 1 1 1 1 6 1 1 1 |1 1 1 1 1 1 5 |1 1 1 1 1 |6 6 6 1 1 1 1 1 6 1 1 1 1 1 1 |1 1 1 1 1 1 1 1 1 |1 1 1 1 6 1 1 1 1 1 1 1 1 6 1 4 1 1 |1 1 1 1 1 1 1 6 |1 1 1 1 6 1 3 1 1 1 1 1 1 1 1 5 1 3 3 |1 1 1 1 1 1 1 1 1 1 1 1 1 4 1 1 1 1 1 |1 4 1 6 1 1 1 1 1 1 1 1 1 |1 1 1 1 1 1 1 1 1 5 1 1 1 1 1 1 |1 1 1 1 1 1 1 |1 1 6 1 1 1 6 6 1 1 1 4 6 5 1 6 1 1 |1 1 1 1 1 1 1 1 5 6 6 1 5 1 1 6 1 1 6 |1 1 2 1 1 1 1 1 6 1 1 1 1 1 1 1 |1 1 1 1 1 1 1 1 1 1 1 1 1 |1 1 6 1 1 |1 1 1 1 1 5 1 1 1 1 1 6 1 1 1 1 |1 1 6 1 1 1 1 1 |realPatrol = 1200|fitness = 997.8753338844264

第32个BestWave: 
1 1 3 4 6 5 1 1 3 4 1 1 1 1 1 |1 1 1 1 1 1 1 5 6 6 4 1 6 1 1 5 1 1 1 1 |6 1 3 1 1 1 1 1 |1 1 1 3 1 1 1 |1 1 1 1 1 1 4 4 1 1 1 1 1 5 1 5 |1 1 1 1 1 1 1 1 1 1 1 1 4 1 |1 5 1 1 1 1 1 1 1 6 1 1 1 1 1 5 |6 1 1 1 1 |1 1 1 1 1 1 1 |1 1 1 1 1 1 6 1 6 1 1 1 1 1 6 |1 1 1 2 1 1 1 1 1 1 1 1 1 1 1 |1 1 1 1 1 1 1 1 1 1 |1 1 1 1 4 |1 1 1 1 1 1 1 1 1 1 1 1 |1 1 1 1 1 1 1 1 1 1 1 6 1 1 2 1 |1 1 1 1 1 1 1 1 |1 1 3 1 1 1 1 1 1 1 5 1 1 1 1 1 1 |3 1 1 5 1 3 1 |1 1 1 1 6 1 1 1 1 6 1 1 1 |1 6 1 1 1 1 6 1 1 3 4 1 1 1 1 1 1 1 1 1 |1 1 1 1 1 1 1 1 1 1 1 1 1 1 1 3 |1 1 1 1 1 1 1 1 1 1 1 1 1 1 |1 1 1 1 1 1 1 1 1 |5 1 1 1 1 1 4 1 1 1 1 1 |6 1 1 5 1 1 1 1 1 1 1 1 1 5 |1 1 1 1 1 1 1 1 1 1 1 1 |1 1 1 1 1 1 1 1 1 1 1 1 1 1 |1 1 1 1 1 1 1 1 1 |1 1 1 1 6 1 1 1 1 1 1 1 1 |1 1 1 1 1 1 1 5 1 1 1 1 1 2 1 1 1 |6 6 1 1 4 1 6 1 1 1 1 1 1 1 1 |3 1 6 1 1 1 1 1 1 |1 6 1 1 1 1 1 1 1 1 1 1 |1 1 1 1 1 3 1 1 1 6 1 1 |1 1 6 1 1 1 1 1 1 1 1 1 6 1 1 6 1 |1 3 1 2 3 1 |1 6 1 5 1 1 1 2 1 1 3 1 1 1 |1 1 1 1 1 1 1 |1 1 1 1 1 |5 1 6 4 4 1 1 1 1 1 1 4 |1 1 1 1 1 1 1 1 1 1 1 1 1 1 5 1 3 1 3 |5 1 2 1 1 1 1 1 1 1 3 6 1 1 1 |1 1 2 1 1 1 6 |1 1 1 1 1 |6 6 3 1 1 1 1 1 5 1 1 1 1 1 1 |1 1 1 1 1 1 1 1 1 |1 1 1 1 6 1 1 1 1 1 1 1 1 6 1 5 1 1 |1 1 1 1 1 1 1 6 |1 1 1 1 6 1 3 1 1 1 1 1 1 1 1 4 1 2 3 |1 1 1 1 1 1 1 1 1 1 1 1 1 4 1 1 1 1 1 |1 4 1 4 1 1 1 1 1 1 1 1 1 |1 3 1 1 1 1 1 1 1 5 1 1 1 1 1 1 |1 1 1 1 1 1 1 |1 1 6 1 1 1 6 6 1 1 1 4 6 6 1 6 1 1 |1 1 1 1 1 1 1 1 6 6 6 1 6 1 1 6 1 4 6 |1 1 3 1 1 1 1 1 6 1 1 1 1 1 1 1 |1 1 1 1 1 1 1 1 1 1 1 1 1 |1 1 5 1 1 |1 1 1 1 1 1 1 1 1 1 1 6 1 3 1 1 |1 1 6 1 1 1 1 1 |realPatrol = 1200|fitness = 1004.3097176158626

第33个BestWave: 
1 1 1 3 6 1 1 6 1 2 1 1 1 1 1 |1 1 1 1 1 1 1 3 4 6 3 1 6 1 1 4 1 1 1 1 |6 1 4 1 1 1 1 1 |1 1 1 3 1 1 1 |1 1 1 1 1 1 4 4 1 1 1 1 1 4 1 6 |3 1 1 1 1 1 1 1 1 1 1 1 5 1 |1 4 1 1 1 1 1 1 1 6 1 1 1 1 1 5 |6 1 1 1 1 |1 1 1 1 1 1 1 |1 1 1 1 1 1 6 1 6 1 1 1 1 1 6 |1 1 1 1 1 1 1 1 1 1 1 1 1 1 1 |1 1 1 1 1 1 1 1 1 1 |1 1 1 1 3 |4 1 1 1 1 1 1 1 1 1 1 1 |1 1 1 1 3 1 1 1 1 1 1 6 1 1 4 1 |1 1 1 1 1 1 1 1 |1 1 1 1 1 1 1 1 1 1 5 1 1 1 1 1 1 |3 1 1 4 1 3 1 |1 1 1 1 5 1 1 1 1 6 1 1 1 |1 6 1 1 1 1 6 1 1 4 4 1 1 1 1 2 1 1 1 1 |1 1 1 1 1 1 1 1 1 1 1 1 2 1 1 1 |1 1 1 1 1 1 1 1 1 1 1 1 1 1 |1 1 1 1 1 1 1 1 1 |4 1 2 1 1 1 4 1 1 1 1 1 |5 1 1 6 1 1 1 1 1 1 1 1 1 4 |1 1 1 1 1 1 1 1 1 1 1 1 |1 1 1 1 1 1 1 1 1 1 1 1 1 1 |1 1 1 1 1 1 1 1 1 |1 1 1 1 6 1 1 1 1 1 1 1 1 |1 1 1 1 1 1 1 5 1 1 1 1 1 3 1 1 1 |6 6 1 1 5 1 6 1 1 1 1 1 3 1 1 |4 1 6 1 1 1 1 2 1 |1 6 1 1 1 1 1 1 1 1 1 1 |1 1 1 1 1 1 1 1 1 6 1 1 |1 2 5 1 1 1 1 1 2 1 1 1 5 1 1 6 1 |1 4 1 3 4 1 |1 6 1 6 1 1 1 5 3 1 1 1 1 4 |1 1 1 1 1 1 1 |1 3 1 1 1 |6 1 6 3 1 1 1 1 3 1 1 5 |1 1 1 1 1 1 1 1 1 1 1 1 1 1 5 1 1 1 3 |1 1 1 1 1 1 1 1 1 1 3 6 1 1 1 |1 3 1 1 1 1 6 |3 1 1 1 1 |6 4 1 1 1 1 1 1 5 1 1 1 1 1 1 |1 1 1 1 2 1 1 1 1 |1 1 1 1 5 1 1 1 1 1 1 1 1 6 1 5 1 1 |1 1 1 1 1 1 1 6 |1 1 1 1 6 1 3 1 4 1 1 1 1 1 1 3 1 4 3 |1 1 1 1 1 1 1 1 1 1 1 1 1 1 1 1 1 1 1 |1 4 1 4 1 1 1 1 1 1 1 1 1 |1 1 1 1 1 1 1 1 1 5 1 1 1 1 1 1 |1 1 1 1 1 1 1 |1 1 6 1 1 1 6 6 1 1 1 4 6 6 1 6 1 1 |1 1 1 1 1 1 1 1 4 6 6 1 5 1 1 6 1 3 6 |1 1 4 1 1 1 1 1 4 1 1 1 1 1 1 1 |1 1 1 1 1 2 1 1 1 1 1 1 1 |1 1 4 1 1 |1 1 1 1 1 5 1 1 1 1 1 6 1 5 1 1 |1 1 6 1 1 1 1 1 |realPatrol = 1200|fitness = 998.742399796385

第34个BestWave: 
1 1 1 4 6 4 1 1 1 4 1 1 1 1 1 |1 1 1 1 1 1 1 4 6 6 3 1 6 1 1 4 1 1 1 1 |6 1 5 1 1 1 1 1 |1 1 1 1 1 1 1 |1 1 1 1 1 1 4 5 1 1 1 1 1 3 1 6 |3 1 1 1 1 1 1 1 1 1 1 1 5 1 |1 4 1 1 1 1 1 1 1 6 1 1 1 1 1 6 |6 1 1 1 1 |1 1 1 1 1 1 1 |1 1 1 1 1 1 6 1 6 1 1 1 1 1 6 |1 1 1 1 1 1 3 1 1 1 1 1 1 1 1 |1 1 1 1 1 1 1 1 1 1 |1 3 1 1 5 |1 1 1 1 1 1 1 1 1 1 1 1 |1 1 1 1 1 1 1 1 1 1 1 6 1 1 1 1 |1 1 1 1 1 1 1 1 |1 1 1 1 1 1 1 1 1 1 4 1 1 1 1 1 1 |1 1 1 3 1 4 1 |1 1 1 1 5 1 1 1 1 6 1 1 1 |1 6 1 1 1 1 6 1 1 3 1 1 1 1 3 1 1 1 1 1 |1 1 1 1 1 1 1 1 1 1 1 1 1 1 1 4 |1 1 1 1 1 1 1 1 1 1 1 1 1 1 |1 1 1 1 1 1 1 1 1 |3 1 1 1 1 1 3 1 1 1 1 1 |6 1 1 5 1 3 1 1 1 1 1 1 1 5 |1 1 1 1 1 1 1 1 1 1 1 1 |1 1 1 1 1 1 1 1 1 1 1 1 1 1 |1 1 1 1 1 1 1 1 1 |1 1 1 1 6 1 1 1 1 1 1 1 1 |1 1 1 1 1 1 1 6 1 1 1 1 1 1 1 1 1 |6 6 1 1 4 1 6 1 1 1 1 1 1 1 1 |4 1 6 1 1 1 1 1 1 |1 6 1 1 1 1 1 1 1 1 3 1 |1 1 1 1 1 1 1 1 1 6 1 1 |1 1 6 1 1 1 1 1 1 1 1 3 6 1 1 6 1 |1 4 1 4 4 1 |1 5 1 6 1 1 1 4 1 1 1 1 1 3 |1 1 1 1 1 1 1 |1 3 1 1 1 |6 1 6 2 1 1 1 1 1 1 1 5 |1 1 1 1 1 1 1 1 1 1 1 1 1 1 6 1 4 1 5 |5 1 1 1 1 1 1 1 1 1 1 6 1 1 1 |1 3 1 1 1 1 6 |1 1 1 1 1 |6 6 1 1 1 1 3 1 6 1 1 1 1 1 1 |1 1 1 1 1 1 1 1 1 |1 1 1 1 6 1 1 1 1 1 1 1 1 6 1 4 1 1 |1 1 1 1 1 1 1 6 |2 1 1 1 6 1 3 1 4 1 1 1 1 1 1 5 1 1 1 |1 1 1 1 1 1 1 1 1 1 1 1 1 3 1 1 1 1 1 |1 4 1 6 1 1 1 1 1 1 1 1 1 |1 1 1 1 1 1 1 1 1 6 1 1 1 1 2 1 |1 1 1 1 1 1 1 |1 1 6 1 1 1 6 6 1 1 1 4 6 6 1 6 1 1 |1 1 1 1 1 1 1 1 6 6 6 1 6 1 1 6 1 2 6 |1 1 1 1 1 1 1 1 5 1 1 1 1 1 1 1 |1 1 1 1 1 1 1 1 1 1 1 1 1 |1 1 4 1 1 |1 1 1 1 1 4 1 1 1 1 1 6 1 3 1 1 |1 1 6 1 1 1 1 1 |realPatrol = 1200|fitness = 998.7084318767252

第35个BestWave: 
1 1 3 3 6 2 1 1 4 4 1 1 1 1 1 |3 1 1 1 1 1 1 5 6 6 1 1 6 1 1 6 1 1 1 1 |6 1 1 1 1 1 1 1 |1 1 1 2 1 1 1 |1 1 1 1 1 1 4 4 1 1 1 1 1 3 1 5 |1 1 1 1 1 1 1 1 1 1 1 1 4 1 |1 3 1 1 1 1 1 1 1 6 1 1 1 1 1 6 |6 1 1 1 1 |1 1 1 1 1 1 1 |1 1 1 2 1 1 6 1 6 1 1 1 1 1 6 |1 1 1 1 1 1 4 1 1 1 1 1 1 1 1 |1 1 1 1 1 1 1 1 1 1 |1 1 1 1 3 |1 1 1 1 1 1 1 1 1 1 1 1 |1 1 1 1 1 1 1 1 1 1 1 6 1 1 1 1 |1 1 1 1 1 1 1 1 |1 1 1 1 1 1 1 1 1 1 4 1 1 1 1 1 1 |1 1 1 4 1 6 1 |1 1 1 1 5 1 1 1 1 6 1 1 1 |1 6 1 1 1 1 5 1 1 4 1 1 1 1 1 1 1 2 1 1 |1 1 1 1 1 1 1 1 1 1 1 1 1 1 1 4 |1 1 1 1 1 1 1 1 1 1 1 1 1 1 |1 1 1 1 1 1 1 1 1 |4 1 1 1 1 1 5 1 1 1 1 1 |6 1 1 6 1 1 1 1 1 4 1 1 1 3 |1 1 1 1 1 1 1 1 1 1 1 1 |1 1 1 1 1 1 1 1 1 1 1 1 1 1 |1 1 1 1 1 1 1 1 1 |1 1 1 1 6 1 1 1 1 1 1 1 1 |1 1 1 1 1 1 1 6 1 1 1 1 1 1 1 1 1 |6 6 1 1 5 1 6 1 1 1 1 1 4 1 1 |6 1 6 1 1 1 1 1 1 |1 4 1 1 1 1 1 1 1 1 2 1 |1 1 1 1 1 4 1 1 1 6 1 1 |1 1 6 1 1 1 1 1 1 1 1 1 6 1 1 5 1 |1 5 1 4 1 2 |1 6 1 6 1 1 1 3 3 1 1 1 1 2 |1 1 1 1 1 1 1 |1 3 1 1 1 |6 1 6 3 4 1 1 1 1 1 1 3 |1 1 1 1 1 1 1 1 1 1 1 1 1 1 5 1 6 1 3 |3 1 2 1 1 1 1 1 1 1 1 6 1 1 1 |1 1 1 1 1 1 6 |1 1 1 1 1 |6 6 2 1 1 1 1 1 6 1 1 1 1 1 1 |1 1 1 1 1 1 1 1 1 |1 1 1 1 6 1 1 1 1 1 1 1 1 6 1 4 1 1 |1 1 1 1 1 1 1 6 |1 1 1 1 6 1 1 1 2 1 1 1 1 1 1 5 1 4 1 |1 1 1 1 1 1 1 1 1 1 1 1 1 3 1 1 1 1 1 |1 5 1 6 1 1 1 1 1 1 1 1 1 |1 1 1 1 1 1 1 1 1 6 1 1 1 1 1 1 |1 1 1 1 1 1 1 |1 1 6 1 1 1 6 6 1 1 1 1 6 6 1 6 1 1 |1 1 1 1 1 1 1 1 5 6 6 1 5 1 1 6 1 1 6 |1 1 3 1 1 1 1 1 6 1 1 1 1 1 1 1 |1 1 1 1 1 1 1 1 1 1 1 1 1 |1 1 5 1 1 |1 1 1 1 1 6 1 1 1 1 1 6 1 6 1 1 |1 1 6 1 1 1 1 1 |realPatrol = 1200|fitness = 998.0275350973213

第36个BestWave: 
1 1 3 1 6 4 1 1 1 1 1 1 1 1 1 |6 1 1 1 1 1 1 5 6 6 1 1 6 1 1 5 1 1 1 1 |6 1 6 1 1 1 1 1 |1 1 1 1 1 1 1 |1 1 1 1 1 1 4 4 1 1 1 1 1 4 1 5 |3 1 1 1 1 1 1 1 1 1 1 1 1 1 |1 4 1 1 1 1 1 1 1 6 1 1 1 1 1 6 |6 1 1 1 1 |1 1 1 1 1 1 1 |1 1 1 1 1 1 6 1 6 1 1 1 1 1 5 |1 1 1 1 1 1 1 1 1 1 1 1 1 1 1 |1 1 1 1 1 1 1 1 1 1 |1 1 1 1 3 |4 1 1 1 1 1 1 1 1 1 1 1 |1 1 1 1 1 1 1 1 1 1 1 6 1 1 1 1 |1 1 1 1 1 1 1 1 |1 1 1 1 1 1 1 1 1 1 5 1 1 1 1 1 1 |3 1 1 5 1 5 1 |1 1 1 1 6 1 1 1 1 6 1 1 1 |1 6 1 1 1 1 6 1 1 5 1 1 1 1 1 3 1 1 1 1 |1 1 1 1 1 1 1 1 1 1 1 1 1 1 1 1 |1 1 1 1 1 1 1 1 1 1 1 1 1 1 |1 1 1 1 1 1 1 1 1 |4 1 1 1 1 1 4 1 1 1 1 1 |6 1 1 6 1 3 1 1 1 1 1 1 1 5 |1 1 1 1 1 1 1 1 1 1 1 1 |1 1 1 1 1 1 1 1 1 1 1 1 1 1 |1 1 1 1 1 1 1 1 1 |1 1 1 1 6 1 1 1 1 1 1 1 1 |1 1 1 1 1 1 1 6 1 1 1 1 1 1 1 1 1 |6 6 1 1 6 1 6 1 1 1 1 1 1 1 1 |6 1 6 1 1 1 1 5 1 |1 6 1 1 1 1 1 1 1 1 1 1 |1 1 1 1 1 1 1 1 1 6 1 1 |1 1 6 1 1 1 1 1 1 1 1 1 6 1 1 6 1 |1 4 1 5 5 3 |1 6 1 6 1 1 1 1 4 1 1 1 1 1 |1 1 1 1 1 1 1 |1 1 1 1 1 |6 1 6 4 1 1 1 1 1 1 1 4 |1 1 1 1 1 1 1 1 1 1 1 1 1 1 5 1 4 1 3 |4 1 1 1 1 1 1 1 1 1 2 6 1 1 1 |1 1 1 1 1 1 6 |6 1 1 1 1 |6 1 4 1 1 1 1 1 6 1 1 1 1 1 1 |1 1 1 1 1 1 1 1 1 |1 2 1 1 6 1 1 1 1 1 1 1 1 6 1 1 1 1 |1 1 1 1 1 1 1 6 |1 1 1 1 6 1 3 1 1 1 1 1 1 1 1 5 1 1 3 |1 1 1 1 1 1 1 1 1 1 1 1 1 1 1 1 1 1 1 |1 5 1 6 1 1 1 1 1 1 1 1 1 |1 2 1 1 1 1 1 1 1 6 1 1 1 1 1 1 |1 1 1 1 1 1 1 |1 1 5 1 1 1 6 6 1 1 1 3 6 6 1 6 1 1 |1 1 1 1 1 1 1 1 6 6 6 1 6 1 1 6 1 3 6 |1 1 3 1 1 1 1 1 5 1 1 1 1 1 1 1 |1 1 1 1 1 1 1 1 1 1 1 1 1 |1 1 4 1 1 |1 1 1 1 1 6 1 1 1 1 1 6 1 1 1 1 |1 1 6 1 1 1 1 1 |realPatrol = 1200|fitness = 996.1344843765193

第37个BestWave: 
1 1 1 4 6 4 1 1 6 1 1 1 1 1 1 |1 1 1 1 1 1 1 5 1 6 1 1 6 1 1 5 1 1 1 1 |6 1 3 1 1 1 1 1 |1 1 1 1 1 1 1 |1 1 1 1 1 1 6 4 1 1 1 1 1 5 1 4 |1 1 1 1 1 1 1 1 1 1 1 1 5 1 |1 3 1 1 1 1 1 1 1 6 1 1 1 1 1 4 |6 1 1 1 1 |1 1 1 1 1 1 1 |1 1 1 1 1 1 6 1 6 1 1 1 1 1 5 |1 1 1 1 1 1 1 1 1 1 1 1 1 1 1 |1 1 1 1 1 1 1 1 1 1 |1 1 1 1 2 |1 1 1 1 1 1 1 1 1 1 1 1 |1 1 1 1 1 1 1 1 1 1 1 5 1 1 6 1 |1 1 1 1 1 1 1 1 |1 1 3 1 1 1 1 1 1 1 5 1 1 1 1 1 1 |3 1 1 3 1 5 1 |1 1 1 1 6 1 1 1 1 6 1 1 1 |1 6 1 1 1 1 5 1 1 4 6 1 1 1 1 1 1 1 1 1 |1 1 1 1 1 1 1 1 1 1 1 1 5 1 1 4 |1 1 1 1 1 1 1 1 1 1 1 1 1 1 |1 1 1 1 1 1 1 1 1 |3 1 1 1 1 1 3 1 1 1 1 1 |6 1 1 5 1 1 1 1 1 1 1 1 1 6 |1 1 1 1 1 1 1 1 1 1 1 1 |1 1 1 1 1 1 1 1 1 1 1 1 1 1 |1 1 1 1 1 1 1 1 1 |1 1 1 1 6 1 1 1 1 1 1 1 1 |1 1 1 1 1 1 1 6 1 1 1 1 1 1 1 1 1 |6 6 1 1 6 1 6 1 1 1 1 1 1 1 1 |6 1 5 1 1 1 1 3 1 |1 4 1 1 1 1 1 1 1 1 1 1 |1 1 1 1 1 1 1 1 1 6 1 1 |1 1 6 1 1 1 1 1 1 1 1 3 6 1 1 6 1 |1 4 1 4 4 1 |1 6 1 6 1 1 1 5 3 1 1 1 1 4 |1 1 1 1 1 1 1 |1 3 1 1 1 |6 1 6 1 4 1 1 1 3 1 1 5 |1 1 1 1 1 1 1 1 1 1 1 1 1 1 6 1 1 1 2 |3 1 1 1 1 1 1 1 1 1 1 6 1 1 1 |1 1 1 1 1 1 6 |1 1 1 1 1 |6 5 1 1 1 1 1 1 4 1 1 1 1 1 1 |1 1 1 1 1 1 1 1 1 |1 1 1 1 6 1 1 1 1 1 1 1 1 6 1 4 1 1 |1 1 1 1 1 1 1 6 |1 1 1 1 6 1 5 1 1 1 1 1 1 1 1 4 1 1 1 |1 1 1 1 1 1 1 1 1 1 1 1 1 1 1 1 1 1 1 |1 4 1 6 1 1 1 1 1 1 1 1 1 |1 1 1 1 1 1 1 1 1 6 1 1 1 1 1 1 |1 1 1 1 1 1 1 |1 1 6 1 1 1 6 6 1 1 1 4 6 6 1 5 1 1 |1 1 1 1 1 1 1 1 6 6 6 1 6 1 1 6 1 3 6 |1 1 5 1 1 1 1 1 6 1 1 1 1 1 1 1 |1 1 1 1 1 1 1 1 1 1 1 1 1 |1 1 6 1 1 |1 1 1 1 1 5 1 1 1 1 1 6 1 6 1 1 |1 1 6 1 1 1 1 1 |realPatrol = 1200|fitness = 997.7524784799486

第38个BestWave: 
1 1 1 4 6 4 1 1 1 1 1 1 1 1 1 |3 1 1 1 1 1 1 4 6 6 1 1 6 1 1 3 1 1 1 1 |6 1 5 1 1 1 1 1 |1 1 1 1 1 1 1 |1 1 1 1 1 1 5 5 1 1 1 1 1 3 1 6 |4 1 1 1 1 1 1 1 1 1 1 1 3 1 |1 5 1 1 1 1 1 1 1 6 1 1 1 1 1 6 |6 1 1 1 1 |1 1 1 1 1 1 1 |1 1 1 1 1 1 6 1 6 1 1 1 1 1 6 |1 1 1 1 1 1 1 1 1 1 1 1 1 1 1 |1 1 1 1 1 1 1 1 1 1 |1 1 1 1 2 |1 1 1 1 1 1 1 1 1 1 1 1 |1 1 1 1 1 1 1 1 1 1 1 6 1 2 1 1 |1 1 1 1 1 1 1 1 |1 1 2 1 1 1 1 1 1 1 5 1 1 1 1 1 1 |4 1 1 4 1 3 1 |1 1 1 1 6 1 1 1 1 6 1 1 1 |1 6 1 1 1 1 6 1 1 1 4 1 1 1 2 4 1 1 1 1 |1 1 1 1 4 1 1 1 1 1 1 1 1 1 1 4 |1 1 1 1 1 1 1 1 1 1 1 1 1 1 |1 1 1 1 1 1 1 1 1 |1 1 1 1 1 1 4 1 4 1 1 1 |6 1 1 6 1 1 1 1 1 1 1 1 1 4 |1 1 1 1 1 1 1 1 1 1 1 1 |1 1 1 1 1 3 1 1 1 1 1 1 1 1 |1 1 1 1 1 1 1 1 1 |1 1 1 1 6 1 1 1 1 1 1 1 1 |1 1 1 1 1 1 1 6 1 1 1 1 1 3 1 1 1 |6 6 1 1 5 1 6 1 1 1 1 1 1 1 1 |1 1 6 1 1 1 1 1 1 |1 5 1 1 1 1 1 1 1 1 1 1 |1 1 1 1 1 3 1 1 1 6 1 1 |1 1 6 1 1 1 1 1 1 1 1 1 5 1 1 6 1 |1 5 1 3 1 1 |1 6 1 5 1 1 1 4 3 1 3 1 1 1 |1 1 1 1 1 1 1 |1 1 1 1 1 |6 1 6 4 4 1 1 1 2 1 1 1 |1 1 1 1 1 1 1 1 1 1 1 1 1 1 6 1 3 1 1 |6 1 1 1 1 1 1 1 1 1 2 6 1 1 1 |1 1 1 1 1 1 5 |1 1 1 3 1 |6 6 1 1 1 1 1 1 6 1 1 1 1 1 1 |1 1 1 1 3 1 1 1 1 |1 1 1 1 6 1 1 1 1 1 1 1 1 6 1 5 1 1 |1 1 1 1 1 1 1 6 |1 1 1 1 6 1 5 1 1 1 1 1 1 1 1 3 1 4 1 |1 1 1 1 1 1 1 1 1 1 1 1 1 4 1 1 1 1 1 |1 5 1 6 1 1 1 1 1 1 1 1 1 |1 1 1 1 1 1 1 1 1 6 1 1 1 1 3 1 |1 1 1 1 1 1 1 |1 1 6 1 1 1 6 6 1 1 1 3 6 1 1 6 1 1 |1 1 1 1 1 1 1 1 6 6 6 1 6 1 1 6 1 2 6 |1 1 2 1 1 1 1 1 6 1 1 1 1 1 1 1 |1 1 1 1 1 1 1 1 1 1 1 1 1 |1 1 5 1 1 |1 1 1 1 1 6 1 1 1 1 1 6 1 5 1 1 |1 1 6 1 1 1 1 1 |realPatrol = 1200|fitness = 1000.5475055453675

第39个BestWave: 
1 1 2 4 6 1 1 1 5 3 1 1 1 1 1 |1 1 1 1 1 1 1 5 6 6 1 1 6 1 1 6 1 1 1 1 |6 1 4 1 1 1 1 1 |1 1 1 3 1 1 1 |1 1 1 1 1 1 4 5 1 1 1 1 1 3 1 1 |1 1 1 1 1 1 1 1 1 1 2 1 5 1 |1 5 1 1 1 1 1 1 1 6 1 1 1 1 1 6 |6 1 1 1 1 |1 1 1 1 1 1 1 |1 1 1 1 1 1 6 1 6 1 1 1 1 1 6 |1 1 1 1 1 1 3 1 1 1 1 1 1 1 1 |1 1 1 1 1 1 1 1 1 1 |1 1 1 1 3 |3 1 1 1 1 1 1 1 1 1 1 1 |1 3 1 1 1 1 1 1 1 1 1 5 1 1 1 1 |1 1 1 1 1 1 1 1 |1 1 3 1 1 1 1 1 1 1 5 1 1 1 1 1 1 |2 1 1 3 1 3 1 |1 1 1 1 6 1 1 3 1 6 1 1 1 |1 6 1 1 1 1 5 1 1 4 4 1 1 1 1 1 1 1 1 1 |1 1 1 1 1 1 1 1 1 1 1 1 1 1 1 4 |1 1 1 1 1 1 1 1 1 1 1 1 1 1 |1 1 1 1 4 1 1 1 1 |4 1 1 1 1 1 5 1 1 1 1 1 |6 1 1 5 1 1 1 1 1 1 1 1 1 4 |1 1 1 1 1 1 1 1 1 1 1 1 |1 1 2 1 1 1 1 1 1 1 1 1 1 1 |1 1 1 1 1 1 1 1 1 |1 1 1 1 6 1 1 1 1 1 1 1 1 |1 1 1 1 1 1 1 6 1 1 1 1 1 1 1 1 1 |6 6 1 1 5 1 6 1 1 1 1 1 1 1 1 |4 1 6 1 1 1 1 3 1 |1 6 1 1 1 1 1 1 1 1 1 1 |1 1 1 1 1 1 1 1 1 6 1 1 |1 1 6 1 1 1 1 1 1 1 1 1 6 1 1 6 1 |1 4 1 5 4 1 |1 5 1 5 1 1 1 4 1 1 4 1 1 3 |1 1 1 1 1 1 1 |1 1 1 1 1 |6 1 6 1 5 1 1 1 1 1 1 1 |1 1 1 1 1 1 1 1 1 1 1 1 1 1 5 1 4 1 1 |5 1 3 1 1 1 1 1 1 1 1 6 1 1 1 |1 1 1 1 1 1 6 |1 1 1 2 1 |6 6 4 1 1 1 1 1 6 1 1 1 1 1 1 |1 1 1 1 3 1 1 1 1 |1 1 1 1 6 1 1 1 1 1 1 1 1 6 1 4 1 1 |1 1 1 1 1 1 1 6 |1 1 1 1 6 1 3 1 4 1 1 1 1 1 1 4 1 1 2 |1 1 1 1 1 1 1 1 1 1 1 1 1 1 1 1 1 1 1 |1 5 1 6 1 1 1 1 1 1 1 1 1 |1 1 1 1 1 1 1 1 1 6 1 1 1 1 1 1 |1 1 1 1 1 1 1 |1 1 5 1 1 1 6 6 1 1 1 4 6 4 1 6 1 1 |1 1 1 1 1 1 1 1 6 6 6 1 5 1 1 6 1 1 6 |1 1 1 1 1 1 1 1 6 1 1 1 1 1 1 1 |1 1 1 1 1 1 1 1 1 1 1 1 1 |1 1 5 1 1 |1 1 1 1 1 3 1 1 1 1 1 6 1 4 1 1 |1 1 6 1 1 1 1 1 |realPatrol = 1200|fitness = 1000.5044392105033

第40个BestWave: 
1 1 1 4 6 1 1 1 1 2 1 1 1 1 1 |1 1 1 1 1 1 1 1 6 6 1 1 6 1 1 5 1 1 1 1 |6 1 6 1 1 1 1 1 |1 1 1 1 1 1 1 |1 1 1 1 1 1 5 4 1 1 1 1 1 3 1 1 |1 1 1 1 1 1 1 1 1 1 1 1 5 1 |1 5 1 1 1 1 1 1 1 6 1 1 1 1 1 6 |6 1 1 1 1 |1 1 1 1 1 1 1 |1 1 1 1 1 1 5 1 6 1 1 1 1 1 6 |1 1 1 1 1 1 1 1 1 1 1 1 1 1 1 |1 1 1 1 1 1 1 1 1 1 |1 1 1 1 1 |4 1 1 1 1 1 1 1 1 1 1 1 |1 1 1 1 3 1 1 1 1 1 1 6 1 1 1 1 |1 1 1 1 1 1 1 1 |1 1 1 1 1 1 1 1 1 1 5 1 1 1 1 1 1 |4 1 1 3 1 3 1 |1 1 1 1 6 1 1 1 1 6 1 1 1 |1 6 1 1 1 1 6 1 1 1 5 1 1 1 4 1 1 1 1 1 |1 1 1 1 1 1 1 1 1 1 1 1 1 1 1 4 |1 1 1 1 1 1 1 1 1 1 1 1 1 1 |1 1 1 1 1 1 1 1 1 |4 1 2 1 1 1 3 1 3 1 1 1 |6 1 1 5 1 2 1 1 1 1 1 1 1 4 |1 1 1 1 1 1 1 1 1 1 1 1 |1 1 1 1 1 1 1 1 1 1 1 1 1 1 |1 1 1 1 1 1 1 1 1 |1 1 1 5 6 1 1 1 1 1 1 1 1 |1 1 1 1 1 1 1 6 1 1 1 1 1 2 1 1 1 |6 6 1 1 5 1 6 1 1 1 1 1 3 1 1 |4 1 6 1 1 1 1 5 1 |1 6 1 1 1 1 1 1 1 1 2 1 |1 1 1 1 1 4 1 1 1 6 1 1 |1 1 6 1 1 1 1 1 1 1 1 1 6 1 1 6 1 |1 4 1 4 3 1 |1 6 1 5 1 1 1 1 1 1 4 1 1 1 |1 1 1 1 1 1 1 |1 3 1 1 1 |6 1 6 2 3 1 1 1 3 1 1 1 |1 1 1 1 1 1 1 1 1 1 1 1 1 1 5 1 3 1 3 |4 1 1 1 1 1 1 1 2 1 1 6 1 1 1 |1 1 1 1 1 1 6 |1 1 1 2 1 |6 6 5 1 1 1 1 1 5 1 1 1 1 1 1 |1 1 1 1 1 1 1 1 1 |1 1 1 1 6 1 1 1 1 1 1 1 1 6 1 5 1 1 |1 1 1 1 1 1 1 6 |1 1 1 1 6 1 4 1 4 1 1 1 1 1 1 5 1 4 4 |1 1 1 1 1 1 1 1 1 1 1 1 1 1 1 1 1 1 1 |1 3 1 6 1 1 1 1 1 1 1 1 1 |1 1 1 1 1 1 1 1 1 6 1 1 1 1 4 1 |1 1 1 1 1 1 1 |1 1 6 1 1 1 6 6 1 1 1 5 6 5 1 6 1 1 |1 1 1 1 1 1 1 1 6 6 6 1 5 1 1 6 1 1 6 |1 1 3 1 1 1 1 1 5 1 1 1 1 1 1 1 |1 1 1 1 1 1 1 1 1 1 1 1 1 |1 1 4 1 1 |1 1 1 1 1 1 1 1 1 1 1 6 1 4 1 1 |1 1 6 1 1 1 1 1 |realPatrol = 1200|fitness = 998.6199685358132

第41个BestWave: 
1 1 1 3 6 1 1 1 4 3 1 1 1 1 1 |3 1 1 1 1 1 1 5 6 6 3 1 6 1 1 4 1 1 1 1 |6 1 4 1 1 1 1 1 |1 1 1 2 1 1 1 |1 1 1 1 1 1 4 4 1 1 1 1 1 1 1 6 |1 1 1 1 1 1 1 1 1 1 1 1 3 1 |1 4 1 1 1 1 1 1 1 6 1 1 1 1 1 6 |6 1 1 1 1 |1 1 1 1 1 1 1 |1 1 1 1 1 1 6 1 6 1 1 1 1 1 6 |1 1 1 1 1 1 1 1 1 1 1 1 1 1 1 |1 1 1 1 1 1 1 1 1 1 |1 1 1 1 3 |3 1 1 1 1 1 1 1 1 1 1 1 |1 1 1 1 1 1 1 1 1 1 1 6 1 1 1 1 |1 1 1 1 1 1 1 1 |1 1 1 1 1 1 1 1 1 1 5 1 1 1 1 1 1 |3 1 1 4 1 3 1 |1 1 1 1 6 1 1 2 1 6 1 1 1 |1 6 1 1 1 1 5 1 1 3 6 1 1 1 1 2 1 1 1 1 |1 1 1 1 1 1 1 1 1 1 1 1 1 1 1 3 |1 1 1 1 1 1 1 1 1 1 1 1 1 1 |1 1 1 1 1 1 1 1 1 |4 1 1 1 1 1 4 1 1 1 1 1 |6 1 1 6 1 2 1 1 1 1 1 1 1 5 |1 1 1 1 1 1 1 1 1 1 1 1 |1 1 1 1 1 3 1 1 1 1 1 1 1 1 |1 1 1 1 1 1 1 1 1 |1 1 1 1 6 1 1 1 1 1 1 1 1 |1 1 1 1 1 1 1 6 1 1 1 1 1 3 1 1 1 |6 6 1 1 4 1 6 1 1 1 1 1 1 1 1 |4 1 6 1 1 1 1 3 2 |1 5 1 1 1 1 1 1 1 1 1 1 |1 1 1 1 1 3 1 1 1 6 1 1 |1 1 6 1 1 1 1 1 1 1 1 1 6 1 1 6 1 |1 3 1 4 3 1 |1 6 1 6 1 1 1 4 1 1 2 1 1 3 |1 1 1 1 1 1 1 |1 1 1 1 1 |6 1 6 2 1 1 1 1 1 1 1 3 |1 1 1 1 1 1 1 1 1 1 1 1 1 1 6 1 4 1 3 |5 1 1 1 1 1 1 1 1 1 1 6 1 1 1 |1 3 1 1 1 1 6 |1 1 1 3 1 |6 6 1 1 1 1 1 1 4 1 1 1 1 1 1 |1 1 1 1 2 1 1 1 1 |1 2 1 1 6 1 1 1 1 1 1 1 1 6 1 1 1 1 |1 1 1 1 1 1 1 6 |1 1 1 1 6 1 4 1 4 1 1 1 1 1 1 5 1 3 3 |1 1 1 1 1 1 1 1 1 1 1 1 1 1 1 1 1 1 1 |1 5 1 6 1 1 1 1 1 1 1 1 1 |1 1 1 1 1 1 1 1 1 4 1 1 1 1 3 2 |1 1 1 1 1 1 1 |1 1 6 1 1 1 6 6 1 1 1 4 6 6 2 6 1 1 |1 1 1 1 1 1 1 1 6 6 6 1 6 1 1 6 1 1 6 |1 1 3 1 1 1 1 1 6 1 1 1 1 1 1 1 |1 1 1 1 1 2 1 1 1 1 1 1 1 |1 1 6 1 1 |1 1 1 1 1 1 1 1 1 1 1 6 1 3 1 1 |1 1 6 1 1 1 1 1 |realPatrol = 1200|fitness = 1003.4614704141164

第42个BestWave: 
1 1 3 4 6 1 1 3 3 1 1 1 1 1 1 |1 1 1 1 1 1 1 5 6 6 1 1 6 1 1 5 1 1 1 1 |6 1 5 1 1 1 1 1 |1 1 1 3 1 1 1 |1 1 1 1 1 1 1 5 1 1 1 1 1 4 1 6 |2 1 1 1 1 1 1 1 1 1 1 1 4 1 |1 4 1 1 1 1 1 1 1 5 1 1 1 1 1 6 |6 1 1 1 1 |1 1 1 1 1 1 1 |1 1 1 1 1 1 5 1 6 1 1 1 1 1 6 |1 1 1 1 1 1 5 1 1 1 1 1 1 1 1 |1 1 1 1 1 1 1 1 1 1 |1 1 1 1 5 |1 1 1 1 1 1 1 1 1 1 1 1 |1 1 1 1 1 1 1 1 1 1 1 6 1 1 1 1 |1 1 1 1 1 1 1 1 |1 1 3 1 1 1 1 1 1 1 5 1 1 1 1 1 1 |4 1 1 4 1 4 1 |1 1 1 1 6 1 1 1 1 6 1 1 1 |1 6 1 1 1 1 6 1 1 4 4 1 1 1 1 1 1 1 1 1 |1 1 1 1 1 1 1 1 1 1 1 1 3 1 1 3 |1 1 1 1 1 1 1 1 1 1 2 1 1 1 |1 1 1 1 1 1 1 1 1 |1 1 1 1 1 1 5 1 1 1 1 1 |6 1 1 5 1 1 1 1 1 1 1 1 1 4 |1 1 1 1 1 1 1 1 1 1 1 1 |1 1 1 1 1 1 1 1 1 1 1 1 1 1 |1 1 1 1 1 1 1 1 1 |1 1 1 1 6 1 1 1 1 1 1 1 1 |1 1 1 1 1 1 1 6 1 1 1 1 1 4 1 1 1 |6 6 1 1 4 1 6 1 1 1 1 1 1 1 1 |3 1 6 1 1 1 1 6 1 |1 6 1 1 1 1 1 1 1 1 1 1 |1 1 1 1 1 5 1 1 1 6 1 1 |1 1 6 1 1 1 1 1 1 1 1 3 6 1 1 6 1 |1 5 1 3 5 1 |1 6 1 5 1 1 1 5 1 1 1 1 1 1 |1 1 1 1 1 1 1 |1 1 1 1 1 |6 1 6 1 1 1 1 1 1 1 1 1 |1 1 1 1 1 1 1 1 1 1 1 1 1 1 6 1 3 1 3 |5 1 2 1 1 1 1 1 1 1 2 6 1 1 1 |1 1 1 1 1 1 6 |3 1 1 4 1 |6 5 4 1 1 1 1 1 6 1 1 1 1 1 1 |1 1 1 1 1 1 1 1 1 |1 1 1 1 6 1 1 1 1 1 1 1 1 6 1 4 1 1 |1 1 1 1 1 1 1 6 |1 1 1 1 6 1 3 1 3 1 1 1 1 1 1 6 1 1 1 |1 1 1 1 1 1 1 1 1 1 1 1 1 1 1 1 1 1 1 |1 3 1 6 1 1 1 1 1 1 1 1 1 |1 1 1 1 1 1 1 1 1 5 1 1 1 1 1 1 |1 1 1 1 1 1 1 |1 1 6 1 1 1 6 6 1 1 1 3 6 5 1 6 1 1 |1 1 1 1 1 1 1 1 6 6 6 1 5 1 1 6 1 1 6 |1 1 1 1 1 1 1 1 6 1 1 1 1 1 1 1 |1 1 1 1 1 1 1 1 1 1 1 1 1 |1 1 4 1 1 |1 1 1 1 1 6 1 1 1 1 1 6 1 1 1 1 |1 1 6 1 1 1 1 1 |realPatrol = 1200|fitness = 999.0045229012492

第43个BestWave: 
1 1 1 5 6 2 1 4 4 2 1 1 1 1 1 |3 1 1 1 1 1 1 1 6 6 1 1 6 1 1 5 1 1 1 1 |6 1 4 1 1 1 1 1 |1 1 1 1 1 1 1 |1 1 1 1 1 1 4 5 1 1 1 1 1 1 1 6 |4 1 1 1 1 1 1 1 1 1 1 1 4 1 |1 5 1 1 1 1 1 1 1 6 1 1 1 1 1 6 |6 1 1 1 1 |1 1 1 1 1 1 1 |1 1 1 1 1 1 6 1 6 1 1 1 1 1 5 |1 1 1 1 1 1 1 1 1 1 1 1 1 1 1 |1 1 1 1 1 1 1 1 1 1 |1 1 1 1 4 |1 1 1 1 1 1 1 1 1 1 1 1 |1 1 1 1 1 1 1 1 1 1 1 6 1 1 3 1 |1 1 1 1 1 1 1 1 |1 1 1 1 1 1 1 1 1 1 6 1 1 1 1 1 1 |1 1 1 3 1 4 1 |1 1 1 1 6 1 1 1 1 6 1 1 1 |1 6 1 1 1 1 6 1 1 4 1 1 1 1 3 1 1 1 1 1 |1 1 1 1 1 1 1 1 1 1 1 1 3 1 1 4 |1 1 1 1 1 1 1 1 1 1 3 1 1 1 |1 1 1 1 1 1 1 1 1 |4 1 1 1 1 1 4 1 1 1 1 1 |6 1 1 6 1 1 1 1 1 1 1 1 1 4 |1 1 1 1 1 1 1 1 1 1 1 1 |1 1 1 1 1 3 1 1 1 1 1 1 1 1 |1 1 1 1 1 1 1 1 1 |1 1 1 4 6 1 1 1 1 1 1 1 1 |1 1 1 1 1 1 1 6 1 1 1 1 1 1 1 1 1 |5 6 1 1 4 1 6 1 1 1 1 1 1 1 1 |6 1 6 1 1 1 1 1 1 |1 6 1 1 1 1 1 1 1 1 1 1 |1 1 1 1 1 1 1 1 1 6 1 1 |1 1 6 1 1 1 1 1 1 1 1 1 6 1 1 6 1 |1 5 1 4 3 1 |1 6 1 6 1 1 1 2 2 1 4 1 1 2 |1 1 1 1 1 1 1 |1 1 1 1 1 |6 1 6 5 6 1 1 1 1 1 1 5 |1 1 1 1 1 1 1 1 1 1 1 1 1 1 6 1 3 1 3 |5 1 1 1 1 1 1 1 1 1 1 6 1 1 1 |1 1 1 1 1 1 5 |1 1 1 3 1 |6 5 3 1 1 1 1 1 6 1 1 1 1 1 1 |1 1 1 1 4 1 1 1 1 |2 1 1 1 6 1 1 1 1 1 1 1 1 6 1 4 1 1 |1 1 1 1 1 1 1 6 |1 1 1 1 6 1 1 1 1 1 1 1 1 1 1 3 1 1 3 |1 1 1 1 1 1 1 1 1 1 1 1 1 4 1 1 1 1 1 |1 4 1 5 1 1 1 1 1 1 1 1 1 |1 1 1 1 1 1 1 1 1 6 1 1 1 1 1 1 |1 1 1 1 1 1 1 |1 1 6 1 1 1 6 6 1 1 1 3 6 6 1 6 1 1 |1 1 1 1 1 1 1 1 5 6 6 1 6 1 1 6 1 1 6 |1 1 4 1 1 1 1 1 6 1 1 1 1 1 1 1 |1 1 1 1 1 1 1 1 1 1 1 1 1 |1 1 3 1 1 |1 1 1 1 1 1 1 1 1 1 1 6 1 1 1 1 |1 1 6 1 1 1 1 1 |realPatrol = 1200|fitness = 1002.7296870225167

第44个BestWave: 
1 1 1 4 6 1 1 4 3 1 1 1 1 1 1 |1 1 1 1 1 1 1 6 5 6 2 1 6 1 1 5 1 1 1 1 |6 1 3 1 1 1 1 1 |1 1 1 3 1 1 1 |1 1 1 1 1 1 4 4 1 1 1 1 1 4 1 6 |3 1 1 1 1 1 1 1 1 1 1 1 4 1 |1 4 1 1 1 1 1 1 1 6 1 1 1 1 1 6 |6 1 1 1 1 |1 1 1 1 1 1 1 |1 1 1 1 1 1 6 1 6 1 1 1 1 1 6 |1 1 1 1 1 1 3 1 1 1 1 1 1 1 1 |1 1 1 1 1 1 1 1 1 1 |1 1 1 1 3 |2 1 1 1 1 1 1 1 1 1 1 1 |1 1 1 1 1 1 1 1 1 1 2 6 1 1 1 1 |1 1 1 1 1 1 1 1 |1 1 1 1 1 1 1 1 1 1 5 1 1 1 1 1 1 |3 1 1 3 1 3 1 |1 1 1 1 6 1 1 1 1 6 1 1 1 |1 6 1 1 1 1 6 1 1 1 4 1 1 1 3 1 1 1 1 1 |1 1 1 1 1 1 1 1 1 1 1 1 3 1 1 1 |1 1 1 1 1 1 1 1 1 1 3 1 1 1 |1 1 1 1 1 1 1 1 1 |4 1 1 1 1 1 4 1 1 1 1 1 |6 1 1 6 1 1 1 1 1 1 1 1 1 3 |1 1 1 1 1 1 1 1 1 1 1 1 |1 1 1 1 1 1 1 1 1 1 1 1 1 1 |1 1 1 1 1 1 1 1 1 |1 1 1 1 6 1 1 1 1 1 1 1 1 |1 1 1 1 1 1 1 4 1 1 1 1 1 1 1 3 1 |6 6 1 1 4 1 6 1 1 1 1 1 1 1 1 |3 1 6 1 1 1 1 1 1 |1 6 1 1 1 1 1 1 1 1 2 1 |1 1 1 1 1 1 1 1 1 6 1 1 |1 1 6 1 1 1 1 1 1 1 1 3 6 1 1 6 1 |1 4 1 3 4 2 |1 6 1 6 1 1 1 6 3 1 3 1 1 3 |1 1 1 1 1 1 1 |1 1 1 1 1 |6 1 6 2 3 1 1 1 1 1 1 1 |1 1 1 1 1 1 1 1 1 1 1 1 1 1 5 1 4 1 4 |4 1 1 1 1 1 1 1 1 1 1 6 1 1 1 |1 1 1 1 1 1 5 |1 1 1 1 1 |6 6 6 1 1 1 1 1 6 1 1 1 1 1 1 |1 1 1 1 1 1 1 1 1 |1 1 1 1 6 1 1 1 1 1 1 1 1 6 1 4 1 1 |1 1 1 1 1 1 1 6 |1 1 1 1 6 1 4 1 3 1 1 1 1 1 1 5 1 4 4 |1 1 1 1 1 1 1 1 1 1 1 1 1 2 1 1 1 1 1 |1 5 1 5 1 1 1 1 1 1 1 1 1 |1 1 1 1 1 1 1 1 1 5 1 1 1 1 1 1 |1 1 1 1 1 1 1 |1 1 6 1 1 1 6 6 1 1 1 4 6 6 1 6 1 1 |1 1 1 1 1 1 1 1 6 6 6 1 6 1 1 6 1 2 6 |1 1 5 1 1 1 1 1 5 1 1 1 1 1 1 1 |1 1 1 1 1 1 1 1 1 1 1 1 1 |1 1 4 1 1 |1 1 1 1 1 1 1 1 1 1 1 6 1 1 1 1 |1 1 6 1 1 1 1 1 |realPatrol = 1200|fitness = 1003.309130408048

第45个BestWave: 
1 1 2 3 6 6 1 1 1 1 1 1 1 1 1 |3 1 1 1 1 1 1 1 6 6 1 1 6 1 1 5 1 1 1 1 |6 1 4 1 1 1 1 1 |1 1 1 1 1 1 1 |1 1 1 1 1 1 4 4 1 1 1 1 1 3 1 5 |3 1 1 1 1 1 1 2 1 1 1 1 4 1 |1 3 1 1 1 1 1 1 1 6 1 1 1 1 1 6 |6 1 1 1 1 |1 1 1 1 1 1 1 |1 1 1 1 1 1 5 1 6 1 1 1 1 1 6 |1 1 1 1 1 1 1 1 1 1 1 1 1 1 1 |1 1 1 1 1 1 1 1 1 1 |1 1 1 1 4 |4 1 1 1 1 1 1 1 1 1 1 1 |1 1 1 1 1 1 1 1 1 1 1 6 1 1 1 1 |1 1 1 1 1 1 1 1 |1 1 1 1 1 1 1 1 1 1 4 1 1 1 1 1 1 |3 1 1 4 1 3 1 |1 1 1 1 6 1 1 1 1 6 1 1 1 |1 6 1 1 1 1 6 1 1 4 6 3 1 1 1 1 1 1 1 1 |1 1 1 1 1 1 1 1 1 1 1 1 1 1 1 3 |1 1 1 1 1 1 1 1 1 1 1 1 1 1 |1 1 1 1 1 1 1 1 1 |1 1 1 1 1 1 4 1 1 1 1 1 |4 1 1 5 1 1 1 1 1 1 1 1 1 4 |1 1 1 1 1 1 1 1 1 1 1 1 |1 1 1 1 1 1 1 1 1 1 1 1 1 1 |1 1 1 1 1 1 1 1 1 |1 1 1 3 6 1 1 1 1 1 1 1 1 |1 1 1 1 1 1 1 6 1 1 1 1 1 1 1 2 1 |6 6 1 1 6 1 6 1 1 1 1 1 1 1 1 |4 1 6 1 1 1 1 4 1 |1 3 1 1 1 1 1 1 1 1 2 1 |1 1 1 1 1 4 1 1 1 6 1 1 |1 1 6 1 1 1 1 1 1 1 1 2 6 1 1 5 1 |1 5 1 2 3 1 |1 6 1 5 1 1 1 6 4 1 4 1 1 1 |1 1 1 1 1 1 1 |1 2 1 1 1 |6 1 6 3 4 1 1 1 4 1 1 1 |1 1 1 1 1 1 1 1 1 1 1 1 1 1 6 1 4 1 3 |5 1 1 1 1 1 1 1 1 1 1 6 1 1 1 |1 1 1 1 1 1 5 |1 1 1 3 1 |6 5 4 1 1 1 1 1 6 1 1 1 1 1 1 |1 1 1 1 3 1 1 1 1 |1 2 1 1 6 1 1 1 1 1 1 1 1 6 1 4 1 1 |1 1 1 1 1 1 1 6 |1 1 1 1 6 1 5 1 1 1 1 1 1 1 1 4 1 3 1 |1 1 1 1 1 1 1 1 1 1 1 1 1 2 1 1 1 1 1 |1 4 1 6 1 1 1 1 1 1 1 1 1 |1 1 1 1 1 1 1 1 1 5 1 1 1 1 3 1 |1 1 1 1 1 1 1 |1 1 6 1 1 1 6 6 1 1 1 4 6 1 1 6 1 1 |1 1 1 1 1 1 1 1 4 6 6 1 6 1 1 6 1 1 6 |1 1 4 1 1 1 1 1 6 1 1 1 1 1 1 1 |1 1 1 1 1 1 1 1 1 1 1 1 1 |1 1 4 1 1 |1 1 1 1 1 5 1 1 1 1 1 6 1 5 1 1 |1 1 6 1 1 1 1 1 |realPatrol = 1200|fitness = 1000.5321001492853

第46个BestWave: 
1 1 3 4 6 1 1 5 1 3 1 1 1 1 1 |1 1 1 1 1 1 1 5 6 6 4 1 6 1 1 5 1 1 1 1 |6 1 5 1 1 1 1 1 |1 1 1 3 1 1 1 |1 1 1 1 1 1 5 4 1 1 1 1 1 2 1 5 |4 1 1 1 1 1 1 1 1 1 1 1 4 1 |1 5 1 1 1 1 1 1 1 6 1 1 1 1 1 6 |6 1 1 1 1 |1 1 1 1 1 1 1 |1 1 1 1 1 1 6 1 6 1 1 1 1 1 6 |1 1 1 1 1 1 1 1 1 1 1 1 1 1 1 |1 1 1 1 1 1 1 1 1 1 |1 1 1 1 3 |5 1 1 1 1 1 1 1 1 1 1 1 |1 1 1 1 1 1 1 1 1 1 1 6 1 1 2 1 |1 1 1 1 1 1 1 1 |1 1 1 1 1 1 1 1 1 1 4 1 1 1 1 1 1 |4 1 1 1 1 4 1 |1 1 1 1 6 1 1 1 1 6 1 1 1 |1 6 1 1 1 1 6 1 1 3 1 1 1 1 2 3 1 1 1 1 |1 1 1 1 1 1 1 1 1 1 1 1 2 1 1 3 |1 1 1 1 1 1 1 1 1 1 1 1 1 1 |1 1 1 1 1 1 1 1 1 |3 1 1 1 1 1 6 1 1 1 1 1 |5 1 1 6 1 1 1 1 1 1 1 1 1 3 |1 1 1 1 1 1 1 1 1 1 1 1 |1 1 1 1 1 1 1 1 1 1 1 1 1 1 |1 1 1 1 1 1 1 1 1 |1 1 1 1 6 1 1 1 1 1 1 1 1 |1 1 1 1 1 1 1 6 1 1 1 1 1 2 1 1 1 |6 6 1 1 4 1 6 1 1 1 1 1 4 1 1 |5 1 6 1 1 1 1 4 1 |1 5 1 1 1 1 1 1 1 1 1 1 |1 1 1 1 1 2 1 1 1 6 1 1 |1 1 6 1 1 1 1 1 1 1 1 3 6 1 1 6 1 |1 4 1 3 2 2 |1 6 1 6 1 1 1 1 1 1 4 1 1 1 |1 1 1 1 1 1 1 |1 1 1 1 1 |6 1 6 2 3 1 1 1 1 1 1 3 |1 1 1 1 1 1 1 1 1 1 1 1 1 1 6 1 4 1 3 |5 1 1 1 1 1 1 1 1 1 1 6 1 1 1 |1 1 1 1 1 1 6 |1 1 1 1 1 |6 6 3 1 1 1 1 1 5 1 1 1 1 1 1 |1 1 1 1 1 1 1 1 1 |1 2 1 1 6 1 1 1 1 1 1 1 1 6 1 4 1 1 |1 1 1 1 1 1 1 6 |1 1 1 1 6 1 4 1 3 1 1 1 1 1 1 4 1 1 2 |1 1 1 1 1 1 1 1 1 1 1 1 1 2 1 1 1 1 1 |1 5 1 5 1 2 1 1 1 1 1 1 1 |1 1 1 1 1 1 1 1 1 5 1 1 1 1 1 1 |1 1 1 1 1 1 1 |1 1 6 1 1 1 6 6 1 1 1 3 6 5 1 6 1 1 |1 1 1 1 1 1 1 1 6 6 6 1 6 1 1 6 1 4 6 |1 1 2 1 1 1 1 1 6 1 1 1 1 1 1 1 |1 1 1 1 1 1 1 1 1 1 1 1 1 |1 1 4 1 1 |1 1 1 1 1 1 1 1 1 1 1 6 1 3 1 1 |1 1 6 1 1 1 1 1 |realPatrol = 1200|fitness = 1006.2761404761732

第47个BestWave: 
1 1 4 4 6 1 1 1 3 1 1 1 1 1 1 |1 1 1 1 1 1 1 1 6 6 1 1 6 1 1 5 1 1 1 1 |6 1 5 1 1 1 1 1 |1 1 1 1 1 1 1 |1 1 1 1 1 1 5 4 1 1 1 1 1 3 1 6 |4 1 1 1 1 1 1 1 1 1 1 1 6 1 |1 6 1 1 1 1 1 1 1 6 1 1 1 1 1 6 |6 1 1 1 1 |1 1 1 1 1 1 1 |1 1 1 1 1 1 4 1 6 1 1 1 1 1 6 |1 1 1 1 1 1 1 1 1 1 1 1 1 1 1 |1 1 1 1 1 1 1 1 1 1 |1 1 1 1 4 |4 1 1 1 1 1 1 1 1 1 1 1 |1 2 1 1 1 1 1 1 1 1 1 6 1 1 3 1 |1 1 1 1 1 1 1 1 |1 1 1 1 1 1 1 1 1 1 6 1 1 1 1 1 1 |3 1 1 5 1 5 1 |1 1 1 1 6 1 1 1 1 6 1 1 1 |1 6 1 1 1 1 6 1 1 1 6 3 1 1 3 1 1 1 1 1 |1 1 1 1 1 1 1 1 1 1 1 1 1 1 1 3 |1 1 1 1 1 1 1 1 1 1 2 1 1 1 |1 1 1 1 1 1 1 1 1 |6 1 1 1 1 1 4 1 2 1 1 1 |6 1 1 1 1 1 1 1 1 1 1 1 1 4 |1 1 1 1 1 1 1 1 1 1 1 1 |1 1 1 1 1 1 1 1 1 1 1 1 1 1 |1 1 1 1 1 1 1 1 1 |1 1 1 1 6 1 1 1 1 1 1 1 1 |1 1 1 1 1 1 1 6 1 1 1 1 1 1 1 1 1 |6 6 1 1 3 1 5 1 1 1 1 1 1 1 1 |4 1 6 1 1 1 1 4 1 |1 6 1 1 1 1 1 1 1 1 1 1 |1 1 1 1 1 1 1 1 1 6 1 1 |1 1 1 1 1 1 1 1 2 1 1 3 6 1 1 6 1 |1 4 1 3 2 2 |1 6 1 6 1 1 1 4 1 1 3 1 1 4 |1 1 1 1 1 1 1 |1 1 1 1 1 |6 1 6 3 6 1 1 1 1 1 1 3 |1 1 1 1 1 1 1 1 1 1 1 1 1 1 6 1 1 1 5 |4 1 4 1 1 1 1 1 1 1 1 6 1 1 1 |1 1 1 1 1 1 6 |1 1 1 1 1 |6 6 3 1 1 1 1 1 6 1 1 1 1 1 1 |1 1 1 1 1 1 1 1 1 |1 1 1 1 6 1 1 1 1 1 1 1 1 6 1 5 1 1 |1 1 1 1 1 1 1 6 |1 1 1 1 6 1 5 1 1 1 1 1 1 1 1 5 1 1 1 |1 1 1 1 1 1 1 1 1 1 1 1 1 1 1 1 1 1 1 |1 3 1 6 1 1 1 1 1 1 1 1 1 |1 1 1 1 1 1 1 1 1 5 1 1 1 1 4 1 |1 1 1 1 1 1 1 |1 1 6 1 1 1 6 6 1 1 1 2 6 6 1 6 1 1 |1 1 1 1 1 1 1 1 5 6 6 1 6 1 1 6 1 1 6 |1 1 2 1 1 1 1 1 6 1 1 1 1 1 1 1 |1 1 1 1 1 1 1 1 1 1 1 1 1 |1 1 5 1 1 |1 1 1 1 1 1 1 1 1 1 1 6 1 5 1 1 |1 1 6 1 1 1 1 1 |realPatrol = 1200|fitness = 1003.1893597984689

第48个BestWave: 
1 1 1 3 6 6 1 4 1 1 1 1 1 1 1 |5 1 1 1 1 1 1 3 6 6 1 1 6 1 1 4 1 1 1 1 |6 1 4 1 1 1 1 1 |1 1 1 1 1 1 1 |1 1 1 1 1 1 5 4 1 1 1 1 1 1 1 6 |3 1 1 1 1 1 1 1 1 1 1 1 4 1 |1 5 1 1 1 1 1 1 1 6 1 1 1 1 1 4 |6 1 1 1 1 |1 1 1 1 1 1 1 |1 1 1 1 1 1 6 1 6 1 1 1 1 1 6 |1 1 1 1 3 1 1 1 1 1 1 1 1 1 1 |1 1 1 1 1 1 1 1 1 1 |1 1 1 1 4 |4 1 1 1 1 1 1 1 1 1 1 1 |1 2 1 1 1 1 1 1 1 1 1 6 1 1 1 1 |1 1 1 1 1 1 1 1 |1 1 1 1 1 1 1 1 1 1 4 1 1 1 1 1 1 |3 1 1 5 1 4 1 |1 1 1 1 6 1 1 1 1 6 1 1 1 |1 6 1 1 1 1 5 1 1 1 6 1 1 1 1 3 1 1 1 1 |1 1 1 1 1 1 1 1 1 1 1 1 1 1 1 4 |1 1 1 1 1 1 1 1 1 1 1 1 1 1 |1 1 1 1 1 1 1 1 1 |6 1 1 1 1 1 6 1 1 1 1 1 |6 1 1 6 1 1 1 1 1 1 1 1 1 5 |1 1 1 1 1 1 1 1 1 1 1 1 |1 1 1 1 1 1 1 1 1 1 1 1 1 1 |1 1 1 1 1 1 1 1 1 |1 1 1 1 6 1 1 1 1 1 1 1 1 |1 1 1 1 1 1 1 3 1 1 1 1 1 3 1 1 1 |6 6 1 1 5 1 6 1 1 1 1 1 1 1 1 |6 1 6 1 1 1 1 1 1 |1 6 1 1 1 1 1 1 1 1 3 1 |1 1 1 1 1 1 1 1 1 6 1 1 |1 1 5 1 1 1 1 1 1 1 1 1 6 1 1 6 1 |1 3 1 4 3 1 |1 6 1 4 1 1 1 4 3 1 1 1 1 1 |1 1 1 1 1 1 1 |1 3 1 1 1 |6 1 6 3 4 1 1 1 1 1 1 5 |1 1 1 1 1 1 1 1 1 1 1 1 1 1 4 1 3 1 2 |5 1 1 1 1 1 1 1 1 1 1 6 1 1 1 |1 1 1 1 1 1 6 |1 1 1 1 1 |6 6 4 1 1 1 1 1 6 1 1 1 1 1 1 |1 1 1 1 3 1 1 1 1 |1 1 1 1 6 1 1 1 1 1 1 1 1 6 1 4 1 1 |1 1 1 1 1 1 1 6 |1 1 1 1 6 1 4 1 5 1 1 1 1 1 1 4 1 1 3 |1 1 1 1 1 1 1 1 1 1 1 1 1 3 1 1 1 1 1 |1 4 1 6 1 1 1 1 1 1 1 1 1 |1 1 1 1 1 1 1 1 1 6 1 1 1 1 1 1 |1 1 1 1 1 1 1 |1 1 4 1 1 1 6 6 1 1 1 4 6 6 1 6 1 1 |1 1 1 1 1 1 1 1 6 6 6 1 5 1 1 6 1 1 6 |1 1 3 1 1 1 1 1 5 1 1 1 1 1 1 1 |1 1 1 1 1 1 1 1 1 1 1 1 1 |1 1 5 1 1 |1 1 1 1 1 1 1 1 1 1 1 6 1 1 1 1 |1 1 6 1 1 1 1 1 |realPatrol = 1200|fitness = 1001.9395499883104

第49个BestWave: 
1 1 1 5 6 6 1 1 3 1 1 1 1 1 1 |4 1 1 1 1 1 1 6 6 6 1 1 6 1 1 3 1 1 1 1 |6 1 4 1 1 1 1 1 |1 1 1 1 1 1 1 |1 1 1 1 1 1 4 4 1 1 1 1 1 1 1 6 |4 1 1 1 1 1 1 1 1 1 1 1 5 1 |1 5 1 1 1 1 1 3 1 6 1 1 1 1 1 6 |6 1 1 1 1 |1 1 1 1 1 1 1 |1 1 1 1 1 1 5 1 6 1 1 1 1 1 6 |1 1 1 2 1 1 3 1 1 1 1 1 1 1 1 |1 1 1 1 1 1 1 1 1 1 |1 1 1 1 3 |4 1 1 1 1 1 1 1 1 1 1 1 |1 1 1 1 1 1 1 1 1 1 1 6 1 1 1 1 |1 1 1 1 1 1 1 1 |1 1 3 1 1 1 1 1 1 1 5 1 1 1 1 1 1 |3 1 1 3 1 4 1 |1 1 1 1 6 1 1 1 1 6 1 1 1 |1 6 1 1 1 1 6 1 1 4 6 1 1 1 1 1 1 1 1 1 |1 1 1 1 1 1 1 1 1 1 1 1 2 1 1 1 |1 1 1 1 1 1 1 1 1 1 1 1 1 1 |1 1 1 1 1 1 1 1 1 |4 1 1 1 1 1 4 1 2 1 1 1 |6 1 1 6 1 1 1 1 1 1 1 1 1 5 |1 1 1 1 1 1 1 1 1 1 1 1 |1 1 1 1 1 1 1 1 1 1 1 1 1 1 |1 1 1 1 1 1 1 1 1 |1 1 1 1 6 1 1 1 2 1 1 1 1 |1 1 1 1 1 1 1 5 1 1 1 1 1 3 1 1 1 |6 6 1 1 4 1 6 1 1 1 1 1 1 1 1 |5 1 6 1 1 1 1 5 1 |1 6 1 1 1 1 1 1 1 1 1 1 |1 1 1 1 1 1 1 1 1 5 1 1 |1 1 6 1 1 1 1 1 1 1 1 1 6 1 1 6 1 |1 4 1 1 3 1 |1 5 1 5 1 1 1 1 1 1 1 1 1 1 |1 1 1 1 1 1 1 |1 1 1 1 2 |6 1 6 1 4 1 1 1 1 1 1 3 |1 1 1 1 1 1 1 1 1 1 1 1 1 1 6 1 4 1 3 |6 1 3 1 1 1 1 1 1 1 1 6 1 1 1 |1 1 1 1 1 1 6 |3 1 1 2 1 |6 6 1 1 1 1 1 1 6 1 1 1 1 1 1 |1 1 1 1 1 1 1 1 1 |1 1 1 1 6 1 1 1 1 1 1 1 1 6 1 5 1 1 |1 1 1 1 1 1 1 6 |1 1 1 1 6 1 1 1 4 1 1 1 1 1 1 5 1 1 4 |1 1 1 1 1 1 1 1 1 1 1 1 1 1 1 1 1 1 1 |1 3 1 6 1 1 1 1 1 1 1 1 1 |1 5 1 1 1 1 1 1 1 6 1 1 1 1 1 1 |1 1 1 1 1 1 1 |1 1 6 1 1 1 6 6 1 1 1 3 6 1 1 6 1 1 |1 1 1 1 1 1 1 1 1 6 6 1 6 1 1 6 1 3 6 |1 1 3 1 1 1 1 1 5 1 1 1 1 1 1 1 |1 1 1 1 1 1 1 1 1 1 1 1 1 |1 1 4 1 1 |1 1 1 1 1 6 1 1 1 1 1 6 1 4 1 1 |1 1 6 1 1 1 1 1 |realPatrol = 1200|fitness = 996.9864441253228

第50个BestWave: 
1 1 1 3 6 4 1 1 3 4 1 1 1 1 1 |4 1 1 1 1 1 1 5 6 6 1 1 6 1 1 5 1 1 1 1 |6 1 5 1 1 1 1 1 |1 1 1 4 1 1 1 |1 1 1 1 1 1 5 4 1 1 1 1 1 2 1 1 |1 1 1 1 1 1 1 1 1 1 1 1 6 1 |1 1 1 1 1 1 1 1 1 6 1 1 1 1 1 6 |6 1 1 1 1 |1 1 1 1 1 1 1 |1 1 1 1 1 1 5 1 6 1 1 1 1 1 6 |1 1 1 1 1 1 1 1 1 1 1 1 1 1 1 |1 1 1 1 1 1 1 1 1 1 |1 1 1 1 3 |1 1 1 1 1 1 1 1 1 1 1 1 |1 1 1 1 1 1 1 1 1 1 1 5 1 1 2 1 |1 1 1 1 1 1 1 1 |1 1 2 1 1 1 1 1 1 1 5 1 1 1 1 1 1 |1 1 1 1 1 4 1 |1 1 1 1 6 1 1 3 1 6 1 1 1 |1 6 1 1 1 1 5 1 1 4 5 1 1 1 1 4 1 1 1 1 |1 1 1 1 1 1 1 1 1 1 1 1 1 1 1 4 |1 1 1 1 1 1 1 1 1 1 2 1 1 1 |1 1 1 1 1 1 1 1 1 |3 1 1 1 1 1 4 1 1 1 1 1 |6 1 1 6 1 1 1 1 1 1 1 1 1 4 |1 1 1 1 1 1 1 1 1 1 1 1 |1 1 1 1 1 3 1 1 1 1 1 1 1 1 |1 1 1 1 1 1 1 1 1 |1 1 1 4 6 1 1 1 1 1 1 1 1 |1 1 1 1 1 1 1 6 1 1 1 1 1 1 1 1 1 |6 6 1 1 5 1 6 1 1 1 1 1 1 1 1 |6 1 6 1 1 1 1 1 1 |1 6 1 1 1 1 1 1 1 1 2 1 |1 1 1 1 1 1 1 1 1 6 1 1 |1 1 6 1 1 1 1 1 2 1 1 3 5 1 1 6 1 |1 4 1 3 3 1 |1 6 1 6 1 1 1 1 1 1 1 1 1 3 |1 1 1 1 1 1 1 |1 1 1 1 1 |6 1 6 3 3 1 1 1 2 1 1 1 |1 1 1 1 1 1 1 1 1 1 1 1 1 1 5 1 3 1 4 |4 1 1 1 1 1 1 1 1 1 1 6 1 1 1 |1 1 1 1 1 1 6 |4 1 1 1 1 |6 5 4 1 1 1 2 1 6 1 1 1 1 1 1 |1 1 1 1 2 1 1 1 1 |1 1 1 1 6 1 1 1 1 1 1 2 1 6 1 5 1 1 |1 1 1 1 1 1 1 6 |1 1 1 1 6 1 5 1 5 1 1 1 1 1 1 3 1 1 3 |1 1 1 1 1 1 1 1 1 1 1 1 1 3 1 1 1 1 1 |1 4 1 6 1 1 1 1 1 1 1 1 1 |1 3 1 1 1 1 1 1 1 6 1 1 1 1 1 1 |1 1 1 1 1 1 1 |1 1 6 1 1 1 6 6 1 1 1 5 6 6 1 6 1 1 |1 1 1 1 1 1 1 1 5 6 6 1 6 1 1 6 1 1 6 |1 1 3 1 1 1 1 1 6 1 1 1 1 1 1 1 |1 1 1 1 1 1 1 1 1 1 1 1 1 |1 1 4 1 1 |1 1 1 1 1 1 1 1 1 1 1 6 1 1 1 1 |1 1 6 1 1 1 1 1 |realPatrol = 1200|fitness = 1003.6430190220215

第51个BestWave: 
1 1 1 4 6 3 1 2 3 1 1 1 1 1 1 |1 1 1 1 1 1 1 4 5 6 1 1 6 1 1 4 1 1 1 1 |6 1 4 1 1 1 1 1 |1 1 1 4 1 1 1 |1 1 1 1 1 1 4 3 1 1 1 1 1 4 1 5 |4 1 1 1 1 1 1 1 1 1 1 1 3 1 |1 1 1 1 1 1 1 1 1 6 1 1 1 1 1 6 |6 1 1 1 1 |1 1 1 1 1 1 1 |1 1 1 1 1 1 5 1 6 1 1 1 1 1 5 |1 1 1 1 2 1 1 1 1 3 1 1 1 1 1 |1 1 1 1 1 1 1 1 1 1 |1 1 1 1 3 |4 1 1 1 1 1 1 1 1 1 1 1 |1 2 1 1 1 1 1 1 1 1 1 6 1 1 1 1 |1 1 1 1 1 1 1 1 |1 1 1 1 1 1 1 1 1 1 4 1 1 1 1 1 1 |3 1 1 4 1 3 1 |1 1 1 1 6 1 1 1 1 6 1 1 1 |1 6 1 1 1 1 6 1 1 1 5 1 1 1 1 1 1 1 1 1 |1 1 1 1 1 1 1 1 1 1 1 1 2 1 1 1 |1 1 1 1 1 1 1 1 1 1 1 1 1 1 |1 1 1 1 3 1 1 1 1 |4 1 1 1 1 1 3 1 1 1 1 1 |5 1 1 5 1 1 1 1 1 1 1 1 1 5 |1 1 1 1 1 1 1 1 1 1 1 1 |1 1 1 1 1 1 1 1 1 1 1 1 1 1 |1 1 1 1 1 1 1 1 1 |1 1 1 3 6 1 1 1 1 1 1 1 1 |1 1 1 1 1 1 1 6 1 1 1 1 1 2 1 1 1 |6 6 1 1 4 1 6 1 1 1 1 1 3 1 1 |1 1 6 1 1 1 1 3 1 |1 6 1 1 1 1 1 1 1 1 1 1 |1 1 1 1 1 3 1 1 1 6 1 1 |1 1 6 1 1 1 1 1 2 1 1 3 6 1 1 6 1 |1 5 1 3 4 2 |1 6 1 6 1 1 1 5 4 1 3 1 1 1 |1 1 1 1 1 1 1 |1 1 1 1 1 |6 1 6 3 5 1 1 1 1 1 1 4 |1 1 1 1 1 1 1 1 1 1 1 1 1 1 6 1 4 1 4 |3 1 1 1 1 1 1 1 1 1 1 6 1 1 1 |1 1 1 1 1 1 5 |1 1 1 1 1 |6 5 4 1 1 1 1 1 5 1 1 1 1 1 1 |1 1 1 1 2 1 1 1 1 |1 1 1 1 6 1 1 1 1 1 1 1 1 6 1 4 1 1 |1 1 1 1 1 1 1 6 |1 1 1 1 6 1 4 1 4 1 1 1 1 1 1 5 1 1 3 |1 1 1 1 1 1 1 1 1 1 1 1 1 3 1 1 1 1 1 |1 4 1 6 1 1 1 1 1 1 1 1 1 |1 1 1 1 1 1 1 1 1 5 1 1 1 1 2 1 |1 1 1 1 1 1 1 |1 1 6 1 1 1 6 6 1 1 2 4 6 5 1 6 1 1 |1 1 1 1 1 1 1 1 6 6 6 1 6 1 1 6 1 1 6 |1 1 1 1 1 1 1 1 5 1 1 1 1 1 1 1 |1 1 1 1 1 1 1 1 1 1 1 1 1 |1 3 3 1 1 |1 1 1 1 1 3 1 1 1 1 1 6 1 4 1 1 |1 1 6 1 1 1 1 1 |realPatrol = 1200|fitness = 1004.1015851831802

第52个BestWave: 
1 1 1 4 6 1 1 1 3 1 1 1 1 1 1 |1 1 1 1 1 1 1 1 6 6 1 1 6 1 1 4 1 1 1 1 |6 1 4 1 1 1 1 1 |1 1 1 1 1 1 1 |1 1 1 1 1 1 1 5 1 1 1 1 1 4 1 6 |3 1 1 1 1 1 1 1 1 1 1 1 4 1 |1 5 1 1 1 1 1 1 1 6 1 1 1 1 1 6 |6 1 1 1 1 |1 1 1 1 1 1 1 |1 1 1 1 1 1 6 1 6 1 1 1 1 1 5 |1 1 1 1 1 1 1 1 1 1 1 1 1 1 1 |1 1 1 1 1 1 1 1 1 1 |1 1 1 1 4 |6 1 1 1 1 1 1 1 1 1 1 1 |1 1 1 1 1 1 1 1 1 1 1 6 1 1 4 1 |1 1 1 1 1 1 1 1 |1 1 1 1 1 1 1 1 1 1 4 1 1 1 1 1 1 |3 1 1 4 1 5 1 |1 1 1 1 6 1 1 3 1 6 1 1 1 |1 6 1 1 1 1 6 1 1 3 3 1 1 1 1 1 1 1 1 1 |1 1 1 1 1 1 1 1 1 1 1 1 3 1 1 2 |1 1 1 1 1 1 1 1 1 1 1 1 1 1 |1 1 1 1 1 1 1 1 1 |3 1 1 1 1 1 3 1 1 1 1 1 |6 1 1 5 1 1 1 1 1 1 1 1 1 4 |1 1 1 1 1 1 1 1 1 1 1 1 |1 1 1 1 1 2 1 1 1 1 1 1 1 1 |1 1 1 1 1 1 1 1 1 |1 1 1 6 6 1 1 1 1 1 1 1 1 |1 1 1 1 1 1 1 4 1 1 1 1 1 3 1 1 1 |5 6 1 1 6 1 6 1 1 1 1 1 1 1 1 |4 1 6 1 1 1 1 6 1 |1 6 1 1 1 1 1 1 1 1 1 1 |1 1 1 1 1 1 1 1 1 6 1 1 |1 1 5 1 1 1 1 1 1 1 1 2 6 1 1 5 1 |1 4 1 5 1 1 |1 6 1 6 1 1 1 1 3 1 3 1 1 1 |1 1 1 1 1 1 1 |1 3 1 1 2 |5 1 6 4 5 1 1 1 1 1 1 5 |1 1 1 1 1 1 1 1 1 1 1 1 1 1 6 1 4 1 3 |5 1 2 1 1 1 1 1 1 1 1 6 1 1 1 |1 1 1 1 1 1 6 |1 1 1 2 1 |6 6 3 1 1 1 1 1 6 1 1 1 1 1 1 |1 1 1 1 1 1 1 1 1 |1 1 1 1 6 1 1 1 1 1 1 1 1 6 1 4 1 1 |1 1 1 1 1 1 1 6 |1 1 1 1 6 1 5 1 4 1 1 1 1 1 1 3 1 1 3 |1 1 1 1 1 1 1 1 1 1 1 1 1 3 1 1 1 1 1 |1 4 1 6 1 1 1 1 1 1 1 1 1 |1 3 1 1 1 1 1 1 1 5 1 1 1 1 1 1 |1 1 1 1 1 1 1 |1 1 6 1 1 1 6 6 1 1 1 4 6 5 1 6 1 1 |1 1 1 1 1 1 1 1 6 6 6 1 6 1 1 6 1 1 6 |1 1 4 1 1 1 1 1 4 1 1 1 1 1 1 1 |1 1 1 1 1 1 1 1 1 1 1 1 1 |1 1 4 1 1 |1 1 1 1 1 2 1 1 1 1 1 6 1 1 1 1 |1 1 6 1 1 1 1 1 |realPatrol = 1200|fitness = 1002.3284654147072

第53个BestWave: 
1 1 3 4 6 4 1 1 5 2 1 1 1 1 1 |5 1 1 1 1 1 1 4 5 6 1 1 6 1 1 5 1 1 1 1 |6 1 4 1 1 1 1 1 |1 1 1 1 1 1 1 |1 1 1 1 1 1 1 4 1 1 1 1 1 3 1 5 |1 1 1 1 1 1 1 1 1 1 1 1 3 1 |1 4 1 1 1 1 1 1 1 6 1 1 1 1 1 6 |6 1 1 1 1 |1 1 1 1 1 1 1 |1 1 1 1 1 1 1 1 6 1 1 1 1 1 6 |1 1 1 1 1 1 1 1 1 1 1 1 1 1 1 |1 1 1 1 1 1 1 1 1 1 |1 1 1 1 3 |5 1 1 1 1 1 1 1 1 1 1 1 |1 1 1 1 1 1 1 1 1 1 1 6 1 2 3 1 |1 1 1 1 1 1 1 1 |1 1 1 1 1 1 1 1 1 1 6 1 1 1 1 1 1 |3 1 1 4 1 3 1 |1 1 1 1 6 1 1 2 1 6 1 1 1 |1 6 1 1 1 1 6 1 1 3 6 1 1 1 1 1 1 1 1 1 |1 1 1 1 1 1 1 1 1 1 1 1 2 1 1 1 |1 1 1 1 1 1 1 1 1 1 1 1 1 1 |1 1 1 1 1 1 1 1 1 |4 1 1 1 1 1 4 1 1 1 1 1 |6 1 1 4 1 3 1 1 1 1 1 1 1 4 |1 1 1 1 1 1 1 1 1 1 1 1 |1 1 1 1 1 1 1 1 1 1 1 1 1 1 |1 1 1 1 1 1 1 1 1 |1 1 1 1 6 1 1 1 1 1 1 1 1 |1 1 1 1 1 1 1 6 1 1 1 1 1 1 1 1 1 |6 6 1 1 5 1 5 1 1 1 1 1 1 1 1 |6 1 6 1 1 1 1 4 1 |1 5 1 1 1 1 1 1 1 1 1 1 |1 1 1 1 1 1 1 1 1 6 1 1 |1 1 6 1 1 1 1 1 1 1 1 1 6 1 1 6 1 |1 5 1 3 3 2 |1 5 1 6 1 1 1 6 4 1 4 1 1 1 |1 1 1 1 1 1 1 |1 1 1 1 1 |6 1 6 3 1 1 1 1 1 1 1 6 |1 1 1 1 1 1 1 1 1 1 1 1 1 1 6 1 3 1 1 |5 1 1 1 1 1 1 1 1 1 1 6 1 1 1 |1 1 1 1 1 1 6 |3 1 1 3 1 |6 6 4 1 1 1 1 1 5 1 1 1 1 1 1 |1 1 1 1 1 1 1 1 1 |1 1 1 1 6 1 1 1 1 1 1 1 1 6 1 4 1 1 |1 1 1 1 1 1 1 6 |1 1 1 1 6 1 1 1 6 1 1 1 1 1 1 4 1 3 3 |1 1 1 1 1 1 1 1 1 1 1 1 1 1 1 1 1 1 1 |1 4 1 6 1 1 1 1 1 1 1 1 1 |1 1 1 1 1 1 1 1 1 6 1 1 1 1 1 1 |1 1 1 1 1 1 2 |1 1 6 1 1 1 6 6 1 1 1 3 6 6 1 6 1 1 |1 1 1 1 1 1 1 1 6 6 6 1 5 1 1 6 1 1 5 |1 1 4 1 1 1 1 1 6 1 1 1 1 1 1 1 |1 1 1 1 1 1 1 1 1 1 1 1 1 |1 1 4 1 1 |1 1 1 1 1 3 1 1 1 1 1 5 1 3 1 1 |1 1 6 1 1 1 1 1 |realPatrol = 1200|fitness = 996.0291987434875

第54个BestWave: 
1 1 1 3 6 1 1 1 1 3 1 1 1 1 1 |3 1 1 1 1 1 1 5 6 6 1 1 6 1 1 1 1 1 1 1 |6 1 3 1 1 1 1 1 |1 1 1 1 1 1 1 |1 1 1 1 1 1 5 3 1 1 1 1 1 3 1 6 |1 1 1 1 1 1 1 1 1 1 1 1 4 1 |1 3 1 1 1 1 1 1 1 6 1 1 1 1 1 6 |6 1 1 1 1 |1 1 1 1 1 1 1 |1 1 1 1 1 1 6 1 6 1 1 1 1 1 6 |1 1 1 1 2 1 1 1 1 1 1 1 1 1 1 |1 1 1 1 1 1 1 1 1 1 |1 1 1 1 1 |4 1 1 1 1 1 1 1 1 1 1 1 |1 1 1 1 1 1 1 1 1 1 1 5 1 1 1 1 |1 1 1 1 1 1 1 1 |1 1 1 1 1 1 1 1 1 1 6 1 1 1 1 1 1 |2 1 1 3 1 3 1 |1 1 1 1 6 1 1 1 1 6 1 1 1 |1 6 1 1 1 1 6 1 1 4 4 1 1 1 1 1 1 1 1 1 |1 1 1 1 1 1 1 1 1 1 1 1 1 1 1 4 |1 1 1 1 1 1 1 1 1 1 2 1 1 1 |1 1 1 1 1 1 1 1 1 |5 1 1 1 1 1 5 1 1 1 1 1 |6 1 1 6 1 1 1 1 1 1 1 1 1 6 |1 1 1 1 1 1 1 1 1 1 1 1 |1 1 1 1 1 1 1 1 1 1 1 1 1 1 |1 1 1 1 1 1 1 1 1 |1 1 1 2 6 1 1 1 1 1 1 1 1 |1 1 1 1 1 1 1 1 1 1 1 1 1 3 1 1 1 |6 6 1 1 4 1 6 1 1 1 1 1 1 1 1 |5 1 6 1 1 1 1 3 1 |1 5 1 1 1 1 1 1 1 1 1 1 |1 1 1 1 1 3 1 1 1 6 1 1 |1 1 6 1 1 1 1 1 2 1 1 1 6 1 1 6 1 |1 4 1 3 2 3 |1 6 1 4 1 1 1 6 5 1 3 1 1 3 |1 1 1 1 1 1 1 |1 1 1 1 1 |6 1 6 1 4 1 1 1 1 1 1 4 |1 1 1 1 1 1 1 1 1 1 1 1 1 1 5 1 3 1 3 |5 1 1 1 1 1 1 1 1 1 1 6 1 1 1 |3 2 1 1 1 1 6 |2 1 1 1 1 |6 6 4 1 1 1 1 1 4 1 1 1 1 1 1 |1 1 1 1 3 1 1 1 1 |1 1 1 1 6 1 1 1 1 1 1 1 1 6 1 4 1 1 |1 1 1 1 1 1 1 6 |1 1 1 1 6 1 4 1 1 1 1 1 1 1 1 4 1 5 2 |1 1 1 1 1 1 1 1 1 1 1 1 1 2 1 1 1 1 1 |1 5 1 6 1 1 1 1 1 1 1 1 1 |1 1 1 1 1 1 1 1 1 6 1 1 1 1 2 1 |1 1 1 1 1 1 1 |1 1 5 1 1 1 6 6 1 1 1 5 6 4 1 6 1 1 |1 1 1 1 1 1 1 1 6 6 6 1 6 1 1 6 1 3 6 |1 1 4 1 1 1 1 1 6 1 1 1 1 1 1 1 |1 1 1 1 1 1 1 1 1 1 1 1 1 |1 1 5 1 1 |1 1 1 1 1 3 1 1 1 1 1 6 1 5 1 1 |1 1 6 1 1 1 1 1 |realPatrol = 1200|fitness = 995.134263025915

第55个BestWave: 
1 1 1 1 6 1 1 1 1 1 1 1 1 1 1 |4 1 1 1 1 1 1 5 6 6 1 1 6 1 1 5 1 1 1 1 |6 1 4 1 1 1 1 1 |1 1 1 3 1 1 1 |1 1 1 1 1 1 5 4 1 1 1 1 1 4 1 1 |1 1 1 1 1 1 1 1 1 1 1 1 4 1 |1 4 1 1 1 1 1 1 1 6 1 1 1 1 1 6 |6 1 1 1 1 |1 1 1 1 1 1 1 |1 1 2 1 1 1 6 1 6 1 1 1 1 1 6 |1 1 1 1 3 1 1 1 1 1 1 1 1 1 1 |1 1 1 1 1 1 1 1 1 1 |1 1 1 1 4 |1 1 1 1 1 1 1 1 1 1 1 1 |1 1 1 1 1 1 1 1 1 1 1 6 1 1 1 1 |1 1 1 1 1 1 1 1 |1 1 2 1 1 1 1 1 1 1 6 1 1 1 1 1 1 |1 1 1 5 1 3 1 |1 1 1 1 6 1 1 1 1 6 1 1 1 |1 6 1 1 1 1 6 1 1 1 3 1 1 1 2 4 1 1 1 1 |1 1 1 1 1 1 1 1 1 1 1 1 2 1 1 1 |1 1 1 1 1 1 1 1 1 1 2 1 1 1 |1 1 1 1 1 1 1 1 1 |1 1 1 1 1 1 3 1 1 1 1 1 |6 1 1 6 1 1 1 1 1 1 1 1 1 4 |1 1 1 1 1 1 1 1 1 1 1 1 |1 1 1 1 1 4 1 1 1 1 1 1 1 1 |2 1 1 1 1 1 1 1 1 |1 1 1 3 6 1 1 1 1 1 1 1 1 |1 1 1 1 1 1 1 6 1 1 1 1 1 1 1 2 1 |6 6 1 1 5 1 6 1 1 1 1 1 1 1 1 |4 1 6 1 1 1 1 2 1 |1 4 1 1 1 1 1 1 1 1 3 1 |1 1 1 1 1 3 1 1 1 6 1 1 |1 1 6 1 1 1 1 1 1 1 1 2 6 1 1 6 1 |1 3 1 4 3 2 |1 5 1 6 1 1 1 1 3 1 1 1 1 1 |1 1 1 1 1 1 1 |1 5 1 1 1 |6 1 6 3 4 1 1 1 1 1 1 1 |1 1 1 1 1 1 1 1 1 1 1 1 1 1 6 1 4 1 3 |5 1 1 1 1 1 1 1 1 1 1 6 1 1 1 |1 2 1 1 1 1 6 |3 1 1 1 1 |6 6 4 1 1 1 1 1 6 1 1 1 1 1 1 |1 1 1 1 1 1 1 1 1 |1 1 1 1 6 1 1 1 1 1 1 1 1 6 1 5 1 1 |1 1 1 1 1 1 1 6 |1 1 1 1 6 1 1 1 4 1 1 1 1 1 1 4 1 1 4 |1 1 1 1 1 1 1 1 1 1 1 1 1 4 1 1 1 1 1 |1 5 1 6 1 1 1 1 1 1 1 1 1 |1 1 1 1 1 1 1 1 1 6 1 1 1 1 1 1 |1 1 1 1 1 1 1 |1 1 5 1 1 1 6 6 1 1 1 4 6 6 1 5 1 1 |1 1 1 1 1 1 1 1 6 6 6 1 6 1 1 6 1 4 6 |1 1 6 1 1 1 1 1 6 1 1 1 1 1 1 1 |1 1 1 1 1 1 1 1 1 1 1 1 1 |1 1 5 1 1 |1 1 1 1 1 4 1 1 1 1 1 6 1 1 1 1 |1 1 6 1 1 1 1 1 |realPatrol = 1200|fitness = 999.2384297380165

第56个BestWave: 
1 1 1 3 6 3 1 1 1 1 1 1 1 1 1 |5 1 1 1 1 1 1 4 6 6 1 1 6 1 1 5 1 1 1 1 |6 1 5 1 1 1 1 1 |1 1 1 1 1 1 1 |1 1 1 1 1 1 5 4 1 1 1 1 1 1 1 6 |1 1 1 1 1 1 1 1 1 1 1 1 4 1 |1 4 1 1 1 1 1 2 1 6 1 1 1 1 1 6 |6 1 1 1 1 |1 1 1 1 1 1 1 |1 1 1 1 1 1 6 1 6 1 1 1 1 1 6 |1 1 1 1 1 1 4 1 1 1 1 1 1 1 1 |1 1 1 1 1 1 1 1 1 1 |1 1 1 1 4 |3 1 1 1 1 1 1 1 1 1 1 1 |1 1 1 1 1 1 1 1 1 1 1 6 1 1 1 1 |1 1 1 1 1 1 1 1 |1 1 1 1 1 1 1 1 1 1 5 1 1 1 1 1 1 |2 1 1 5 1 4 1 |1 1 1 1 6 1 1 2 1 6 1 1 1 |1 6 1 1 1 1 5 1 1 3 6 1 1 1 3 5 1 1 1 1 |1 1 1 1 1 1 1 1 1 1 1 1 1 1 1 4 |1 1 1 1 1 1 1 1 1 1 3 1 1 1 |1 1 1 1 4 1 1 1 1 |5 1 1 1 1 1 5 1 5 1 1 1 |6 1 1 6 1 1 1 1 1 1 1 1 1 5 |1 1 1 1 1 1 1 1 1 1 1 1 |1 1 1 1 1 1 1 1 1 1 1 1 1 1 |1 1 1 1 1 1 1 1 1 |1 1 1 1 6 1 1 1 1 1 1 1 1 |1 1 1 1 1 1 1 1 1 1 1 1 1 3 1 1 1 |6 6 1 1 6 1 5 1 1 1 1 1 1 1 1 |3 1 6 1 1 1 1 1 1 |1 4 1 1 1 1 1 1 1 1 1 1 |1 1 1 1 1 1 1 1 1 6 1 1 |1 1 6 1 1 1 1 1 1 1 1 3 6 1 1 6 1 |1 5 1 5 3 1 |1 6 1 1 1 1 1 3 4 1 5 1 1 4 |2 1 1 1 1 1 1 |1 3 1 1 1 |6 1 6 3 1 1 1 1 1 1 1 1 |1 1 1 1 1 1 1 1 1 1 1 1 1 1 5 1 4 1 5 |4 1 1 1 1 1 1 1 1 1 1 6 1 1 1 |1 1 1 1 1 1 6 |1 1 1 2 1 |6 1 1 1 1 1 1 1 6 1 1 1 1 1 1 |1 1 1 1 1 1 1 1 1 |1 1 1 1 6 1 1 1 1 1 1 1 1 6 1 6 1 1 |1 1 1 1 1 1 1 6 |1 1 1 1 6 1 1 1 1 1 1 1 1 1 1 4 1 1 2 |1 1 1 1 1 1 1 1 1 1 1 1 1 4 1 1 1 1 1 |1 4 1 5 1 1 1 1 1 1 1 1 1 |1 1 1 1 1 1 1 1 1 5 1 1 1 1 1 1 |1 1 1 1 1 1 1 |1 1 6 1 1 1 6 6 1 1 1 4 6 6 1 6 1 1 |1 1 1 1 1 1 1 1 5 6 6 1 6 1 1 6 1 1 5 |1 1 4 1 1 1 1 1 6 1 1 1 1 1 1 1 |1 1 1 1 1 1 1 1 1 1 1 1 1 |1 1 5 1 1 |1 1 1 1 1 1 1 1 1 1 1 6 1 5 1 1 |1 1 6 1 1 1 1 1 |realPatrol = 1200|fitness = 998.2251628676123

第57个BestWave: 
1 1 1 3 6 4 1 1 3 4 1 1 1 1 1 |1 1 1 1 1 1 1 1 6 6 1 1 6 1 1 4 1 1 1 1 |6 1 4 1 1 1 1 1 |1 1 1 1 1 1 1 |1 1 1 1 1 1 5 3 1 1 1 1 1 3 1 6 |1 1 1 1 1 1 1 1 1 1 1 1 4 1 |1 3 1 1 1 1 1 1 1 6 1 1 1 1 1 6 |6 1 1 1 1 |1 1 1 1 1 1 1 |1 1 1 1 1 1 6 1 6 1 1 1 1 1 5 |1 1 1 1 1 1 1 1 1 1 1 1 1 1 1 |1 1 1 1 1 1 1 1 1 1 |1 1 1 1 4 |3 1 1 1 1 1 1 1 1 1 1 1 |1 2 1 1 1 1 1 1 1 1 1 6 1 2 5 1 |1 1 1 1 1 1 1 1 |1 1 1 1 1 1 1 1 1 1 4 1 1 1 1 1 1 |2 1 1 3 1 3 1 |1 1 1 1 6 1 1 1 1 6 1 1 1 |1 6 1 1 1 1 6 1 1 3 5 1 1 1 1 3 1 1 1 1 |1 1 1 1 1 1 1 1 1 1 1 1 1 1 1 1 |1 1 1 1 1 1 1 1 1 1 2 1 1 1 |1 1 1 1 1 1 1 1 1 |3 1 1 1 1 1 3 1 3 1 1 1 |6 1 1 5 1 1 1 1 1 1 1 1 1 6 |1 1 1 1 1 1 1 1 1 1 1 1 |1 1 1 1 1 3 1 1 1 1 1 1 1 1 |1 1 1 1 1 1 1 1 1 |1 1 1 2 6 1 1 1 2 1 1 1 1 |1 1 1 1 1 1 1 6 1 1 1 1 1 1 1 1 1 |6 6 1 1 5 1 6 1 1 1 1 1 1 1 1 |5 1 6 1 1 1 1 1 1 |1 6 1 1 1 1 1 1 1 1 2 1 |1 1 1 1 1 1 1 2 1 6 1 1 |1 1 6 1 1 1 1 1 1 1 1 1 6 1 1 6 1 |1 5 1 3 3 2 |1 4 1 4 1 1 1 5 1 1 4 1 1 3 |2 1 1 1 1 1 1 |1 1 1 1 1 |5 1 6 3 1 1 1 1 2 1 1 3 |1 1 1 1 1 1 1 1 1 1 1 1 1 1 6 1 3 1 4 |4 1 1 1 1 1 1 1 1 1 1 6 1 1 1 |1 2 1 1 1 1 6 |3 1 1 1 1 |6 6 4 1 1 1 1 1 6 1 1 1 1 1 1 |1 1 1 1 2 1 1 1 1 |1 1 1 1 6 1 1 1 1 1 1 1 1 6 1 4 1 1 |1 1 1 1 1 1 1 6 |1 1 1 1 6 1 5 1 3 1 1 1 1 1 1 4 1 1 3 |1 1 1 1 1 1 1 1 1 1 1 1 1 1 1 1 1 1 1 |1 3 1 6 1 1 1 1 1 1 1 1 1 |1 1 1 1 1 1 1 1 1 6 1 1 1 1 1 1 |1 1 1 1 1 1 1 |1 1 6 1 1 1 6 6 1 1 1 4 6 6 1 6 1 1 |1 1 1 1 1 1 1 1 6 6 6 1 4 1 1 6 1 3 6 |1 1 4 1 1 1 1 1 6 1 1 1 1 1 1 1 |1 1 1 1 1 1 1 1 1 1 1 1 1 |1 1 4 1 1 |1 1 1 1 1 3 1 1 1 1 1 6 1 5 1 1 |1 1 6 1 1 1 1 1 |realPatrol = 1200|fitness = 1001.8693328193631

第58个BestWave: 
1 1 1 4 6 1 1 1 6 1 1 1 1 1 1 |5 1 1 1 1 1 1 6 6 6 3 1 6 1 1 6 1 1 1 1 |6 1 5 1 1 1 1 1 |1 1 1 1 1 1 1 |1 1 1 1 1 1 5 4 1 1 1 1 1 3 1 1 |1 1 1 1 1 1 1 1 1 1 1 1 4 1 |1 3 1 1 1 1 1 1 1 6 1 1 1 1 1 5 |6 1 1 1 1 |1 1 1 1 1 1 1 |1 1 1 1 1 1 6 1 6 1 1 1 1 1 6 |1 1 1 1 1 1 1 1 1 1 1 1 1 1 1 |1 1 1 1 1 1 1 1 3 1 |1 1 1 1 1 |4 1 1 1 1 1 1 1 1 1 1 1 |1 1 1 1 1 1 1 1 1 1 1 6 1 1 1 1 |1 1 1 1 1 1 1 1 |1 1 1 1 1 1 1 1 1 1 4 1 1 1 1 1 1 |3 1 1 5 1 5 1 |1 1 1 1 5 1 1 1 1 6 1 1 1 |1 6 1 1 1 1 6 1 1 4 6 1 1 1 1 1 1 1 1 1 |1 1 1 1 1 1 1 1 1 1 1 1 1 1 1 3 |1 1 1 1 1 1 1 1 1 1 1 1 1 1 |1 1 1 1 1 1 1 1 1 |5 1 1 1 1 1 6 1 3 1 1 1 |6 1 1 6 1 1 1 1 1 1 1 1 1 6 |1 1 1 1 1 1 1 1 1 1 1 1 |1 1 1 1 1 1 1 1 1 1 1 1 1 1 |1 1 1 1 1 1 1 1 1 |1 1 1 1 6 1 1 1 1 1 1 1 1 |1 1 1 1 1 1 1 6 1 1 1 1 1 1 1 1 1 |5 6 1 1 6 1 6 1 1 1 1 1 1 1 1 |1 1 6 1 1 1 1 1 1 |1 6 1 1 1 1 1 1 1 1 1 1 |1 1 1 1 1 4 1 1 1 6 1 1 |1 1 6 1 1 1 1 1 1 1 1 4 6 1 1 6 1 |1 5 1 5 3 1 |1 6 1 6 1 1 1 1 4 1 1 1 1 3 |1 1 1 1 1 1 1 |1 1 1 1 1 |5 1 6 4 1 1 1 1 1 1 1 1 |1 1 1 1 1 1 1 1 1 1 1 1 1 1 6 1 6 1 4 |4 1 1 1 1 1 1 1 1 1 1 6 1 1 1 |1 1 1 1 1 1 5 |1 1 1 3 1 |6 4 3 1 1 1 1 1 6 1 1 1 1 1 1 |1 1 1 1 1 1 1 1 1 |1 1 1 1 6 1 1 1 1 1 1 1 1 6 1 3 1 1 |1 1 1 1 1 1 1 6 |1 1 1 1 6 1 6 1 1 1 1 1 1 1 1 5 1 1 4 |1 1 1 1 1 1 1 1 1 1 1 1 1 1 1 1 1 1 1 |1 4 1 4 1 1 1 1 1 1 1 1 1 |1 1 1 1 1 1 1 1 1 6 1 1 1 1 4 1 |1 1 1 1 1 1 1 |1 1 6 1 1 1 6 6 1 1 1 4 6 6 1 6 1 1 |1 1 1 1 1 1 1 1 6 6 6 1 6 1 1 6 1 1 6 |1 1 3 1 1 1 1 1 5 1 1 1 1 1 1 1 |1 1 1 1 1 1 1 1 1 1 1 1 1 |1 1 4 1 1 |1 1 1 1 1 1 1 1 1 1 1 6 1 4 1 1 |1 1 5 1 1 1 1 1 |realPatrol = 1200|fitness = 996.2153765267045

第59个BestWave: 
1 1 1 5 6 1 1 2 4 4 1 1 1 1 1 |1 1 1 1 1 1 1 5 6 6 1 1 6 1 1 6 1 1 1 1 |6 1 5 1 1 1 1 1 |1 1 1 1 1 1 1 |1 1 1 1 1 1 4 5 1 1 1 1 1 1 1 6 |1 1 1 1 1 1 1 1 1 1 1 1 4 1 |1 5 1 1 1 1 1 1 1 6 1 1 1 1 1 6 |6 1 1 1 1 |1 1 1 1 1 1 1 |1 1 1 1 1 1 1 1 6 1 1 1 1 1 6 |1 1 1 1 1 1 3 1 1 1 1 1 1 1 1 |1 1 1 1 1 1 1 1 1 1 |1 1 1 1 3 |1 1 1 1 1 1 1 1 1 1 1 1 |1 1 1 1 1 1 1 1 1 1 1 6 1 1 3 1 |1 1 1 1 1 1 1 1 |1 1 1 1 1 1 1 1 1 1 5 1 1 1 1 1 1 |1 1 1 4 1 5 1 |1 1 1 1 6 1 1 4 1 6 1 1 1 |1 6 1 1 1 1 4 1 1 5 4 1 1 1 4 1 1 1 1 1 |1 1 1 1 4 1 1 1 1 1 1 1 1 1 1 3 |1 1 1 1 1 1 1 1 1 1 1 1 1 1 |1 1 1 1 1 1 1 1 1 |3 1 1 1 1 1 5 1 1 1 1 1 |6 1 1 5 1 1 1 1 1 1 1 1 1 6 |1 1 1 1 1 1 1 1 1 1 1 1 |1 1 1 1 1 1 1 1 1 1 1 1 1 1 |1 1 1 1 1 1 1 1 1 |1 1 1 6 6 1 1 1 1 1 1 1 1 |1 1 1 1 1 1 1 6 1 1 1 1 1 1 1 1 1 |6 6 1 1 5 1 6 1 1 1 1 1 1 1 1 |6 1 5 1 1 1 1 1 1 |1 5 1 1 1 1 1 1 1 1 1 1 |1 1 1 1 1 1 1 3 1 6 1 1 |1 1 5 1 1 1 1 1 1 1 1 3 6 1 1 6 1 |1 5 1 2 1 2 |1 6 1 6 1 1 1 2 1 1 3 1 1 3 |1 1 1 1 1 1 1 |1 1 1 1 1 |5 1 6 5 3 1 1 1 1 1 1 1 |1 1 1 1 1 1 1 1 1 1 1 1 1 1 6 1 4 1 1 |5 1 1 1 1 1 1 1 1 1 1 6 1 1 1 |1 1 1 1 1 1 5 |2 1 1 1 1 |6 1 4 1 1 1 1 1 5 1 1 1 1 1 1 |1 1 1 1 1 1 1 1 1 |1 2 1 1 6 1 1 1 1 1 1 1 1 6 1 6 1 1 |1 1 1 1 1 1 1 6 |1 1 1 1 6 1 2 1 4 1 1 1 1 1 1 3 1 1 5 |1 1 1 1 1 1 1 1 1 1 1 1 1 1 1 1 1 1 1 |1 4 1 5 1 1 1 1 1 1 1 1 1 |1 1 1 1 1 1 1 1 1 6 1 1 1 1 1 1 |1 1 1 1 1 1 1 |1 1 6 1 1 1 6 6 1 1 1 4 6 6 1 6 1 1 |1 1 1 1 1 1 1 1 4 6 6 1 6 1 1 6 1 3 5 |1 1 4 1 1 1 1 1 5 1 1 1 1 1 1 1 |1 1 1 1 1 3 1 1 1 1 1 1 1 |1 1 6 1 1 |1 1 1 1 1 1 1 1 1 1 1 6 1 6 1 1 |1 1 6 1 1 1 1 1 |realPatrol = 1200|fitness = 996.0342965724669

第60个BestWave: 
1 1 1 4 6 3 1 1 1 4 1 1 1 1 1 |5 1 1 1 1 1 1 5 6 6 1 1 6 1 1 4 1 1 1 1 |6 1 4 1 1 1 1 1 |1 1 1 1 1 1 1 |1 1 1 1 1 1 5 4 1 1 1 1 1 3 1 6 |1 1 1 1 1 1 1 3 1 1 1 1 3 1 |1 4 1 1 1 1 1 5 1 6 1 1 1 1 1 6 |6 1 1 1 1 |1 1 1 1 1 1 1 |1 1 1 1 1 1 6 1 6 1 1 1 1 1 6 |1 1 1 1 1 1 4 1 1 1 1 1 1 1 1 |1 1 1 1 1 1 1 1 1 1 |1 1 1 1 3 |5 1 1 1 1 1 1 1 1 1 1 1 |1 1 1 1 1 1 1 1 1 1 1 6 1 1 1 1 |1 1 1 1 1 1 1 1 |1 1 1 1 1 1 1 1 1 1 5 1 1 1 1 1 1 |2 1 1 1 1 5 1 |1 1 1 1 6 1 1 5 1 6 1 1 1 |1 6 1 1 1 1 6 1 1 1 5 1 1 1 3 1 1 1 1 1 |1 1 1 1 1 1 1 1 1 1 1 1 1 1 1 3 |1 1 1 1 1 1 1 1 1 1 1 1 1 1 |1 1 1 1 1 1 1 1 1 |1 1 1 1 1 1 4 1 1 1 1 1 |6 1 1 6 1 1 1 1 1 1 1 1 1 5 |1 1 1 1 1 1 1 1 1 1 1 1 |1 1 1 1 1 1 1 1 1 1 1 1 1 1 |1 1 1 1 1 1 1 1 1 |1 1 1 1 6 1 1 1 1 1 1 1 1 |1 1 1 1 1 1 1 6 1 1 1 1 1 1 1 3 1 |6 6 1 1 5 1 6 1 1 1 1 1 1 1 1 |4 1 6 1 1 1 1 3 1 |1 6 1 1 1 1 1 1 1 1 1 1 |1 1 1 1 1 3 1 1 1 6 1 1 |1 1 6 1 1 1 1 1 1 1 1 1 6 1 1 6 1 |1 5 1 4 4 1 |1 6 1 6 1 1 1 1 1 1 1 1 1 1 |1 1 1 1 1 1 1 |1 1 1 1 1 |6 1 6 3 3 1 1 1 4 1 1 1 |1 1 1 1 1 1 1 1 1 1 1 1 1 1 6 1 3 1 1 |6 1 1 1 1 1 1 1 1 1 1 6 1 1 1 |1 1 1 1 1 1 5 |2 1 1 1 1 |5 6 1 1 1 1 1 1 5 1 1 1 1 1 1 |1 1 1 1 4 1 1 1 1 |1 1 1 1 6 1 1 1 1 1 1 1 1 6 1 1 1 1 |1 1 1 1 1 1 1 6 |1 1 1 1 6 1 1 1 5 1 1 1 1 1 1 4 1 1 3 |1 1 1 1 1 1 1 1 1 1 1 1 1 1 1 1 1 1 1 |1 5 1 6 1 1 1 1 1 1 1 1 1 |1 1 1 1 1 1 1 1 1 5 1 1 1 1 3 1 |1 1 1 1 1 1 1 |1 1 6 1 1 1 6 6 1 1 1 3 6 1 1 6 1 1 |1 1 1 1 1 1 1 1 6 6 6 1 6 1 1 6 1 4 6 |1 1 5 1 1 1 1 1 6 1 1 1 1 1 1 1 |1 1 1 1 1 1 1 1 1 1 1 1 1 |1 1 3 1 1 |1 1 1 1 1 6 1 1 1 1 1 6 1 4 1 1 |1 1 6 1 1 1 1 1 |realPatrol = 1200|fitness = 998.2333714525001

最优解的最大适应度：1006.2761404761732
最优解的最小适应度：993.130801414833
最优解的平均适应度：999.9112096480932
估计标准差值：3.1142137704218666
最优解的最佳分配：
1 1 3 4 6 1 1 5 1 3 1 1 1 1 1 |1 1 1 1 1 1 1 5 6 6 4 1 6 1 1 5 1 1 1 1 |6 1 5 1 1 1 1 1 |1 1 1 3 1 1 1 |1 1 1 1 1 1 5 4 1 1 1 1 1 2 1 5 |4 1 1 1 1 1 1 1 1 1 1 1 4 1 |1 5 1 1 1 1 1 1 1 6 1 1 1 1 1 6 |6 1 1 1 1 |1 1 1 1 1 1 1 |1 1 1 1 1 1 6 1 6 1 1 1 1 1 6 |1 1 1 1 1 1 1 1 1 1 1 1 1 1 1 |1 1 1 1 1 1 1 1 1 1 |1 1 1 1 3 |5 1 1 1 1 1 1 1 1 1 1 1 |1 1 1 1 1 1 1 1 1 1 1 6 1 1 2 1 |1 1 1 1 1 1 1 1 |1 1 1 1 1 1 1 1 1 1 4 1 1 1 1 1 1 |4 1 1 1 1 4 1 |1 1 1 1 6 1 1 1 1 6 1 1 1 |1 6 1 1 1 1 6 1 1 3 1 1 1 1 2 3 1 1 1 1 |1 1 1 1 1 1 1 1 1 1 1 1 2 1 1 3 |1 1 1 1 1 1 1 1 1 1 1 1 1 1 |1 1 1 1 1 1 1 1 1 |3 1 1 1 1 1 6 1 1 1 1 1 |5 1 1 6 1 1 1 1 1 1 1 1 1 3 |1 1 1 1 1 1 1 1 1 1 1 1 |1 1 1 1 1 1 1 1 1 1 1 1 1 1 |1 1 1 1 1 1 1 1 1 |1 1 1 1 6 1 1 1 1 1 1 1 1 |1 1 1 1 1 1 1 6 1 1 1 1 1 2 1 1 1 |6 6 1 1 4 1 6 1 1 1 1 1 4 1 1 |5 1 6 1 1 1 1 4 1 |1 5 1 1 1 1 1 1 1 1 1 1 |1 1 1 1 1 2 1 1 1 6 1 1 |1 1 6 1 1 1 1 1 1 1 1 3 6 1 1 6 1 |1 4 1 3 2 2 |1 6 1 6 1 1 1 1 1 1 4 1 1 1 |1 1 1 1 1 1 1 |1 1 1 1 1 |6 1 6 2 3 1 1 1 1 1 1 3 |1 1 1 1 1 1 1 1 1 1 1 1 1 1 6 1 4 1 3 |5 1 1 1 1 1 1 1 1 1 1 6 1 1 1 |1 1 1 1 1 1 6 |1 1 1 1 1 |6 6 3 1 1 1 1 1 5 1 1 1 1 1 1 |1 1 1 1 1 1 1 1 1 |1 2 1 1 6 1 1 1 1 1 1 1 1 6 1 4 1 1 |1 1 1 1 1 1 1 6 |1 1 1 1 6 1 4 1 3 1 1 1 1 1 1 4 1 1 2 |1 1 1 1 1 1 1 1 1 1 1 1 1 2 1 1 1 1 1 |1 5 1 5 1 2 1 1 1 1 1 1 1 |1 1 1 1 1 1 1 1 1 5 1 1 1 1 1 1 |1 1 1 1 1 1 1 |1 1 6 1 1 1 6 6 1 1 1 3 6 5 1 6 1 1 |1 1 1 1 1 1 1 1 6 6 6 1 6 1 1 6 1 4 6 |1 1 2 1 1 1 1 1 6 1 1 1 1 1 1 1 |1 1 1 1 1 1 1 1 1 1 1 1 1 |1 1 4 1 1 |1 1 1 1 1 1 1 1 1 1 1 6 1 3 1 1 |1 1 6 1 1 1 1 1 |1200|realPatrol = 1200
PWWO算法运行求解巡逻调度问题耗时：4小时，48分钟，18秒
