第1个BestWave: 
6 1 4 1 1 5 1 5 6 |1 1 1 1 2 1 |1 4 1 1 1 1 1 1 3 |1 1 1 1 1 6 1 1 1 1 5 |1 3 1 1 1 1 1 1 1 1 1 1 6 1 1 1 6 |realPatrol = 100|fitness = 12.690044006919686

第2个BestWave: 
6 1 4 1 1 4 1 5 6 |1 1 1 1 2 1 |1 5 1 1 1 1 1 1 3 |1 1 1 1 1 6 1 1 1 1 4 |1 3 1 1 1 1 1 1 1 1 1 1 6 2 1 1 6 |realPatrol = 100|fitness = 12.496401253500004

第3个BestWave: 
6 1 4 1 1 5 1 5 6 |1 1 1 1 3 1 |1 4 1 1 1 1 1 1 3 |1 1 1 1 1 6 1 1 1 1 4 |1 3 1 1 1 1 1 1 1 1 1 1 6 1 1 1 6 |realPatrol = 100|fitness = 12.777085975760542

第4个BestWave: 
6 1 4 1 1 5 1 4 6 |1 1 1 1 3 1 |1 5 1 1 1 1 1 1 3 |1 1 1 1 1 6 1 1 1 1 4 |1 3 1 1 1 1 1 1 1 1 1 1 6 1 1 1 6 |realPatrol = 100|fitness = 12.63546709181698

第5个BestWave: 
6 1 4 1 1 5 1 5 6 |1 1 1 1 2 1 |1 4 1 1 1 1 1 1 3 |1 1 1 1 1 6 1 1 1 1 5 |1 3 1 1 1 1 1 1 1 1 1 1 6 1 1 1 6 |realPatrol = 100|fitness = 12.890808281031159

第6个BestWave: 
6 1 4 1 1 5 1 5 6 |1 1 1 1 2 1 |1 4 1 1 1 1 1 1 3 |1 1 1 1 1 6 1 1 1 1 4 |1 3 1 1 1 1 1 2 1 1 1 1 6 1 1 1 6 |realPatrol = 100|fitness = 12.482041858105363

第7个BestWave: 
6 1 4 1 1 5 1 5 6 |1 1 1 1 3 1 |1 4 1 1 1 1 1 1 3 |1 1 1 1 1 6 1 1 1 1 4 |1 3 1 1 1 1 1 1 1 1 1 1 6 1 1 1 6 |realPatrol = 100|fitness = 12.650035563451388

第8个BestWave: 
6 1 4 1 1 5 1 4 6 |1 1 1 1 3 1 |1 4 1 1 1 1 1 1 3 |1 1 1 1 1 6 1 1 1 1 5 |1 3 1 1 1 1 1 1 1 1 1 1 6 1 1 1 6 |realPatrol = 100|fitness = 12.900477156123662

第9个BestWave: 
6 1 4 1 1 5 1 5 6 |1 1 1 1 2 1 |1 4 1 1 1 1 1 1 3 |1 1 1 1 1 6 1 1 1 1 5 |1 3 1 1 1 1 1 1 1 1 1 1 6 1 1 1 6 |realPatrol = 100|fitness = 12.716019850635897

第10个BestWave: 
6 1 4 1 1 5 1 5 6 |1 1 1 1 3 1 |1 5 1 1 1 1 1 1 3 |1 1 1 1 1 6 1 1 1 1 3 |1 3 1 1 1 1 1 1 1 1 1 1 6 1 1 1 6 |realPatrol = 100|fitness = 12.673148461592403

第11个BestWave: 
6 1 4 1 1 5 1 5 6 |1 1 1 1 2 1 |1 4 1 1 1 1 1 1 4 |1 1 1 1 1 6 1 1 1 1 4 |1 3 1 1 1 1 1 1 1 1 1 1 6 1 1 1 6 |realPatrol = 100|fitness = 12.618178719333683

第12个BestWave: 
6 1 4 1 1 5 1 5 6 |1 1 1 1 3 1 |1 4 1 1 1 1 1 1 3 |1 1 1 1 1 6 1 1 1 1 4 |1 3 1 1 1 1 1 1 1 1 1 1 6 1 1 1 6 |realPatrol = 100|fitness = 12.736944563191207

第13个BestWave: 
6 1 4 1 1 5 1 5 6 |1 1 1 1 3 1 |1 4 1 1 1 1 1 1 4 |1 1 1 1 1 6 1 1 1 1 5 |1 1 1 1 1 1 1 1 1 1 1 1 6 1 1 1 6 |realPatrol = 100|fitness = 12.724568985479909

第14个BestWave: 
6 1 3 1 1 5 1 4 6 |1 1 1 1 3 1 |1 4 1 1 1 1 1 1 4 |1 1 1 1 1 6 1 1 1 1 4 |1 3 1 1 1 1 1 1 1 1 1 1 6 2 1 1 6 |realPatrol = 100|fitness = 12.696209645635738

第15个BestWave: 
6 1 4 1 1 5 1 5 6 |1 1 1 1 3 1 |1 4 1 1 1 1 1 1 3 |1 1 1 1 1 6 1 1 1 1 4 |1 3 1 1 1 1 1 1 1 1 1 1 6 1 1 1 6 |realPatrol = 100|fitness = 12.612344256921318

第16个BestWave: 
6 1 4 1 1 5 1 4 6 |1 1 1 1 3 1 |1 4 1 1 1 1 1 1 3 |1 1 1 1 1 6 1 1 1 1 4 |1 3 1 1 1 1 1 1 1 1 1 1 6 2 1 1 6 |realPatrol = 100|fitness = 12.611800980716268

第17个BestWave: 
6 1 4 1 1 6 1 5 6 |1 1 1 1 3 1 |1 4 1 1 1 1 1 1 3 |1 1 1 1 1 6 1 1 1 1 5 |1 1 1 1 1 1 1 1 1 1 1 1 6 1 1 1 6 |realPatrol = 100|fitness = 12.527801599929019

第18个BestWave: 
6 1 4 1 1 5 1 5 6 |1 1 1 1 3 1 |1 4 1 1 1 1 1 1 3 |1 1 1 1 1 6 1 1 1 1 4 |1 3 1 1 1 1 1 1 1 1 1 1 6 1 1 1 6 |realPatrol = 100|fitness = 12.563133346933844

第19个BestWave: 
6 1 4 1 1 5 1 4 6 |1 1 1 1 3 1 |1 4 1 1 1 1 1 1 3 |1 1 1 1 1 6 1 1 1 1 4 |1 3 1 1 1 1 1 1 1 1 1 1 6 2 1 1 6 |realPatrol = 100|fitness = 12.473707413008377

第20个BestWave: 
6 1 4 1 1 5 1 5 6 |1 1 1 1 3 1 |1 4 1 1 1 1 1 1 3 |1 1 1 1 1 6 1 1 1 1 4 |1 3 1 1 1 1 1 1 1 1 1 1 6 1 1 1 6 |realPatrol = 100|fitness = 12.755855689442997

第21个BestWave: 
6 1 4 1 1 5 1 5 6 |1 1 1 1 3 1 |1 4 1 1 1 1 1 1 4 |1 1 1 1 1 6 1 1 1 1 3 |1 3 1 1 1 1 1 1 1 1 1 1 6 1 1 1 6 |realPatrol = 100|fitness = 12.704995613783039

第22个BestWave: 
6 1 4 1 1 5 1 5 6 |1 1 1 1 3 1 |1 4 1 1 1 1 1 1 2 |1 1 1 1 1 6 1 1 1 1 4 |1 4 1 1 1 1 1 1 1 1 1 1 6 1 1 1 6 |realPatrol = 100|fitness = 12.655031825589525

第23个BestWave: 
6 1 4 1 1 5 1 5 6 |1 1 1 1 3 1 |1 4 1 1 1 1 1 1 3 |1 1 1 1 1 6 1 1 1 1 4 |1 3 1 1 1 1 1 1 1 1 1 1 6 1 1 1 6 |realPatrol = 100|fitness = 12.717552715415616

第24个BestWave: 
6 1 5 1 1 5 1 5 6 |1 1 1 1 2 1 |1 4 1 1 1 1 1 1 3 |1 1 1 1 1 6 1 1 1 1 4 |1 3 1 1 1 1 1 1 1 1 1 1 6 1 1 1 6 |realPatrol = 100|fitness = 12.687327623475463

第25个BestWave: 
6 1 4 1 1 4 1 5 6 |1 1 1 1 2 1 |1 4 1 1 1 1 1 1 3 |1 1 1 1 1 6 1 1 1 1 5 |1 3 1 1 1 1 1 2 1 1 1 1 6 1 1 1 6 |realPatrol = 100|fitness = 12.900325514216927

第26个BestWave: 
6 1 4 1 1 5 1 5 6 |1 1 1 1 2 1 |1 4 1 1 1 1 1 1 4 |1 1 1 1 1 6 1 1 1 1 4 |1 3 1 1 1 1 1 1 1 1 1 1 6 1 1 1 6 |realPatrol = 100|fitness = 12.883969511394037

第27个BestWave: 
6 1 4 1 1 5 1 4 6 |1 1 1 1 3 1 |1 5 1 1 1 1 1 1 3 |1 1 1 1 1 6 1 1 1 1 4 |1 3 1 1 1 1 1 1 1 1 1 1 6 1 1 1 6 |realPatrol = 100|fitness = 12.588771936183193

第28个BestWave: 
6 1 4 1 1 5 1 5 6 |1 1 1 1 3 1 |1 4 1 1 1 1 1 1 3 |1 1 1 1 1 6 1 1 1 1 4 |1 3 1 1 1 1 1 1 1 1 1 1 6 1 1 1 6 |realPatrol = 100|fitness = 12.636278096913259

第29个BestWave: 
6 1 4 1 1 5 1 4 6 |1 1 1 1 2 1 |1 4 1 1 1 1 1 1 3 |1 1 1 1 1 6 1 1 1 1 5 |1 3 1 1 1 1 1 2 1 1 1 1 6 1 1 1 6 |realPatrol = 100|fitness = 12.588829539629879

第30个BestWave: 
6 1 4 1 1 5 1 5 6 |1 1 1 1 2 1 |1 4 1 1 1 1 1 1 3 |1 1 1 1 1 6 1 1 1 1 4 |1 3 1 1 1 1 1 1 1 1 1 1 6 2 1 1 6 |realPatrol = 100|fitness = 12.444745392621092

第31个BestWave: 
6 1 4 1 1 5 1 4 6 |1 1 1 1 2 1 |1 4 1 1 1 1 1 1 4 |1 1 1 1 1 6 1 1 1 1 5 |1 3 1 1 1 1 1 1 1 1 1 1 6 1 1 1 6 |realPatrol = 100|fitness = 12.593772269266148

第32个BestWave: 
6 1 4 1 1 5 1 5 6 |1 1 1 1 3 1 |1 4 1 1 1 1 1 1 3 |1 1 1 1 1 6 1 1 1 1 4 |1 3 1 1 1 1 1 1 1 1 1 1 6 1 1 1 6 |realPatrol = 100|fitness = 12.665084192744914

第33个BestWave: 
6 1 4 1 1 5 1 4 6 |1 1 1 1 2 1 |1 4 1 1 1 1 1 1 4 |1 1 1 1 1 6 1 1 1 1 5 |1 3 1 1 1 1 1 1 1 1 1 1 6 1 1 1 6 |realPatrol = 100|fitness = 12.646035132208366

第34个BestWave: 
6 1 4 1 1 5 1 5 6 |1 1 1 1 3 1 |1 4 1 1 1 1 1 1 3 |1 1 1 1 1 6 1 1 1 1 4 |1 3 1 1 1 1 1 1 1 1 1 1 6 1 1 1 6 |realPatrol = 100|fitness = 12.672841379737905

第35个BestWave: 
6 1 4 1 1 5 1 5 6 |1 1 1 1 3 1 |1 4 1 1 1 1 1 1 3 |1 1 1 1 1 6 1 1 1 1 4 |1 3 1 1 1 1 1 1 1 1 1 1 6 1 1 1 6 |realPatrol = 100|fitness = 12.912656644936554

第36个BestWave: 
6 1 4 1 1 5 1 5 6 |1 1 1 1 3 1 |1 4 1 1 1 1 1 1 3 |1 1 1 1 1 6 1 1 1 1 4 |1 3 1 1 1 1 1 1 1 1 1 1 6 1 1 1 6 |realPatrol = 100|fitness = 12.699902370994986

第37个BestWave: 
6 1 4 1 1 5 1 5 6 |1 1 1 1 3 1 |1 4 1 1 1 1 1 1 3 |1 1 1 1 1 6 1 1 1 1 4 |1 3 1 1 1 1 1 1 1 1 1 1 6 1 1 1 6 |realPatrol = 100|fitness = 12.550858983898811

第38个BestWave: 
6 1 5 1 1 5 1 5 6 |1 1 1 1 3 1 |1 4 1 1 1 1 1 1 3 |1 1 1 1 1 5 1 1 1 1 4 |1 3 1 1 1 1 1 1 1 1 1 1 6 1 1 1 6 |realPatrol = 100|fitness = 12.737051449239845

第39个BestWave: 
6 1 3 1 1 4 1 5 6 |1 1 1 1 3 1 |1 4 1 1 1 1 1 1 4 |1 1 1 1 1 6 1 1 1 1 5 |1 3 1 1 1 1 1 1 1 1 1 1 6 1 1 1 6 |realPatrol = 100|fitness = 12.817994807209345

第40个BestWave: 
6 1 4 1 1 5 1 5 6 |1 1 1 1 2 1 |1 4 1 1 1 1 1 1 4 |1 1 1 1 1 6 1 1 1 1 4 |1 3 1 1 1 1 1 1 1 1 1 1 6 1 1 1 6 |realPatrol = 100|fitness = 12.989532637244647

第41个BestWave: 
6 1 5 1 1 5 1 5 6 |1 1 1 1 3 1 |1 4 1 1 1 1 1 1 3 |1 1 1 1 1 6 1 1 1 1 3 |1 3 1 1 1 1 1 1 1 1 1 1 6 1 1 1 6 |realPatrol = 100|fitness = 12.651216228998498

第42个BestWave: 
6 1 4 1 1 5 1 4 6 |1 1 1 1 3 1 |1 5 1 1 1 1 1 1 3 |1 1 1 1 1 6 1 1 1 1 4 |1 3 1 1 1 1 1 1 1 1 1 1 6 1 1 1 6 |realPatrol = 100|fitness = 12.808388647273995

第43个BestWave: 
6 1 4 1 1 5 1 4 6 |1 1 1 1 3 1 |1 4 1 1 1 1 1 1 3 |1 1 1 1 1 6 1 1 1 1 5 |1 3 1 1 1 1 1 1 1 1 1 1 6 1 1 1 6 |realPatrol = 100|fitness = 12.632377790545863

第44个BestWave: 
6 1 4 1 1 5 1 5 6 |1 1 1 1 3 1 |1 4 1 1 1 1 1 1 3 |1 1 1 1 1 6 1 1 1 1 5 |1 1 1 1 1 1 1 1 1 1 1 1 6 2 1 1 6 |realPatrol = 100|fitness = 12.707951521799025

第45个BestWave: 
6 1 3 1 1 5 1 5 6 |1 1 1 1 3 1 |1 4 1 1 1 1 1 1 4 |1 1 1 1 1 6 1 1 1 1 4 |1 3 1 1 1 1 1 1 1 1 1 1 6 1 1 1 6 |realPatrol = 100|fitness = 12.463409044809428

第46个BestWave: 
6 1 4 1 1 5 1 5 6 |1 1 1 1 3 1 |1 4 1 1 1 1 1 1 3 |1 1 1 1 1 6 1 1 1 1 4 |1 3 1 1 1 1 1 1 1 1 1 1 6 1 1 1 6 |realPatrol = 100|fitness = 12.647476704171847

第47个BestWave: 
6 1 4 1 1 5 1 5 6 |1 1 1 1 3 1 |1 4 1 1 1 1 1 1 3 |1 1 1 1 1 6 1 1 1 1 4 |1 3 1 1 1 1 1 1 1 1 1 1 6 1 1 1 6 |realPatrol = 100|fitness = 12.83555201828191

第48个BestWave: 
6 1 4 1 1 5 1 5 6 |1 1 1 1 3 1 |1 4 1 1 1 1 1 1 3 |1 1 1 1 1 6 1 1 1 1 4 |1 3 1 1 1 1 1 1 1 1 1 1 6 1 1 1 6 |realPatrol = 100|fitness = 12.735494276721019

第49个BestWave: 
6 1 3 1 1 5 1 5 6 |1 1 1 1 3 1 |1 4 1 1 1 1 1 1 3 |1 1 1 1 1 5 1 1 1 1 5 |1 3 1 1 1 1 1 1 1 1 1 1 6 2 1 1 6 |realPatrol = 100|fitness = 12.760043934822528

第50个BestWave: 
6 1 4 1 1 5 1 4 6 |1 1 1 1 3 1 |1 4 1 1 1 1 1 1 3 |1 1 1 1 1 6 1 1 1 1 4 |1 3 1 1 1 1 1 1 1 1 1 1 6 2 1 1 6 |realPatrol = 100|fitness = 12.551506371391481

第51个BestWave: 
6 1 4 1 1 5 1 5 6 |1 1 1 1 3 1 |1 4 1 1 1 1 1 1 3 |1 1 1 1 1 6 1 1 1 1 4 |1 3 1 1 1 1 1 1 1 1 1 1 6 1 1 1 6 |realPatrol = 100|fitness = 12.771863843547012

第52个BestWave: 
6 1 4 1 1 5 1 5 6 |1 1 1 1 2 1 |1 5 1 1 1 1 1 1 3 |1 1 1 1 1 6 1 1 1 1 4 |1 3 1 1 1 1 1 1 1 1 1 1 6 1 1 1 6 |realPatrol = 100|fitness = 12.631508752848026

第53个BestWave: 
6 1 3 1 1 5 1 5 6 |1 1 1 1 3 1 |1 5 1 1 1 1 1 1 3 |1 1 1 1 1 6 1 1 1 1 3 |1 3 1 1 1 1 1 1 1 1 1 1 6 2 1 1 6 |realPatrol = 100|fitness = 12.543848425383231

第54个BestWave: 
6 1 4 1 1 5 1 4 6 |1 1 1 1 3 1 |1 5 1 1 1 1 1 1 3 |1 1 1 1 1 6 1 1 1 1 4 |1 3 1 1 1 1 1 1 1 1 1 1 6 1 1 1 6 |realPatrol = 100|fitness = 12.743779788690118

第55个BestWave: 
6 1 4 1 1 5 1 5 6 |1 1 1 1 3 1 |1 4 1 1 1 1 1 1 3 |1 1 1 1 1 6 1 1 1 1 4 |1 3 1 1 1 1 1 1 1 1 1 1 6 1 1 1 6 |realPatrol = 100|fitness = 12.714725441302212

第56个BestWave: 
6 1 4 1 1 5 1 5 6 |1 1 1 1 3 1 |1 4 1 1 1 1 1 1 3 |1 1 1 1 1 6 1 1 1 1 4 |1 3 1 1 1 1 1 1 1 1 1 1 6 1 1 1 6 |realPatrol = 100|fitness = 12.601186993149584

第57个BestWave: 
6 1 5 1 1 5 1 5 6 |1 1 1 1 2 1 |1 5 1 1 1 1 1 1 3 |1 1 1 1 1 6 1 1 1 1 4 |1 2 1 1 1 1 1 1 1 1 1 1 6 1 1 1 6 |realPatrol = 100|fitness = 12.849992006809956

第58个BestWave: 
6 1 4 1 1 5 1 5 6 |1 1 1 1 2 1 |1 4 1 1 1 1 1 1 3 |1 1 1 1 1 6 1 1 1 1 4 |1 3 1 1 1 1 1 2 1 1 1 1 6 1 1 1 6 |realPatrol = 100|fitness = 12.836804287750038

第59个BestWave: 
6 1 4 1 1 6 1 5 6 |1 1 1 1 3 1 |1 4 1 1 1 1 1 1 3 |1 1 1 1 1 6 1 1 1 1 5 |1 1 1 1 1 1 1 1 1 1 1 1 6 1 1 1 6 |realPatrol = 100|fitness = 12.747302809989819

第60个BestWave: 
6 1 4 1 1 5 1 5 6 |1 1 1 1 3 1 |1 4 1 1 1 1 1 1 4 |1 1 1 1 1 5 1 1 1 1 3 |1 3 1 1 1 1 1 1 1 1 1 1 6 2 1 1 6 |realPatrol = 100|fitness = 12.623751432178814

最优解的最大适应度：12.989532637244647
最优解的最小适应度：12.444745392621092
最优解的平均适应度：12.686396877611623
估计标准差值：0.12117760358202051
最优解的最佳分配：
6 1 4 1 1 5 1 5 6 |1 1 1 1 2 1 |1 4 1 1 1 1 1 1 4 |1 1 1 1 1 6 1 1 1 1 4 |1 3 1 1 1 1 1 1 1 1 1 1 6 1 1 1 6 |100|realPatrol = 100
PWWO算法运行求解巡逻调度问题耗时：0小时，1分钟，10秒
