第1个BestWave: 
6 1 6 1 1 5 1 5 6 |1 1 1 1 1 1 |1 4 1 1 1 1 1 1 1 |1 1 1 1 1 6 1 1 1 1 5 |1 4 1 1 1 1 1 1 1 1 1 1 6 1 1 1 6 |realPatrol = 100|fitness = 12.602015211912853

第2个BestWave: 
6 1 4 1 1 5 1 5 6 |1 1 1 1 4 1 |1 5 1 1 1 1 1 1 1 |1 1 1 1 1 6 1 1 1 1 4 |1 3 1 1 1 1 1 1 1 1 1 1 6 1 1 1 6 |realPatrol = 100|fitness = 12.610028825586749

第3个BestWave: 
6 1 5 1 1 5 1 3 6 |1 1 1 1 4 1 |1 3 1 1 1 1 1 1 3 |1 1 1 1 1 6 1 1 1 1 5 |1 3 1 1 1 1 1 1 1 1 1 1 6 1 1 1 6 |realPatrol = 100|fitness = 12.585422280228332

第4个BestWave: 
6 1 4 1 1 5 1 6 6 |1 1 1 1 1 1 |1 5 1 1 1 1 1 1 1 |1 1 1 1 1 6 1 1 1 1 5 |1 3 1 1 1 1 1 1 1 1 1 1 6 2 1 1 6 |realPatrol = 100|fitness = 12.773229826131221

第5个BestWave: 
6 1 3 1 1 5 1 6 6 |1 1 1 1 3 1 |1 5 1 1 1 1 1 1 1 |1 1 1 1 1 6 1 1 1 1 5 |1 3 1 1 1 1 1 1 1 1 1 1 6 1 1 1 6 |realPatrol = 100|fitness = 12.717215626485185

第6个BestWave: 
6 1 4 1 1 6 1 4 6 |1 1 1 1 1 1 |1 5 1 1 1 1 1 1 4 |1 1 1 1 1 6 1 1 1 1 4 |1 3 1 1 1 1 1 1 1 1 1 1 6 1 1 1 6 |realPatrol = 100|fitness = 12.742447656423387

第7个BestWave: 
6 1 5 1 1 5 1 6 6 |1 1 1 1 1 1 |1 4 1 1 1 1 1 1 3 |1 1 1 1 1 6 1 1 1 1 5 |1 2 1 1 1 1 1 1 1 1 1 1 6 1 1 1 6 |realPatrol = 100|fitness = 12.77847885706125

第8个BestWave: 
6 1 4 1 1 6 1 4 6 |1 1 1 1 1 1 |1 4 1 1 1 1 1 2 4 |1 1 1 1 1 6 1 1 1 1 4 |1 4 1 1 1 1 1 1 1 1 1 1 5 1 1 1 6 |realPatrol = 100|fitness = 12.719187325885361

第9个BestWave: 
6 1 3 1 1 5 1 5 6 |1 1 1 1 1 1 |1 5 1 1 1 1 1 1 5 |1 1 1 1 1 6 1 1 1 1 1 |1 4 1 1 1 1 1 1 1 1 1 1 6 3 1 1 6 |realPatrol = 100|fitness = 12.306714055883443

第10个BestWave: 
6 1 5 1 1 4 1 5 6 |1 1 1 1 3 1 |1 5 1 1 1 1 1 1 1 |1 1 1 1 1 6 1 1 1 1 6 |1 3 1 1 1 1 1 1 1 1 1 1 5 1 1 1 6 |realPatrol = 100|fitness = 12.487485065899449

第11个BestWave: 
6 1 3 1 1 5 1 5 6 |1 1 1 1 1 1 |1 3 1 1 1 1 1 3 3 |1 1 1 1 1 6 1 1 1 1 6 |1 3 1 1 1 1 1 1 1 1 1 1 6 1 1 1 6 |realPatrol = 100|fitness = 12.526329481964517

第12个BestWave: 
6 1 5 1 1 5 1 6 6 |1 1 1 1 3 1 |1 5 1 1 1 1 1 1 3 |1 1 1 1 1 6 1 1 1 1 1 |1 3 1 1 1 1 1 1 1 1 1 1 6 1 1 1 6 |realPatrol = 100|fitness = 12.759563646239053

第13个BestWave: 
6 1 6 1 1 6 1 4 6 |1 1 1 1 1 1 |1 4 1 1 1 1 1 1 5 |1 1 1 1 1 6 1 1 1 1 1 |1 4 1 1 1 1 1 1 1 1 1 1 6 1 1 1 6 |realPatrol = 100|fitness = 12.560807895684848

第14个BestWave: 
6 1 5 1 1 5 1 5 5 |1 1 1 1 3 1 |1 5 1 1 1 1 1 1 4 |1 1 1 1 1 3 1 1 1 1 3 |1 3 1 1 1 1 1 3 1 1 1 1 5 2 1 1 6 |realPatrol = 100|fitness = 12.693485816604591

第15个BestWave: 
6 1 5 1 1 5 1 5 6 |1 1 1 1 2 1 |1 5 1 1 1 1 1 1 4 |1 1 1 1 1 6 1 1 1 1 4 |1 1 1 1 1 1 1 1 1 1 1 1 6 1 1 1 6 |realPatrol = 100|fitness = 12.742223549836247

第16个BestWave: 
6 1 4 1 1 5 1 4 6 |1 1 1 1 4 1 |1 4 1 1 1 1 1 1 3 |1 1 1 1 1 6 1 1 1 1 5 |1 1 1 1 1 1 1 2 1 1 1 1 6 1 1 1 6 |realPatrol = 100|fitness = 12.572311910593589

第17个BestWave: 
6 1 6 1 1 5 1 4 6 |1 1 1 1 1 1 |1 4 1 1 1 1 1 1 5 |1 1 1 1 1 6 1 1 1 1 3 |1 3 1 1 1 1 1 1 1 1 1 1 6 1 1 1 6 |realPatrol = 100|fitness = 12.511587746926333

第18个BestWave: 
6 1 3 1 1 6 1 6 6 |1 1 1 1 1 1 |1 5 1 1 1 1 1 1 1 |1 1 1 1 1 6 1 1 1 1 6 |1 3 1 1 1 1 1 1 1 1 1 1 6 1 1 1 6 |realPatrol = 100|fitness = 12.661845179850774

第19个BestWave: 
6 1 4 1 1 6 1 4 6 |1 1 1 1 1 1 |1 6 1 1 1 1 1 1 1 |1 1 1 1 1 6 1 1 1 1 5 |1 4 1 1 1 1 1 1 1 1 1 1 6 1 1 1 6 |realPatrol = 100|fitness = 12.690649914568988

第20个BestWave: 
5 1 5 1 1 5 1 5 6 |1 1 1 1 2 1 |1 5 1 1 1 1 1 1 3 |1 1 1 1 1 6 1 1 1 1 4 |1 3 1 1 1 1 1 1 1 1 1 1 6 1 1 1 6 |realPatrol = 100|fitness = 12.660210279554628

第21个BestWave: 
6 1 2 1 1 6 1 5 6 |1 1 1 1 1 1 |1 5 1 1 1 1 1 1 1 |1 1 1 1 1 6 1 1 1 1 6 |1 3 1 1 1 1 1 1 1 1 1 1 6 3 1 1 6 |realPatrol = 100|fitness = 12.58906388368258

第22个BestWave: 
6 1 1 1 1 5 1 6 6 |1 1 1 1 4 1 |1 5 1 1 1 1 1 1 3 |1 1 1 1 1 6 1 1 1 1 1 |1 2 1 1 2 1 1 3 1 1 1 1 5 3 1 1 6 |realPatrol = 100|fitness = 12.551930975419662

第23个BestWave: 
6 1 6 1 1 5 1 5 6 |1 1 1 1 1 1 |1 5 1 1 1 1 1 1 3 |1 1 1 1 1 6 1 1 1 1 5 |1 1 1 1 1 1 1 1 1 1 1 1 6 1 1 1 6 |realPatrol = 100|fitness = 12.575842421264213

第24个BestWave: 
6 1 5 1 1 5 1 5 6 |1 1 1 1 1 1 |1 4 1 1 1 1 1 1 3 |1 1 1 1 1 6 1 1 1 1 5 |1 3 1 1 1 1 1 1 1 1 1 1 6 1 1 1 6 |realPatrol = 100|fitness = 12.513333817367377

第25个BestWave: 
6 1 5 1 1 5 1 5 6 |1 1 1 1 1 1 |1 3 1 1 1 1 1 1 3 |1 1 1 1 1 5 1 1 1 1 5 |1 5 1 1 1 1 1 1 1 1 1 1 6 1 1 1 6 |realPatrol = 100|fitness = 12.437549598779329

第26个BestWave: 
6 1 4 1 1 5 1 6 6 |1 1 1 1 4 1 |1 5 1 1 1 1 1 1 4 |1 1 1 1 1 5 1 1 1 1 3 |1 1 1 1 1 1 1 1 1 1 1 1 6 1 1 1 6 |realPatrol = 100|fitness = 12.687265680919797

第27个BestWave: 
6 1 4 1 1 6 1 5 6 |1 1 1 1 4 1 |1 5 1 1 1 1 1 1 4 |1 1 1 1 1 6 1 1 1 1 1 |1 1 1 1 1 1 1 2 1 1 1 1 6 1 1 1 6 |realPatrol = 100|fitness = 12.750567943031106

第28个BestWave: 
6 1 5 1 1 5 1 6 6 |1 1 1 1 1 1 |1 5 1 1 1 1 1 1 3 |1 1 1 1 1 6 1 1 1 1 2 |1 4 1 1 1 1 1 1 1 1 1 1 6 1 1 1 6 |realPatrol = 100|fitness = 12.675985908984392

第29个BestWave: 
6 1 5 1 1 5 1 6 6 |1 1 1 1 1 1 |1 5 1 1 1 1 1 1 2 |1 1 1 1 1 6 1 1 1 1 3 |1 4 1 1 1 1 1 1 1 1 1 1 6 1 1 1 6 |realPatrol = 100|fitness = 12.678800377044308

第30个BestWave: 
6 1 4 1 1 6 1 5 6 |1 1 1 1 4 1 |1 5 1 1 1 1 1 1 3 |1 1 1 1 1 6 1 1 1 1 3 |1 1 1 1 1 1 1 1 1 1 1 1 6 1 1 1 6 |realPatrol = 100|fitness = 12.765591390244563

第31个BestWave: 
6 1 1 1 1 6 1 5 6 |1 1 1 1 3 1 |1 5 1 1 1 1 1 1 1 |1 1 1 1 1 6 1 1 1 1 6 |1 4 1 1 1 1 1 1 1 1 1 1 6 1 1 1 6 |realPatrol = 100|fitness = 12.4827791041282

第32个BestWave: 
6 1 1 1 1 5 1 6 6 |1 1 1 1 3 1 |1 5 1 1 1 1 1 2 1 |1 1 1 1 1 6 1 1 1 1 6 |1 3 1 1 1 1 1 1 1 1 1 1 6 1 1 1 6 |realPatrol = 100|fitness = 12.549763267456234

第33个BestWave: 
6 1 5 1 1 5 1 5 6 |1 1 1 1 3 1 |1 5 1 1 1 1 1 1 1 |1 1 1 1 1 6 1 1 1 1 6 |1 1 1 1 1 1 1 1 1 1 1 1 6 1 1 1 6 |realPatrol = 100|fitness = 12.699307052213433

第34个BestWave: 
6 1 3 1 1 6 1 6 6 |1 1 1 1 2 1 |1 4 1 1 1 1 1 1 4 |1 1 1 1 1 6 1 1 1 1 1 |1 3 1 1 1 1 1 1 1 1 1 1 5 4 1 1 6 |realPatrol = 100|fitness = 12.557280359169521

第35个BestWave: 
5 1 4 1 1 4 1 6 6 |1 1 1 1 2 1 |1 3 1 1 1 1 1 1 3 |1 1 1 1 1 6 1 1 1 1 2 |1 5 1 1 1 1 1 1 1 1 1 1 6 4 1 1 6 |realPatrol = 100|fitness = 12.462256412493801

第36个BestWave: 
6 1 5 1 1 6 1 4 6 |1 1 1 1 4 1 |1 5 1 1 1 1 1 1 1 |1 1 1 1 1 6 1 1 1 1 5 |1 1 1 1 1 1 1 1 1 1 1 1 6 1 1 1 6 |realPatrol = 100|fitness = 12.888259426625458

第37个BestWave: 
6 1 5 1 1 5 1 6 6 |1 1 1 1 3 1 |1 4 1 1 1 1 1 1 1 |1 1 1 1 1 6 1 1 1 1 5 |1 2 1 1 1 1 1 1 1 1 1 1 6 1 1 1 6 |realPatrol = 100|fitness = 12.632787195011655

第38个BestWave: 
6 1 6 1 1 5 1 5 6 |1 1 1 1 2 1 |1 5 1 1 1 1 1 1 1 |1 1 1 1 1 5 1 1 1 1 5 |1 3 1 1 1 1 1 1 1 1 1 1 6 1 1 1 6 |realPatrol = 100|fitness = 12.573403439346066

第39个BestWave: 
6 1 4 1 1 5 1 5 6 |1 1 1 1 2 1 |1 5 1 1 1 1 1 1 4 |1 1 1 1 1 5 1 1 1 1 5 |1 3 1 1 1 1 1 1 1 1 1 1 5 1 1 1 6 |realPatrol = 100|fitness = 12.642290697048645

第40个BestWave: 
6 1 4 1 1 5 1 6 5 |1 1 1 1 1 1 |1 5 1 1 1 1 1 1 3 |1 1 1 1 1 6 1 1 1 1 4 |1 4 1 1 1 1 1 1 1 1 1 1 6 1 1 1 6 |realPatrol = 100|fitness = 12.49514709854467

第41个BestWave: 
6 1 3 1 1 4 1 5 6 |1 1 1 1 3 1 |1 6 1 1 1 1 1 1 1 |1 1 1 1 1 6 1 1 1 1 5 |1 3 1 1 1 1 1 2 1 1 1 1 6 1 1 1 6 |realPatrol = 100|fitness = 12.455350386720278

第42个BestWave: 
6 1 5 1 1 4 1 5 6 |1 1 1 1 4 1 |1 4 1 1 1 1 1 1 1 |1 1 1 1 1 6 1 1 1 1 5 |1 3 1 1 1 1 1 1 1 1 1 1 6 1 1 1 6 |realPatrol = 100|fitness = 12.569419865961532

第43个BestWave: 
6 1 5 1 1 5 1 6 6 |1 1 1 1 1 1 |1 5 1 1 1 1 1 1 4 |1 1 1 1 1 6 1 1 1 1 4 |1 1 1 1 1 1 1 1 1 1 1 1 6 1 1 1 6 |realPatrol = 100|fitness = 12.600392858465987

第44个BestWave: 
6 1 3 1 1 4 1 5 6 |1 1 1 1 1 1 |1 4 1 1 1 1 1 1 6 |1 1 1 1 1 6 1 1 1 1 6 |1 2 1 1 1 1 1 1 1 1 1 1 6 1 1 1 6 |realPatrol = 100|fitness = 12.62510862555609

第45个BestWave: 
6 1 6 1 1 5 1 6 6 |1 1 1 1 2 1 |1 3 1 1 1 1 1 1 3 |1 1 1 1 1 6 1 1 1 1 3 |1 3 1 1 1 1 1 1 1 1 1 1 6 1 1 1 6 |realPatrol = 100|fitness = 12.418779466673634

第46个BestWave: 
6 1 5 1 1 5 1 5 6 |1 1 1 1 1 1 |1 6 1 1 1 1 1 1 4 |1 1 1 1 1 6 1 1 1 1 1 |1 4 1 1 1 1 1 1 1 1 1 1 6 1 1 1 6 |realPatrol = 100|fitness = 12.496472407016896

第47个BestWave: 
6 1 5 1 1 5 1 5 6 |1 1 1 1 1 1 |1 5 1 1 1 1 1 1 1 |1 1 1 1 1 6 1 1 1 1 6 |1 3 1 1 1 1 1 1 1 1 1 1 6 1 1 1 6 |realPatrol = 100|fitness = 12.672322497760167

第48个BestWave: 
6 1 4 1 1 5 1 6 6 |1 1 1 1 1 1 |1 5 1 1 1 1 1 1 3 |1 1 1 1 1 5 1 1 1 1 3 |1 1 4 1 1 1 1 1 1 1 1 1 6 2 1 1 6 |realPatrol = 100|fitness = 12.766509915185301

第49个BestWave: 
6 1 4 1 1 6 1 5 6 |1 1 1 1 1 1 |1 6 1 1 1 1 2 1 1 |1 1 1 1 1 6 1 1 1 1 5 |1 2 1 1 1 1 1 1 1 1 1 1 6 1 1 1 6 |realPatrol = 100|fitness = 12.574335867222358

第50个BestWave: 
6 1 5 1 1 5 1 5 6 |1 1 1 1 3 1 |1 6 1 1 1 1 1 1 4 |1 1 1 1 1 6 1 1 1 1 1 |1 3 1 1 1 1 1 1 1 1 1 1 6 1 1 1 5 |realPatrol = 100|fitness = 12.715717233915992

第51个BestWave: 
6 1 5 1 1 5 1 5 6 |1 1 1 1 1 1 |1 4 1 1 1 1 1 1 3 |1 1 1 1 1 6 1 1 1 1 5 |1 3 1 1 1 1 1 1 1 1 1 1 6 1 1 1 6 |realPatrol = 100|fitness = 12.529324477752873

第52个BestWave: 
6 1 5 1 1 5 1 6 5 |1 1 1 1 6 1 |1 4 1 1 1 1 1 1 1 |1 1 1 1 1 6 1 1 1 1 2 |1 2 1 1 1 1 1 1 1 1 1 1 6 2 1 1 6 |realPatrol = 100|fitness = 12.65115917427779

第53个BestWave: 
6 1 5 1 1 6 1 5 6 |1 1 1 1 1 1 |1 5 1 1 1 1 1 1 3 |1 1 1 1 1 6 1 1 1 1 1 |1 4 1 1 1 1 1 2 1 1 1 1 6 1 1 1 6 |realPatrol = 100|fitness = 12.538551489448114

第54个BestWave: 
6 1 4 1 1 5 1 4 6 |1 1 1 1 3 1 |1 5 1 1 1 1 1 1 1 |1 1 1 1 1 6 1 1 1 1 5 |1 4 1 1 1 1 1 1 1 1 1 1 6 1 1 1 6 |realPatrol = 100|fitness = 12.615325506712907

第55个BestWave: 
6 1 4 1 1 6 1 5 6 |1 1 1 1 4 1 |1 4 1 1 1 1 1 1 3 |1 1 1 1 1 6 1 1 1 1 4 |1 1 1 1 1 1 1 1 1 1 1 1 6 1 1 1 6 |realPatrol = 100|fitness = 12.634248257541305

第56个BestWave: 
6 1 4 1 1 5 1 5 6 |1 1 1 1 3 1 |1 4 1 1 1 1 1 1 3 |1 1 1 1 1 4 1 1 1 1 5 |1 4 1 1 1 1 1 1 1 1 1 1 6 1 1 1 6 |realPatrol = 100|fitness = 12.586466884161336

第57个BestWave: 
5 1 4 1 1 6 1 5 6 |1 1 1 1 1 1 |1 4 1 1 1 1 1 1 4 |1 1 1 1 1 5 1 1 1 1 5 |1 3 1 1 1 1 1 1 1 1 1 1 6 2 1 1 6 |realPatrol = 100|fitness = 12.650605427946756

第58个BestWave: 
6 1 4 1 1 5 1 6 6 |1 1 1 1 3 1 |1 5 1 1 1 1 1 1 3 |1 1 1 1 1 6 1 1 1 1 1 |1 4 1 1 1 1 1 1 1 1 1 1 6 1 1 1 6 |realPatrol = 100|fitness = 12.50569193205365

第59个BestWave: 
6 1 4 1 1 6 1 4 6 |1 1 1 1 2 1 |1 5 1 1 1 1 1 1 3 |1 1 1 1 1 6 1 1 1 1 6 |1 1 1 1 1 1 1 1 1 1 1 1 6 1 1 1 6 |realPatrol = 100|fitness = 12.579110931069318

第60个BestWave: 
6 1 3 1 1 6 1 6 6 |1 1 1 1 4 1 |1 5 1 1 1 1 1 1 1 |1 1 1 1 1 6 1 1 1 1 4 |1 2 1 1 1 1 1 1 1 1 1 1 6 1 1 1 6 |realPatrol = 100|fitness = 12.542093675933113

最优解的最大适应度：12.888259426625458
最优解的最小适应度：12.306714055883443
最优解的平均适应度：12.61062388472452
估计标准差值：0.10739030122572213
最优解的最佳分配：
6 1 5 1 1 6 1 4 6 |1 1 1 1 4 1 |1 5 1 1 1 1 1 1 1 |1 1 1 1 1 6 1 1 1 1 5 |1 1 1 1 1 1 1 1 1 1 1 1 6 1 1 1 6 |100|realPatrol = 100
PWWO算法运行求解巡逻调度问题耗时：0小时，0分钟，9秒
