===============第1个全局最优解================
最佳代数：
0
最佳分配：
1 1 1 1 1 1 1 1 1 1 1 1 1 6 1 6 5 1 |1 1 1 6 1 2 1 6 1 1 1 |1 1 1 1 1 4 1 6 1 1 1 1 |1 1 1 1 6 1 6 1 1 6 6 1 1 1 1 1 |1 1 1 1 1 1 1 1 1 1 |5 1 1 1 1 1 1 1 1 1 1 1 1 6 1 6 1 |1 1 1 1 1 6 1 1 1 2 1 1 2 1 1 1 1 1 |1 1 1 1 1 1 1 |1 1 1 1 1 1 1 1 1 1 5 1 1 1 1 1 1 1 |1 1 1 1 1 1 2 1 1 6 1 1 1 1 1 1 1 1 1 |1 1 1 1 1 5 |1 1 1 1 1 1 1 1 1 1 |1 1 1 6 1 4 1 1 1 1 6 1 1 1 1 1 6 1 1 |1 1 6 6 1 1 1 6 2 |1 1 1 1 1 1 |1 1 6 1 1 1 1 1 1 1 5 1 1 1 1 1 1 |6 1 1 2 1 1 4 1 1 1 1 1 1 1 |1 1 1 1 1 1 1 1 |1 1 1 6 1 1 1 |1 1 1 1 1 1 1 1 1 1 1 1 1 1 1 1 |1 1 1 1 1 1 1 1 1 1 1 1 1 1 1 |1 6 1 1 1 1 1 1 1 1 2 1 1 5 1 1 1 1 |1 1 1 1 1 1 1 1 4 1 1 1 1 1 1 1 |1 1 1 1 1 1 1 1 1 1 1 1 3 1 |6 1 1 1 1 1 1 1 1 |1 1 1 1 6 1 1 1 1 1 1 1 1 1 1 1 1 2 6 1 |1 1 1 1 1 1 1 1 1 1 1 1 1 |1 1 1 1 1 6 1 1 1 1 1 1 1 1 1 1 1 1 1 1 |1 1 1 1 4 6 |6 1 1 1 1 1 6 1 1 1 1 1 |
最佳适应度：
112.33082445246752

===============第2个全局最优解================
最佳代数：
0
最佳分配：
1 1 1 1 1 1 1 1 1 1 1 1 1 6 1 6 4 1 |1 1 1 6 1 1 1 6 1 1 1 |1 1 1 1 1 5 1 3 1 1 1 1 |1 1 1 1 1 1 5 1 1 1 6 6 1 1 1 1 |1 1 1 1 1 1 1 1 4 1 |2 1 1 1 1 1 1 1 1 1 1 1 1 1 1 6 1 |1 1 1 1 1 3 1 1 1 3 1 1 5 1 1 1 1 1 |1 1 4 1 1 1 1 |3 1 1 1 1 1 1 1 1 1 4 1 1 1 1 1 1 1 |1 1 1 1 1 1 2 1 1 1 1 1 1 1 1 1 1 1 1 |1 1 1 1 1 1 |1 1 1 1 1 1 1 1 1 1 |1 1 1 6 1 1 1 1 1 1 5 1 1 6 1 1 1 1 1 |1 1 6 6 1 1 1 1 1 |1 1 1 1 6 1 |1 1 6 1 1 1 1 1 1 1 5 1 1 1 1 1 1 |6 1 1 3 1 1 6 1 1 1 1 1 1 1 |1 1 1 1 1 1 1 1 |1 1 1 6 1 1 1 |1 1 1 1 1 1 1 1 1 1 1 2 1 1 1 1 |1 1 1 1 1 1 1 1 1 1 1 1 1 1 1 |1 6 1 1 1 1 1 1 1 1 3 1 1 6 1 1 1 1 |1 1 1 1 5 1 1 1 5 1 1 6 1 1 1 1 |1 1 1 1 1 1 1 1 1 1 1 1 6 1 |6 1 1 1 1 1 1 1 1 |1 1 1 1 6 6 1 1 6 1 1 1 1 1 1 1 1 1 6 1 |1 1 1 1 1 1 1 1 1 1 1 1 1 |1 1 1 1 1 1 1 1 1 1 1 4 6 1 1 1 1 1 1 1 |1 1 1 1 2 6 |1 1 1 1 1 1 6 1 1 1 1 1 |
最佳适应度：
110.90757809957019

===============第3个全局最优解================
最佳代数：
0
最佳分配：
1 1 1 1 1 1 1 1 1 1 1 1 1 6 1 6 1 1 |1 1 1 6 1 1 1 6 1 1 1 |1 1 1 1 1 1 1 3 1 1 1 1 |1 1 1 1 5 1 6 1 1 5 6 4 1 1 1 1 |1 1 1 1 1 1 1 1 3 1 |1 1 1 1 1 1 1 1 1 1 1 1 1 5 1 6 1 |1 1 1 1 1 6 1 1 1 3 1 1 2 1 1 1 1 1 |1 1 2 1 1 1 3 |1 1 1 1 1 2 1 1 1 1 1 1 1 1 1 1 1 1 |1 1 1 1 1 1 4 1 1 4 1 1 1 1 1 1 1 1 1 |1 1 1 1 1 1 |1 1 1 1 1 1 1 1 1 1 |1 1 1 6 1 6 1 1 1 1 6 1 1 4 1 1 6 1 1 |1 1 5 6 1 1 1 6 1 |1 1 1 1 5 1 |1 1 6 1 1 1 1 1 1 1 5 1 1 1 1 1 1 |6 1 1 1 1 1 4 1 1 1 1 1 1 1 |1 1 1 1 1 1 1 1 |1 1 1 6 1 1 1 |1 1 1 1 1 1 1 1 1 1 1 1 1 1 1 1 |1 1 1 1 1 1 1 1 1 1 1 1 1 1 1 |1 6 1 1 1 1 1 1 1 1 1 1 1 1 1 1 1 1 |1 1 1 1 4 1 1 1 1 1 1 6 1 1 1 1 |1 1 1 1 1 1 1 1 1 1 1 1 1 1 |6 1 1 1 1 1 1 1 1 |1 1 1 1 6 6 1 1 5 1 1 1 1 1 1 1 1 3 6 1 |1 1 1 1 1 1 1 1 1 1 1 1 1 |1 1 1 1 1 6 1 1 1 1 1 1 6 1 1 1 1 1 1 1 |1 1 1 1 1 6 |6 1 1 1 1 1 6 1 1 1 1 1 |
最佳适应度：
112.12926761446892

===============第4个全局最优解================
最佳代数：
0
最佳分配：
1 1 1 1 1 1 1 1 1 1 1 1 1 6 1 6 5 1 |1 1 1 1 1 4 1 6 1 1 1 |2 1 1 1 1 1 1 5 1 1 1 1 |1 1 1 1 6 1 6 1 1 1 6 1 1 1 1 1 |1 1 1 1 1 1 1 1 4 1 |6 1 1 1 1 1 1 1 1 1 1 1 1 4 1 6 1 |1 1 1 1 1 6 1 1 1 3 1 1 4 1 1 1 1 1 |1 1 2 1 1 1 1 |1 1 1 1 1 1 1 1 1 1 3 1 1 1 1 1 1 1 |1 1 1 1 1 1 3 1 1 5 1 1 1 1 1 1 1 1 1 |1 1 1 1 1 4 |1 1 1 1 1 1 1 1 1 1 |1 1 1 1 1 1 1 1 1 1 6 1 1 1 1 1 6 1 1 |1 1 6 6 1 1 1 6 1 |1 1 1 1 6 1 |1 1 5 1 1 1 1 1 1 1 1 1 1 1 1 1 1 |6 1 1 3 1 1 4 1 1 1 1 1 1 1 |1 1 1 1 1 1 1 1 |1 1 1 6 1 1 1 |1 1 1 1 1 1 1 1 1 1 1 1 1 1 1 1 |1 1 1 1 1 1 1 1 1 1 1 1 1 1 1 |1 6 1 1 1 2 1 1 1 1 3 1 1 4 1 1 1 1 |1 1 1 1 2 1 1 1 1 1 1 6 1 1 5 3 |1 1 1 6 1 1 1 1 1 1 1 1 1 1 |6 1 1 1 1 1 1 4 1 |1 1 1 1 6 6 1 1 1 1 1 1 1 1 1 1 1 1 6 1 |1 1 1 1 1 1 1 1 1 1 1 1 1 |4 1 1 1 1 6 1 1 1 1 1 2 1 1 1 1 1 1 1 1 |1 1 1 1 1 6 |1 1 1 1 1 1 6 1 1 1 1 1 |
最佳适应度：
111.39537229729312

===============第5个全局最优解================
最佳代数：
0
最佳分配：
1 1 1 1 1 1 1 1 1 1 1 1 1 6 1 6 3 1 |1 1 1 6 1 2 1 6 1 1 1 |1 1 1 1 1 1 1 6 1 1 1 1 |1 1 1 1 6 1 6 1 1 6 6 1 1 1 1 1 |1 1 1 1 1 1 1 1 4 1 |4 1 1 1 1 1 1 1 1 1 1 1 1 3 1 6 1 |1 1 1 1 1 6 1 1 1 1 1 1 1 1 1 1 2 1 |1 1 3 1 1 1 1 |1 1 1 1 1 1 1 1 1 1 4 1 1 1 1 1 3 1 |1 1 1 1 1 1 3 1 1 1 1 1 1 1 1 1 1 1 1 |1 1 1 1 1 1 |1 1 1 1 1 1 1 1 1 1 |1 1 1 6 1 6 1 1 1 1 6 1 1 6 1 1 2 1 1 |1 1 5 6 1 4 1 6 2 |1 1 1 1 6 1 |1 1 5 1 1 1 1 1 1 1 1 1 1 1 1 1 1 |6 1 1 1 1 1 4 1 1 1 1 1 1 1 |1 1 1 1 1 1 1 1 |1 1 1 1 1 1 1 |1 1 2 1 1 1 1 1 1 1 1 1 1 1 1 1 |1 1 1 1 1 1 1 1 1 1 1 1 1 1 1 |1 6 1 1 1 1 1 1 1 1 2 1 1 3 1 1 1 4 |1 1 1 1 2 1 1 1 1 1 1 1 1 1 1 1 |1 1 1 2 1 1 1 1 1 1 1 1 3 1 |6 1 1 1 1 1 1 2 1 |1 1 1 1 1 6 1 1 6 1 1 1 1 1 1 1 1 1 6 1 |1 1 1 1 1 1 1 1 1 1 1 1 1 |6 1 1 1 1 6 1 1 1 1 1 3 6 1 1 1 1 1 1 1 |1 1 1 1 1 6 |5 1 1 1 1 1 5 1 1 1 1 1 |
最佳适应度：
112.04499565982499

===============第6个全局最优解================
最佳代数：
0
最佳分配：
1 1 1 1 1 1 1 1 1 1 1 1 1 6 1 6 3 1 |1 1 1 6 1 1 1 6 1 1 1 |1 1 1 1 1 1 1 6 1 1 1 1 |1 1 1 1 6 1 6 1 1 1 6 2 1 1 1 1 |1 1 1 1 1 1 1 1 6 1 |6 1 1 1 1 1 1 1 1 1 1 1 1 5 1 6 1 |1 1 1 1 1 6 1 1 2 4 1 1 1 1 1 1 3 1 |1 1 2 1 1 1 1 |1 1 1 1 1 3 1 1 1 1 1 1 1 1 1 1 1 1 |1 1 1 1 1 1 1 1 1 1 1 1 1 1 1 1 1 1 1 |1 1 1 1 1 2 |1 1 1 1 1 1 1 1 1 1 |1 1 1 1 1 5 1 1 1 1 6 1 1 6 1 1 1 1 1 |1 1 6 6 1 4 1 6 1 |1 1 1 1 6 1 |1 1 1 1 1 1 1 1 1 1 6 1 1 1 1 1 1 |6 1 1 3 1 1 5 1 1 1 1 1 1 1 |1 1 1 1 1 1 1 1 |1 1 1 1 1 1 1 |1 1 1 1 1 1 1 1 1 1 1 1 1 1 1 1 |1 1 1 1 1 1 1 1 1 1 1 1 1 1 1 |1 6 1 1 1 1 1 1 1 1 1 1 1 6 1 1 1 3 |1 1 1 1 1 1 1 1 1 1 1 6 1 1 1 1 |1 1 1 1 1 1 1 1 1 1 1 1 4 1 |6 1 1 1 1 1 1 1 1 |1 1 1 1 6 1 1 1 6 1 1 1 1 1 1 1 1 4 6 1 |1 1 1 1 1 1 1 1 2 1 1 1 1 |6 1 1 1 1 5 1 1 1 1 1 1 1 1 1 1 1 1 1 1 |1 1 1 1 2 6 |6 1 1 1 1 1 6 1 1 1 1 1 |
最佳适应度：
110.71486749588287

===============第7个全局最优解================
最佳代数：
0
最佳分配：
1 1 1 1 1 1 1 1 1 1 1 1 1 6 1 6 4 1 |1 1 1 6 1 3 1 6 1 1 1 |1 1 1 1 1 1 1 6 1 1 1 1 |1 1 1 1 6 1 5 1 1 5 6 5 1 1 1 1 |1 1 1 1 1 1 1 1 2 1 |5 1 1 1 1 1 1 1 1 1 1 1 1 5 1 6 1 |1 1 1 1 1 6 1 1 1 1 1 1 1 1 1 1 1 1 |1 1 1 1 1 1 1 |1 1 1 1 1 1 1 1 1 1 3 1 1 1 1 1 1 1 |1 1 1 1 1 1 3 1 1 2 1 1 1 1 1 1 1 1 1 |1 1 1 1 1 4 |1 1 1 1 1 1 1 1 1 1 |1 1 1 6 1 6 1 1 1 1 6 1 1 3 1 1 6 1 1 |1 1 6 6 1 4 1 2 2 |1 1 1 1 6 1 |1 1 6 1 1 1 1 1 1 1 5 1 1 1 1 1 1 |1 1 1 1 1 1 1 1 1 1 1 1 1 1 |1 1 1 1 1 1 1 1 |1 1 1 6 1 1 1 |1 1 1 1 1 1 1 1 1 1 1 1 1 1 1 1 |1 1 1 1 1 1 1 1 1 1 1 1 1 1 1 |1 6 1 1 1 1 1 1 1 1 2 1 1 1 1 1 1 4 |1 1 1 1 1 1 1 1 1 1 1 6 1 1 3 1 |1 1 1 2 1 1 1 1 1 1 1 1 1 1 |6 1 1 1 1 1 1 1 1 |1 1 1 1 6 6 1 1 4 1 1 1 1 1 1 1 1 2 6 1 |1 1 1 1 1 1 1 1 1 1 1 1 1 |5 1 1 1 1 6 1 1 1 1 1 1 1 1 1 1 1 1 1 1 |1 1 1 1 1 5 |6 1 1 1 1 1 6 1 1 1 1 1 |
最佳适应度：
112.2405012415649

===============第8个全局最优解================
最佳代数：
0
最佳分配：
1 1 1 1 1 1 1 1 1 1 1 1 1 2 1 6 5 1 |1 1 1 6 1 3 1 6 1 1 1 |1 1 1 1 1 1 1 6 1 1 1 1 |1 1 1 1 6 1 6 1 2 3 6 1 1 1 1 1 |1 1 1 1 1 1 1 1 6 1 |5 1 1 1 1 1 1 1 1 1 1 1 1 6 1 6 1 |1 1 1 1 1 6 1 1 1 1 1 1 1 1 1 1 1 1 |1 1 5 1 1 1 1 |1 1 1 1 1 1 1 1 1 1 4 1 1 1 1 1 4 1 |1 1 1 1 1 1 4 1 1 1 1 1 1 1 1 1 1 1 1 |1 1 1 1 1 1 |1 1 1 1 1 1 1 1 1 1 |1 1 1 6 1 6 1 1 1 1 6 1 1 1 1 1 6 1 1 |1 1 6 6 1 4 1 6 2 |1 1 1 1 1 1 |1 1 1 1 1 1 1 1 1 1 5 1 1 1 1 1 1 |1 1 1 2 1 1 1 1 1 1 1 1 1 1 |1 1 1 1 1 1 1 1 |1 1 1 6 1 1 1 |1 1 1 1 1 1 1 1 1 1 1 1 1 1 1 1 |1 1 1 1 1 1 1 1 1 1 1 1 1 1 1 |1 6 1 1 1 1 1 1 1 1 1 1 1 1 1 1 1 5 |1 1 1 1 1 1 1 1 1 1 1 6 1 1 1 3 |1 1 1 6 1 1 1 1 1 1 1 1 1 1 |6 1 1 1 1 1 5 2 1 |1 1 1 1 6 6 1 1 4 1 1 1 1 1 1 1 1 1 1 1 |1 1 1 1 1 1 1 1 1 1 1 1 1 |5 1 1 1 1 1 1 1 1 1 1 1 6 1 1 1 1 1 1 1 |1 1 1 1 1 6 |6 1 1 1 1 1 6 1 1 1 1 1 |
最佳适应度：
111.43707539002843

===============第9个全局最优解================
最佳代数：
0
最佳分配：
1 1 1 1 1 1 1 1 1 1 1 1 1 1 1 6 3 1 |1 1 1 6 1 2 1 6 1 1 1 |1 1 1 1 1 1 1 6 1 1 1 1 |1 1 1 1 6 1 6 1 1 1 5 1 1 1 1 1 |1 1 1 1 1 1 1 1 2 1 |5 1 1 1 1 1 1 1 1 1 1 1 1 4 1 6 1 |1 1 1 1 1 5 1 1 1 1 1 1 1 1 1 1 1 1 |1 1 2 1 1 1 1 |1 1 1 1 1 2 1 1 1 1 4 1 1 1 1 1 1 1 |1 1 1 1 1 1 1 1 1 4 1 1 1 1 1 1 1 1 1 |1 1 1 1 1 5 |1 1 1 1 1 1 1 1 1 1 |1 1 1 6 1 5 1 1 1 1 6 1 1 1 1 1 6 1 1 |1 1 6 6 1 3 1 6 1 |1 1 1 1 6 1 |1 1 6 1 1 1 1 1 1 1 5 1 1 1 1 1 1 |6 1 1 2 1 1 4 1 1 1 1 1 1 1 |1 1 1 1 1 1 1 1 |1 1 1 6 1 1 1 |1 1 1 1 1 1 1 1 1 1 1 1 1 1 1 1 |1 1 1 1 1 1 1 1 1 1 1 1 1 1 1 |1 6 1 1 1 1 1 1 1 1 1 1 1 2 1 1 1 3 |1 1 1 1 3 1 1 1 6 1 1 6 1 1 3 1 |1 1 1 5 1 1 1 1 1 1 1 1 4 1 |1 1 1 1 1 1 1 2 1 |1 1 1 1 6 6 1 1 6 1 1 1 1 1 1 1 1 1 5 1 |1 1 1 1 1 1 1 1 1 1 1 1 1 |1 1 1 1 1 6 1 1 1 1 1 1 1 1 1 1 1 1 1 1 |1 1 1 1 2 6 |5 1 1 1 1 1 6 1 1 1 1 1 |
最佳适应度：
111.01903332346839

===============第10个全局最优解================
最佳代数：
0
最佳分配：
1 1 1 1 1 1 1 1 1 1 1 1 1 6 1 6 5 1 |1 1 1 6 1 1 1 6 1 1 1 |1 1 1 1 1 1 1 6 1 1 1 1 |1 1 1 1 6 1 6 1 1 6 6 1 1 1 1 1 |1 1 1 1 1 1 1 1 5 1 |5 1 1 1 1 1 1 1 1 1 1 1 1 5 1 6 1 |1 1 1 1 1 6 1 1 1 1 1 1 2 1 1 1 1 1 |1 1 1 1 1 1 3 |1 1 1 1 1 1 1 1 1 1 1 1 1 1 1 1 1 1 |1 1 1 1 1 1 1 1 1 1 1 1 1 1 1 1 1 1 1 |1 1 1 1 1 1 |1 1 1 1 1 1 1 1 1 1 |1 1 1 1 1 6 1 1 1 1 6 1 1 6 1 1 6 1 1 |1 1 6 6 1 2 1 6 1 |1 1 1 1 1 1 |1 1 6 1 1 1 1 1 1 1 1 1 1 1 1 1 1 |6 1 1 1 1 1 2 1 1 1 1 1 1 1 |1 1 1 1 1 1 1 1 |1 1 1 6 1 1 1 |1 1 1 1 1 1 1 1 1 1 1 1 1 1 1 1 |1 1 1 1 1 1 1 1 1 1 1 1 1 1 1 |1 6 1 1 1 1 1 1 1 1 1 1 1 4 1 1 1 3 |1 1 1 1 1 1 1 1 6 1 1 6 1 1 1 1 |1 1 1 4 1 1 1 1 1 1 1 1 1 1 |6 1 1 1 1 1 1 1 1 |1 1 1 1 6 6 1 1 6 1 1 1 1 1 1 1 1 1 6 1 |1 1 1 1 1 1 1 1 1 1 1 1 1 |6 1 1 1 1 6 1 1 1 1 1 1 6 1 1 1 1 1 1 1 |1 1 1 1 1 6 |1 1 1 1 1 1 6 1 1 1 1 1 |
最佳适应度：
113.6054187837693

===============第11个全局最优解================
最佳代数：
0
最佳分配：
1 1 1 1 1 1 1 1 1 1 1 1 1 5 1 6 5 1 |1 1 1 6 1 3 1 6 1 1 1 |1 1 1 1 1 3 1 3 1 1 1 1 |1 1 1 1 1 1 6 1 1 1 6 1 1 1 1 1 |1 1 1 1 1 1 1 1 4 1 |5 1 1 1 1 1 1 1 1 1 1 1 1 5 1 6 1 |1 1 1 1 1 6 1 1 1 1 1 1 3 1 1 1 1 1 |1 1 2 1 1 1 1 |1 1 1 1 1 1 1 1 1 1 4 1 1 1 1 1 1 1 |1 1 1 1 1 1 1 1 1 2 1 1 1 1 1 1 1 1 1 |1 1 1 1 1 6 |1 1 1 1 1 1 1 1 1 1 |1 1 1 6 1 6 1 1 1 1 6 1 1 1 1 1 6 1 1 |1 1 6 6 1 1 1 6 3 |1 1 1 1 5 1 |1 1 5 1 1 1 1 1 1 1 5 1 1 1 1 1 1 |6 1 1 2 1 1 3 1 1 1 1 1 1 1 |1 1 1 1 1 1 1 1 |1 1 1 6 1 1 1 |1 1 1 1 1 1 1 1 1 1 1 1 1 1 1 1 |1 1 1 1 1 1 1 1 1 1 1 1 1 1 1 |1 6 1 1 1 1 1 1 1 1 2 1 1 5 1 1 1 1 |1 1 1 1 2 1 1 1 5 1 1 6 1 1 1 1 |1 1 1 1 1 1 1 1 1 1 1 1 3 1 |6 1 1 1 1 1 2 1 1 |1 1 1 1 6 6 1 1 6 1 1 1 1 1 1 1 1 1 6 1 |1 1 1 1 1 1 1 1 1 1 1 1 1 |2 1 1 1 1 6 1 1 1 1 1 2 1 1 1 1 1 1 1 1 |1 1 1 1 1 6 |1 1 1 1 1 1 6 1 1 1 1 1 |
最佳适应度：
111.99887938245729

===============第12个全局最优解================
最佳代数：
0
最佳分配：
1 1 1 1 1 1 1 1 1 1 1 1 1 6 1 6 3 1 |1 1 1 6 1 1 1 2 1 1 1 |1 1 1 1 1 1 1 6 1 1 1 1 |1 1 1 1 6 1 6 1 1 1 6 1 1 1 1 1 |1 1 1 1 1 1 1 1 6 1 |1 1 1 1 1 1 1 1 1 1 1 1 1 3 1 6 1 |1 1 1 1 1 6 1 1 1 1 1 1 1 1 1 1 3 1 |1 1 1 1 1 1 5 |1 1 1 1 1 4 1 1 1 1 1 1 1 1 1 1 1 1 |1 1 1 1 1 1 2 1 1 4 1 1 1 1 1 1 1 1 1 |1 1 1 1 1 6 |1 1 1 1 1 1 1 1 1 1 |1 1 1 6 1 6 1 1 1 1 6 1 1 6 1 1 1 1 1 |1 1 6 6 1 1 1 6 3 |1 1 1 1 1 1 |1 1 1 1 1 1 1 1 1 1 6 1 1 1 1 1 1 |6 1 1 2 1 1 2 1 1 1 1 1 1 1 |1 1 1 1 1 1 1 1 |1 1 1 6 1 1 1 |1 1 1 1 1 1 1 1 1 1 1 1 1 1 1 1 |1 1 1 1 1 1 1 1 1 1 1 1 1 1 1 |1 1 1 1 1 1 1 1 1 1 1 1 1 3 1 1 1 3 |1 1 1 1 1 1 1 1 6 1 1 6 1 1 4 3 |1 1 1 1 1 1 1 1 1 1 1 1 1 1 |6 1 1 1 1 1 4 1 1 |1 1 1 1 6 6 1 1 6 1 1 1 1 1 1 1 1 4 6 1 |1 1 1 1 1 1 1 1 1 1 1 1 1 |1 1 1 1 1 6 1 1 1 1 1 5 2 1 1 1 1 1 1 1 |1 1 1 1 3 6 |6 1 1 1 1 1 1 1 1 1 1 1 |
最佳适应度：
110.1588437092469

===============第13个全局最优解================
最佳代数：
0
最佳分配：
1 1 1 1 1 1 1 1 1 1 1 1 1 6 1 6 1 1 |1 1 1 6 1 4 1 6 1 1 1 |1 1 1 1 1 1 1 4 1 1 1 1 |1 1 1 1 6 1 6 1 1 1 5 1 1 1 1 1 |1 1 1 1 1 1 1 1 3 1 |5 1 1 1 1 1 1 1 1 1 1 1 1 1 1 6 1 |1 1 1 1 1 6 1 1 1 3 1 1 3 1 1 1 1 1 |1 1 2 1 1 1 3 |3 1 1 1 1 1 1 1 1 1 4 1 1 1 1 1 1 1 |1 1 1 1 1 1 4 1 1 5 1 1 1 1 1 1 1 1 1 |1 1 1 1 1 1 |1 1 1 1 1 1 1 1 1 1 |1 1 1 6 1 5 1 1 1 1 6 1 1 1 1 1 1 1 1 |1 1 6 6 1 4 1 6 2 |1 1 1 1 6 1 |1 1 6 1 1 1 1 1 1 1 1 1 1 1 1 1 1 |6 1 1 1 1 1 2 1 1 1 1 1 1 1 |1 1 1 1 1 1 1 1 |1 1 1 6 1 1 1 |1 1 1 1 1 1 1 1 1 1 1 1 1 1 1 1 |1 1 1 1 1 1 1 1 1 1 1 1 1 1 1 |1 6 1 1 1 1 1 1 1 1 1 1 1 4 1 1 1 1 |1 1 1 1 1 1 1 1 1 1 1 6 1 1 1 1 |1 1 1 1 1 1 1 1 1 1 1 1 4 1 |6 1 1 1 1 1 2 1 1 |1 1 1 1 6 6 1 1 4 1 1 1 1 1 1 1 1 2 6 1 |1 1 1 1 1 1 1 1 1 1 1 1 1 |5 1 1 1 1 6 1 1 1 1 1 4 6 1 1 1 1 1 1 1 |1 1 1 2 2 6 |6 1 1 1 1 1 1 1 1 1 1 1 |
最佳适应度：
112.25110290862864

===============第14个全局最优解================
最佳代数：
0
最佳分配：
1 1 1 1 1 1 1 1 1 1 1 1 1 5 1 6 1 1 |1 1 1 6 1 2 1 1 1 1 1 |1 1 1 1 1 2 1 6 1 1 1 1 |1 1 1 1 5 1 6 1 1 1 6 1 1 1 1 1 |1 1 1 1 1 1 1 1 3 1 |4 1 1 1 1 1 1 1 1 1 1 1 1 1 1 6 1 |1 1 1 1 1 6 1 1 1 2 1 1 3 1 1 1 3 1 |1 1 1 1 1 1 1 |1 1 1 1 1 4 1 1 1 1 4 1 1 1 1 1 2 1 |1 1 1 1 1 1 4 1 1 4 1 1 1 1 1 1 1 1 1 |1 1 1 1 1 3 |1 1 1 1 1 1 1 1 1 1 |1 1 1 6 1 6 1 1 1 1 6 1 1 1 1 1 6 1 1 |1 1 6 6 1 1 1 6 1 |1 1 1 1 5 1 |1 1 6 1 1 1 1 1 1 1 3 1 1 1 1 1 1 |6 1 1 1 1 1 4 1 1 1 1 1 1 1 |1 1 1 1 1 1 1 1 |1 1 1 6 1 1 1 |1 1 1 1 1 1 1 1 1 1 1 1 1 1 1 1 |1 1 1 1 1 1 1 1 1 1 1 1 1 1 1 |1 6 1 1 1 1 1 1 1 1 2 1 1 1 1 1 1 2 |1 1 1 1 1 1 1 1 5 1 1 5 1 1 1 1 |1 1 1 5 1 1 1 1 1 1 1 1 1 1 |6 1 1 1 1 1 1 4 1 |1 1 1 1 6 6 1 1 1 1 1 1 1 1 1 1 1 1 6 1 |1 1 1 1 1 1 1 1 1 1 1 1 1 |5 1 1 1 1 6 1 1 1 1 1 1 6 1 1 1 1 1 1 1 |1 1 1 1 3 6 |3 1 1 1 1 1 6 1 1 1 1 1 |
最佳适应度：
113.06200264369913

===============第15个全局最优解================
最佳代数：
0
最佳分配：
1 1 1 1 1 1 1 1 1 1 1 1 1 6 1 1 4 1 |1 1 1 6 1 1 1 6 1 1 1 |2 1 1 1 1 4 1 6 1 1 1 1 |1 1 1 1 6 1 6 1 2 1 6 6 1 1 1 1 |1 1 1 1 1 1 1 1 1 1 |5 1 1 1 1 1 1 1 1 1 1 1 1 2 1 6 1 |1 1 1 1 1 6 1 1 1 1 1 1 1 1 1 1 1 1 |1 1 2 1 1 1 1 |1 1 1 1 1 1 1 1 1 1 1 1 1 1 1 1 1 1 |1 1 1 1 1 1 1 1 1 4 1 1 1 1 1 1 1 1 1 |1 1 1 1 1 3 |1 1 1 1 1 1 1 1 1 1 |1 1 1 4 1 3 1 1 1 1 6 1 1 2 1 1 5 1 1 |1 1 6 6 1 4 1 6 2 |1 1 1 1 6 1 |1 1 6 1 1 1 1 1 1 1 5 1 1 1 1 1 1 |6 1 1 3 1 1 3 1 1 1 1 1 1 1 |1 1 1 1 1 1 1 1 |1 1 1 6 1 1 1 |1 1 1 1 1 1 1 1 1 1 1 1 1 1 1 1 |1 1 1 1 1 1 1 1 1 1 1 1 1 1 1 |1 6 1 1 1 2 1 1 1 1 1 1 1 6 1 1 1 3 |1 1 1 1 1 1 1 1 1 1 1 4 1 1 1 1 |1 1 1 6 1 1 1 1 1 1 1 1 3 1 |6 1 1 1 1 1 1 1 1 |1 1 1 1 5 5 1 1 3 1 1 1 1 1 1 1 1 1 6 1 |1 1 1 1 1 1 1 1 1 1 1 1 1 |1 1 1 1 1 6 1 1 1 1 1 1 4 1 1 1 1 1 1 1 |1 1 1 1 3 6 |6 1 1 1 1 1 6 1 1 1 1 1 |
最佳适应度：
111.49516229215119

===============第16个全局最优解================
最佳代数：
0
最佳分配：
1 1 1 1 1 1 1 1 1 1 1 1 1 6 1 6 1 1 |1 1 1 2 1 1 1 6 1 1 1 |1 1 1 1 1 4 1 6 1 1 1 1 |1 1 1 1 6 1 6 1 3 6 6 1 1 1 1 1 |1 1 1 1 1 1 1 1 5 1 |1 1 1 1 1 1 1 1 1 1 1 1 1 6 1 6 1 |1 1 1 1 1 1 1 1 1 1 1 1 1 1 1 1 3 1 |1 1 2 1 1 1 3 |1 1 1 1 1 1 1 1 1 1 5 1 1 1 1 1 1 1 |1 1 1 1 1 1 4 1 1 1 1 1 1 1 1 1 1 1 1 |1 1 1 1 1 1 |1 1 1 1 1 1 1 1 1 1 |1 1 1 6 1 6 1 1 1 1 6 1 1 1 1 1 6 1 1 |1 1 6 6 1 1 1 6 1 |1 1 1 1 5 1 |1 1 6 1 1 1 1 1 1 1 6 1 1 1 1 1 1 |6 1 1 1 1 1 3 1 1 1 1 1 1 1 |1 1 1 1 1 1 1 1 |1 1 1 6 1 1 1 |1 1 2 1 1 1 1 1 1 1 1 1 1 1 1 1 |1 1 1 1 1 1 1 1 1 1 1 1 1 1 1 |1 6 1 1 1 1 1 1 1 1 1 1 1 1 1 1 1 3 |1 1 1 1 1 1 1 1 6 1 1 5 1 1 1 1 |1 1 1 1 1 1 1 1 1 1 1 1 1 1 |6 1 1 1 1 1 1 1 1 |1 1 1 1 6 6 1 1 2 1 1 1 1 1 1 1 1 4 6 1 |1 1 1 1 1 1 1 1 1 1 1 1 1 |6 1 1 1 1 1 1 1 1 1 1 2 1 1 1 1 1 1 1 1 |1 1 1 1 5 6 |6 1 1 1 1 1 6 1 1 1 1 1 |
最佳适应度：
111.80887691179198

===============第17个全局最优解================
最佳代数：
0
最佳分配：
1 1 1 1 1 1 1 1 1 1 1 1 1 5 1 6 4 1 |1 1 1 1 1 3 1 6 1 1 1 |1 1 1 1 1 1 1 6 1 1 1 1 |1 1 1 1 6 1 1 1 1 2 1 5 1 1 1 1 |1 1 1 1 1 1 1 1 5 1 |4 1 1 1 1 1 1 1 1 1 1 1 1 2 1 6 1 |1 1 1 1 1 1 1 1 1 1 1 1 6 1 1 1 1 1 |1 1 1 1 1 1 2 |3 1 1 1 1 3 1 1 1 1 2 1 1 1 1 1 1 1 |1 1 1 1 1 1 1 1 1 5 1 1 1 1 1 1 1 1 1 |1 1 1 1 1 1 |1 1 1 1 1 1 1 1 1 1 |1 1 1 6 1 6 1 1 1 1 6 1 1 3 1 1 1 1 1 |1 1 2 6 1 4 1 6 2 |1 1 1 1 6 1 |1 1 6 1 1 1 1 1 1 1 4 1 1 1 1 1 1 |6 1 1 1 1 1 3 1 1 1 1 1 1 1 |1 1 1 1 1 1 1 1 |1 1 1 6 1 1 1 |1 1 1 1 1 1 1 1 1 1 1 1 1 1 1 1 |1 1 1 1 1 1 1 1 1 1 1 1 1 1 1 |1 5 1 1 1 1 1 1 1 1 1 1 1 1 1 1 1 5 |1 1 1 1 1 1 1 1 1 1 1 5 1 1 3 2 |1 1 1 2 1 1 1 1 1 1 1 1 4 1 |6 1 1 1 1 1 1 2 1 |1 1 1 1 6 6 1 1 6 1 1 1 1 1 1 1 1 1 6 1 |1 1 1 1 1 1 1 1 1 1 1 1 1 |5 1 1 1 1 5 1 1 1 1 1 5 6 1 1 1 1 1 1 1 |1 1 1 2 3 6 |6 1 1 1 1 1 6 1 1 1 1 1 |
最佳适应度：
110.83258752856555

===============第18个全局最优解================
最佳代数：
0
最佳分配：
1 1 1 1 1 1 1 1 1 1 1 1 1 6 1 6 4 1 |1 1 1 6 1 3 1 6 1 1 1 |1 1 1 1 1 1 1 6 1 1 1 1 |1 1 1 1 6 1 6 1 1 1 6 5 1 1 1 1 |1 1 1 1 1 1 1 1 4 1 |5 1 1 1 1 1 1 1 1 1 1 1 1 2 1 6 1 |1 1 1 1 1 6 1 1 1 1 1 1 3 1 1 1 1 1 |1 1 1 1 1 1 3 |1 1 1 1 1 1 1 1 1 1 1 1 1 1 1 1 2 1 |1 1 1 1 1 1 3 1 1 1 1 1 1 1 1 1 1 1 1 |1 1 1 1 1 4 |1 1 1 1 1 1 1 1 1 1 |1 1 1 6 1 6 1 1 1 1 5 1 1 2 1 1 6 1 1 |1 1 6 6 1 1 1 6 2 |1 1 1 1 1 1 |1 1 6 1 1 1 1 1 1 1 6 1 1 1 1 1 1 |6 1 1 1 1 1 3 1 1 1 1 1 1 1 |1 1 1 1 1 1 1 1 |1 1 1 6 1 1 1 |1 1 1 1 1 1 1 1 1 1 1 1 1 1 1 1 |1 1 1 1 1 1 1 1 1 1 1 1 1 1 1 |1 6 1 1 1 1 1 1 1 1 1 1 1 4 1 1 1 2 |1 1 1 1 4 1 1 1 1 1 1 5 1 1 3 1 |1 1 1 2 1 1 1 1 1 1 1 1 2 1 |6 1 1 1 1 1 1 1 1 |1 1 1 1 3 6 1 1 6 1 1 1 1 1 1 1 1 1 1 1 |1 1 1 1 1 1 1 1 1 1 1 1 1 |1 1 1 1 1 5 1 1 1 1 1 3 6 1 1 1 1 1 1 1 |1 1 1 1 2 6 |6 1 1 1 1 1 6 1 1 1 1 1 |
最佳适应度：
112.95965556587996

===============第19个全局最优解================
最佳代数：
0
最佳分配：
1 1 1 1 1 1 1 1 1 1 1 1 1 6 1 6 1 1 |1 1 1 6 1 3 1 3 1 1 1 |1 1 1 1 1 5 1 6 1 1 1 1 |1 1 1 1 1 1 6 1 1 1 6 5 1 1 1 1 |1 1 1 1 1 1 1 1 6 1 |4 1 1 1 1 1 1 1 1 1 1 1 1 1 1 6 1 |1 1 1 1 1 6 1 1 1 1 1 1 1 1 1 1 1 1 |1 1 1 1 1 1 2 |1 1 1 1 1 2 1 1 1 1 5 1 1 1 1 1 4 1 |1 1 1 1 1 1 3 1 1 1 1 1 1 1 1 1 1 1 1 |1 1 1 1 1 5 |1 1 1 1 1 1 1 1 1 1 |1 1 1 6 1 1 1 1 1 1 6 1 1 1 1 1 6 1 1 |1 1 6 6 1 5 1 6 1 |1 1 1 1 1 1 |1 1 6 1 1 1 1 1 1 1 6 1 1 1 1 1 1 |6 1 1 1 1 1 5 1 1 1 1 1 1 1 |1 1 1 1 1 1 1 1 |1 1 1 6 1 1 1 |1 1 1 1 1 1 1 1 1 1 1 2 1 1 1 1 |1 1 1 1 1 1 1 1 1 1 1 1 1 1 1 |1 6 1 1 1 1 1 1 1 1 2 1 1 1 1 1 1 5 |1 1 1 1 1 1 1 1 4 1 1 1 1 1 4 1 |1 1 1 6 1 1 1 1 1 1 1 1 1 1 |1 1 1 1 1 1 1 1 1 |1 1 1 1 6 6 1 1 6 1 1 1 1 1 1 1 1 3 6 1 |1 1 1 1 1 1 1 1 1 1 1 1 1 |6 1 1 1 1 6 1 1 1 1 1 1 1 1 1 1 1 1 1 1 |1 1 1 1 3 6 |1 1 1 1 1 1 6 1 1 1 1 1 |
最佳适应度：
110.56115641208504

===============第20个全局最优解================
最佳代数：
0
最佳分配：
1 1 1 1 1 1 1 1 1 1 1 1 1 6 1 6 2 1 |1 1 1 6 1 3 1 6 1 1 1 |1 1 1 1 1 2 1 6 1 1 1 1 |1 1 1 1 6 1 6 1 1 5 6 1 1 1 1 1 |1 1 1 1 1 1 1 1 1 1 |4 1 1 1 1 1 1 1 1 1 1 1 1 6 1 6 1 |1 1 1 1 1 6 1 1 1 1 1 1 1 1 1 1 3 1 |1 1 1 1 1 1 3 |1 1 1 1 1 4 1 1 1 1 4 1 1 1 1 1 2 1 |1 1 1 1 1 1 1 1 1 3 1 1 1 1 1 1 1 1 1 |1 1 1 1 1 5 |1 1 1 1 1 1 1 1 1 1 |1 1 1 6 1 6 1 1 1 1 6 1 1 1 1 1 5 1 1 |1 1 6 6 1 1 1 6 1 |1 1 1 1 6 1 |1 1 1 1 1 1 1 1 1 1 6 1 1 1 1 1 1 |6 1 1 1 1 1 1 1 1 1 1 1 1 1 |1 1 1 1 1 1 1 1 |1 1 1 6 1 1 1 |1 1 1 1 1 1 1 1 1 1 1 1 1 1 1 1 |1 1 1 1 1 1 1 1 1 1 1 1 1 1 1 |1 6 1 1 1 1 1 1 1 1 2 1 1 3 1 1 1 1 |1 1 1 1 1 1 1 1 1 1 1 6 1 1 2 1 |1 1 1 4 1 1 1 1 1 1 1 1 2 1 |6 1 1 1 1 1 1 3 1 |1 1 1 1 6 6 1 1 4 1 1 1 1 1 1 1 1 2 6 1 |1 1 1 1 1 1 1 1 1 1 1 1 1 |4 1 1 1 1 1 1 1 1 1 1 3 4 1 1 1 1 1 1 1 |1 1 1 1 1 6 |6 1 1 1 1 1 1 1 1 1 1 1 |
最佳适应度：
112.1235803270619

===============第21个全局最优解================
最佳代数：
0
最佳分配：
1 1 1 1 1 1 1 1 1 1 1 1 1 3 1 6 1 1 |1 1 1 6 2 1 1 6 1 1 1 |1 1 1 1 1 3 1 6 1 1 1 1 |1 1 1 1 6 1 1 1 3 4 6 5 1 1 1 1 |1 1 1 1 1 1 1 1 3 1 |5 1 1 1 1 1 1 1 1 1 1 1 1 6 1 6 1 |1 1 1 1 1 6 1 1 1 1 1 1 1 1 1 1 3 1 |1 1 5 1 1 1 4 |1 1 1 1 1 1 1 1 1 1 4 1 1 1 1 1 4 1 |1 1 1 1 1 1 3 1 1 3 1 1 1 1 1 1 1 1 1 |1 1 1 1 1 5 |1 1 1 1 1 1 1 1 1 1 |1 1 1 2 1 5 1 1 1 1 5 1 2 5 1 1 6 1 1 |1 1 6 6 1 1 1 6 1 |1 1 1 1 4 1 |1 1 6 1 1 1 1 1 1 1 1 1 1 1 1 1 1 |6 1 1 1 1 1 4 1 1 1 1 1 1 1 |1 1 1 1 1 1 1 1 |1 1 1 6 1 1 1 |1 1 1 1 1 1 1 1 1 1 1 1 1 1 1 1 |1 1 1 1 1 1 1 1 1 1 1 1 1 1 1 |1 6 1 1 1 1 1 1 1 1 1 1 1 1 1 1 1 4 |1 1 1 1 3 1 1 1 1 1 1 1 1 1 2 1 |1 1 1 1 1 1 1 1 1 1 1 1 1 1 |6 1 1 1 1 1 1 4 1 |1 1 1 1 1 6 1 1 1 1 1 1 1 1 1 1 1 3 1 1 |1 1 1 1 1 1 1 1 1 1 1 1 1 |6 1 1 1 1 1 1 1 1 1 1 5 6 1 1 1 1 1 1 1 |1 1 1 3 1 6 |5 1 1 1 1 1 6 1 1 1 1 1 |
最佳适应度：
110.6411977126707

===============第22个全局最优解================
最佳代数：
0
最佳分配：
1 1 1 1 1 1 1 1 1 1 1 1 1 6 1 6 4 1 |1 1 1 6 1 4 1 5 1 1 1 |1 1 1 1 1 3 1 5 1 1 1 1 |1 1 1 1 6 1 2 1 1 4 6 1 1 1 1 1 |1 1 1 1 1 1 1 1 4 1 |1 1 1 1 1 1 1 1 1 1 1 1 1 4 1 6 1 |1 1 1 1 1 6 1 1 1 1 1 1 3 1 1 1 1 1 |1 1 1 1 1 1 1 |1 1 1 1 1 2 1 1 1 1 4 1 1 1 1 1 3 1 |1 1 1 1 1 1 1 1 1 1 1 1 1 1 1 1 1 1 1 |1 1 1 1 1 5 |1 1 1 1 1 1 1 1 1 1 |1 1 1 6 1 6 1 1 1 1 6 1 1 5 1 1 6 1 1 |1 1 6 6 1 2 1 6 1 |1 1 1 1 6 1 |1 1 6 1 1 1 1 1 1 1 6 1 1 1 1 1 1 |6 1 1 1 1 1 1 1 1 1 1 1 1 1 |1 1 1 1 1 1 1 1 |1 1 1 1 1 1 1 |1 1 1 1 1 1 1 1 1 1 1 1 1 1 1 1 |1 1 1 1 1 1 1 1 1 1 1 1 1 1 1 |1 6 1 1 1 1 1 1 1 1 1 1 1 3 1 1 1 1 |1 1 1 1 3 1 1 1 1 1 1 6 1 1 3 1 |1 1 1 1 1 1 1 1 1 1 1 1 4 1 |6 1 1 1 1 1 1 2 1 |1 1 1 1 5 6 1 1 6 1 1 1 1 1 1 1 1 1 6 1 |1 1 1 1 1 1 1 1 1 1 1 1 1 |2 1 1 1 1 1 1 1 1 1 1 1 6 1 1 1 1 1 1 1 |1 1 1 1 2 6 |6 1 1 1 1 1 6 1 1 1 1 1 |
最佳适应度：
111.39207999427147

===============第23个全局最优解================
最佳代数：
0
最佳分配：
1 1 1 1 1 1 1 1 1 1 1 1 1 6 1 6 3 1 |1 1 1 6 1 1 1 6 1 1 1 |1 1 1 1 1 2 1 6 1 1 1 1 |1 1 1 1 6 1 6 1 1 5 6 1 1 1 1 1 |1 1 1 1 1 1 1 1 3 1 |3 1 1 1 1 1 1 1 1 1 1 1 1 2 1 5 1 |1 1 1 1 1 1 1 1 1 1 1 1 1 1 1 1 1 1 |1 1 1 1 1 1 4 |1 1 1 1 1 1 1 1 1 1 4 1 1 1 1 1 1 1 |1 1 1 1 1 1 1 1 1 4 1 1 1 1 1 1 1 1 1 |1 1 1 1 1 2 |1 1 1 1 1 1 1 1 1 1 |1 1 1 6 1 6 1 1 1 1 6 1 1 5 1 1 5 1 1 |1 1 5 6 1 1 1 6 1 |1 1 1 1 6 1 |1 1 6 1 1 1 1 1 1 1 6 1 1 1 1 1 1 |6 1 1 1 1 1 2 1 1 1 1 1 1 1 |1 1 1 1 1 1 1 1 |1 1 1 6 1 1 1 |1 1 2 1 1 1 1 1 1 1 1 1 1 1 1 1 |1 1 1 1 1 1 1 1 1 1 1 1 1 1 1 |1 6 1 1 1 1 1 1 1 1 2 1 1 5 1 1 1 2 |1 1 1 1 3 1 1 1 1 1 1 6 1 1 1 1 |1 1 1 2 1 1 1 1 1 1 1 1 2 1 |6 1 1 1 1 1 1 1 1 |1 1 1 1 6 6 1 1 5 1 1 1 1 1 1 1 1 2 6 1 |1 1 1 1 1 1 1 1 1 1 1 1 1 |6 1 1 1 1 6 1 1 1 1 1 1 5 1 1 1 1 1 1 1 |1 1 1 1 1 6 |6 1 1 1 1 1 1 1 1 1 1 1 |
最佳适应度：
112.73106679575

===============第24个全局最优解================
最佳代数：
0
最佳分配：
1 1 1 1 1 1 1 1 1 1 1 1 1 6 1 6 3 1 |1 1 1 6 1 2 1 6 1 1 1 |1 1 1 1 1 2 1 6 1 1 1 1 |1 1 1 1 6 1 6 1 1 1 6 1 1 1 1 1 |1 1 1 1 1 1 1 1 5 1 |5 1 1 1 1 1 1 1 1 1 1 1 1 5 1 6 1 |1 1 1 1 1 6 1 1 1 1 1 1 1 1 1 1 3 1 |1 1 1 1 1 1 2 |1 1 1 1 1 2 1 1 1 1 1 1 1 1 1 1 3 1 |1 1 1 1 1 1 1 1 1 1 1 1 1 1 1 1 1 1 1 |1 1 1 1 1 1 |1 1 1 1 1 1 1 1 1 1 |1 1 1 6 1 2 1 1 1 1 6 1 1 5 1 1 6 1 1 |1 1 6 6 1 1 1 6 2 |1 1 1 1 6 1 |1 1 6 1 1 1 1 1 1 1 5 1 1 1 1 1 1 |6 1 1 1 1 1 3 1 1 1 1 1 1 1 |1 1 1 1 1 1 1 1 |1 1 1 6 1 1 1 |1 1 1 1 1 1 1 1 1 1 1 1 1 1 1 1 |1 1 1 1 1 1 1 1 1 1 1 1 1 1 1 |1 6 1 1 1 1 1 1 1 1 1 1 1 5 1 1 1 2 |1 1 1 1 1 1 1 1 5 1 1 1 1 1 1 1 |1 1 1 3 1 1 1 1 1 1 1 1 4 1 |6 1 1 1 1 1 1 1 1 |1 1 1 1 1 6 1 1 6 1 1 1 1 1 1 1 1 1 6 1 |1 1 1 1 1 1 1 1 1 1 1 1 1 |6 1 1 1 1 5 1 1 1 1 1 2 5 1 1 1 1 1 1 1 |1 1 1 1 2 6 |2 1 1 1 1 1 6 1 1 1 1 1 |
最佳适应度：
111.99185160718943

===============第25个全局最优解================
最佳代数：
0
最佳分配：
1 1 1 1 1 1 1 1 1 1 1 1 1 5 1 6 6 1 |1 1 1 6 1 5 1 6 1 1 1 |2 1 1 1 1 3 1 6 1 1 1 1 |1 1 1 1 6 1 5 1 1 1 6 6 1 1 1 1 |1 1 1 1 1 1 1 1 1 1 |1 1 1 1 1 1 1 1 1 1 1 1 1 1 1 5 1 |1 1 1 1 1 6 1 1 1 1 1 1 1 1 1 1 1 1 |1 1 1 1 1 1 1 |1 1 1 1 1 3 1 1 1 1 1 1 1 1 1 1 2 1 |1 1 1 1 1 1 3 1 1 3 1 1 1 1 1 1 1 1 1 |1 1 1 1 1 1 |1 1 1 1 1 1 1 1 1 1 |1 1 1 5 1 5 1 1 1 1 6 1 1 1 1 1 4 1 1 |1 1 6 6 1 4 1 6 1 |1 1 1 1 4 1 |1 1 6 1 1 1 1 1 1 1 6 1 1 1 1 1 1 |6 1 1 2 1 1 3 1 1 1 1 1 1 1 |1 1 1 1 1 1 1 1 |1 1 1 6 1 1 1 |1 1 1 1 1 1 1 1 1 1 1 1 1 1 1 1 |1 1 1 1 1 1 1 1 1 1 1 1 1 1 1 |1 6 1 1 1 1 1 1 1 1 3 1 1 6 1 1 1 2 |1 1 1 1 1 1 1 1 1 1 1 6 1 1 4 1 |1 1 1 1 1 1 1 1 1 1 1 1 4 1 |6 1 1 1 1 1 1 4 1 |1 1 1 1 6 6 1 1 4 1 1 1 1 1 1 1 1 1 5 1 |1 1 1 1 1 1 1 1 1 1 1 1 1 |3 1 1 1 1 6 1 1 1 1 1 1 3 1 1 1 1 1 1 1 |1 1 1 1 1 6 |6 1 1 1 1 1 1 1 1 1 1 1 |
最佳适应度：
111.63505895267969

===============第26个全局最优解================
最佳代数：
0
最佳分配：
1 1 1 1 1 1 1 1 1 1 1 1 1 6 1 6 1 1 |1 1 1 1 1 5 1 6 1 1 1 |1 1 1 1 1 1 1 6 1 1 1 1 |1 1 1 1 6 1 6 1 1 5 1 1 1 1 1 1 |1 1 1 1 1 1 1 1 5 1 |6 1 1 1 1 1 1 1 1 1 1 1 1 5 1 6 1 |1 1 1 1 1 1 1 1 1 2 1 1 2 1 1 1 1 1 |1 1 3 1 1 1 1 |1 1 1 1 1 1 1 1 1 1 1 1 1 1 1 1 2 1 |1 1 1 1 1 1 3 1 1 4 1 1 1 1 1 1 1 1 1 |1 1 1 1 1 1 |1 1 1 1 1 1 1 1 1 1 |1 1 1 6 1 1 1 1 1 1 6 1 1 5 1 1 1 1 1 |1 1 6 6 1 6 1 6 1 |1 1 1 1 6 1 |1 1 6 1 1 1 1 1 1 1 6 1 1 1 1 1 1 |6 1 1 1 1 1 1 1 1 1 1 1 1 1 |1 1 1 1 1 1 1 1 |1 1 1 1 1 1 1 |1 1 1 1 1 1 1 1 1 1 1 1 1 1 1 1 |1 1 1 1 1 1 1 1 1 1 1 1 1 1 1 |1 6 1 1 1 1 1 1 1 1 3 1 1 5 1 1 1 5 |1 1 1 1 1 1 1 1 6 1 1 1 1 1 3 2 |1 1 1 1 1 1 1 1 1 1 1 1 4 1 |6 1 1 1 1 1 2 3 1 |1 1 1 1 6 6 1 1 4 1 1 1 1 1 1 1 1 1 6 1 |1 1 1 1 1 1 1 1 1 1 1 1 1 |6 1 1 1 1 6 1 1 1 1 1 5 1 1 1 1 1 1 1 1 |1 1 1 1 1 6 |4 1 1 1 1 1 6 1 1 1 1 1 |
最佳适应度：
110.66521393187259

===============第27个全局最优解================
最佳代数：
0
最佳分配：
1 1 1 1 1 1 1 1 1 1 1 1 1 5 1 6 1 1 |1 1 1 6 1 1 1 6 1 1 1 |2 1 1 1 1 1 1 6 1 1 1 1 |1 1 1 1 1 1 6 1 1 1 6 5 1 1 1 1 |1 1 1 1 1 1 1 1 6 1 |6 1 1 1 1 1 1 1 1 1 1 1 1 2 1 6 1 |1 1 1 1 1 6 1 1 1 1 1 1 1 1 1 1 4 1 |1 1 4 1 1 1 1 |1 1 1 1 1 1 1 1 1 1 1 1 1 1 1 1 1 1 |1 1 1 1 1 1 1 1 1 1 1 1 1 1 1 1 1 1 1 |1 1 1 1 1 1 |1 1 1 1 1 1 1 1 1 1 |1 1 1 6 1 6 1 1 1 1 6 1 1 6 1 1 1 1 1 |1 1 6 6 1 3 1 1 1 |1 1 1 1 6 1 |1 1 6 1 1 1 1 1 1 1 1 1 1 1 1 1 1 |6 1 1 1 1 1 1 1 1 1 1 1 1 1 |1 1 1 1 1 1 1 1 |1 1 1 6 1 1 1 |1 1 1 1 1 1 1 1 1 1 1 2 1 1 1 1 |1 1 1 1 1 1 1 1 1 1 1 1 1 1 1 |1 6 1 1 1 1 1 1 1 1 1 1 1 6 1 1 1 1 |1 1 1 1 1 1 1 1 6 1 1 1 1 1 2 1 |1 1 1 4 1 1 1 1 1 1 1 1 1 1 |6 1 1 1 1 1 5 2 1 |1 1 1 1 6 6 1 1 6 1 1 1 1 1 1 1 1 3 6 1 |1 1 1 1 1 1 1 1 1 1 1 1 1 |1 1 1 1 1 6 1 1 1 1 1 1 6 1 1 1 1 1 1 1 |1 1 1 1 5 6 |6 1 1 1 1 1 6 1 1 1 1 1 |
最佳适应度：
111.9800918425669

===============第28个全局最优解================
最佳代数：
0
最佳分配：
1 1 1 1 1 1 1 1 1 1 1 1 1 6 1 6 1 1 |1 1 1 5 1 3 1 1 1 1 1 |1 1 1 1 1 1 1 6 1 1 1 1 |1 1 1 1 6 1 6 1 1 1 6 6 1 1 1 1 |1 1 1 1 1 1 1 1 1 1 |5 1 1 1 1 1 1 1 1 1 1 1 1 4 1 6 1 |1 1 1 1 1 3 1 1 1 4 1 1 5 1 1 1 3 1 |1 1 3 1 1 1 5 |3 1 1 1 1 2 1 1 1 1 1 1 1 1 1 1 1 1 |1 1 1 1 1 1 1 1 1 4 1 1 1 1 1 1 1 1 1 |1 1 1 1 1 5 |1 1 1 1 1 1 1 1 1 1 |1 1 1 6 1 6 1 1 1 1 5 1 1 4 1 1 5 1 1 |1 1 6 6 1 1 1 6 1 |1 1 1 1 1 1 |1 1 1 1 1 1 1 1 1 1 1 1 1 1 1 1 1 |5 1 1 1 1 1 1 1 1 1 1 1 1 1 |1 1 1 1 1 1 1 1 |1 1 1 6 1 1 1 |1 1 1 1 1 1 1 1 1 1 1 1 1 1 1 1 |1 1 1 1 1 1 1 1 1 1 1 1 1 1 1 |1 6 1 1 1 1 1 1 1 1 1 1 1 1 1 1 1 3 |1 1 1 1 2 1 1 1 6 1 1 6 1 1 3 1 |1 1 1 4 1 1 1 1 1 1 1 1 4 1 |6 1 1 1 1 1 5 1 1 |1 1 1 1 6 6 1 1 6 1 1 1 1 1 1 1 1 2 1 1 |1 1 1 1 1 1 1 1 1 1 1 1 1 |5 1 1 1 1 3 1 1 1 1 1 5 6 1 1 1 1 1 1 1 |1 1 1 1 3 6 |2 1 1 1 1 1 1 1 1 1 1 1 |
最佳适应度：
111.118905442349

===============第29个全局最优解================
最佳代数：
0
最佳分配：
1 1 1 1 1 1 1 1 1 1 1 1 1 6 1 6 5 1 |1 1 1 6 1 2 1 6 1 1 1 |1 1 1 1 1 2 1 6 1 1 1 1 |1 1 1 1 6 1 6 1 1 6 6 5 1 1 1 1 |1 1 1 1 1 1 1 1 2 1 |5 1 1 1 1 1 1 1 1 1 1 1 1 5 1 6 1 |1 1 1 1 1 6 1 1 1 1 1 1 1 1 1 1 2 1 |1 1 1 1 1 1 2 |1 1 1 1 1 3 1 1 1 1 6 1 1 1 1 1 1 1 |1 1 1 1 1 1 3 1 1 4 1 1 1 1 1 1 1 1 1 |1 1 1 1 1 1 |1 1 1 1 1 1 1 1 1 1 |1 1 1 6 1 1 1 1 1 1 5 1 1 5 1 1 1 1 1 |1 1 6 6 1 3 1 6 2 |1 1 1 1 6 1 |1 1 1 1 1 1 1 1 1 1 5 1 1 1 1 1 1 |6 1 1 1 1 1 3 1 1 1 1 1 1 1 |1 1 1 1 1 1 1 1 |1 1 1 3 1 1 1 |1 1 1 1 1 1 1 1 1 1 1 1 1 1 1 1 |1 1 1 1 1 1 1 1 1 1 1 1 1 1 1 |1 6 1 1 1 1 1 1 1 1 1 1 1 5 1 1 1 4 |1 1 1 1 1 1 1 1 1 1 1 1 1 1 2 1 |1 1 1 1 1 1 1 1 1 1 1 1 2 1 |6 1 1 1 1 1 1 1 1 |1 1 1 1 3 6 1 1 5 1 1 1 1 1 1 1 1 1 6 1 |1 1 1 1 1 1 1 1 1 1 1 1 1 |6 1 1 1 1 5 1 1 1 1 1 2 6 1 1 1 1 1 1 1 |1 1 1 1 1 6 |3 1 1 1 1 1 6 1 1 1 1 1 |
最佳适应度：
112.19142931243948

===============第30个全局最优解================
最佳代数：
0
最佳分配：
1 1 1 1 1 1 1 1 1 1 1 1 1 6 1 6 4 1 |1 1 1 6 1 4 1 6 1 1 1 |1 1 1 1 1 1 1 1 1 1 1 1 |1 1 1 1 6 1 2 1 1 6 6 1 1 1 1 1 |1 1 1 1 1 1 1 1 6 1 |5 1 1 1 1 1 1 1 1 1 1 1 1 4 1 6 1 |1 1 1 1 1 4 1 1 1 2 1 1 1 1 1 1 1 1 |1 1 2 1 1 1 1 |1 1 1 1 1 2 1 1 1 1 5 1 1 1 1 1 1 1 |1 1 1 1 1 1 4 1 1 4 1 1 1 1 1 1 1 1 1 |1 1 1 1 1 5 |1 1 1 1 1 1 1 1 1 1 |1 1 1 6 1 6 1 1 1 1 6 1 1 6 1 1 1 1 1 |1 1 6 6 1 1 1 6 3 |1 1 1 1 6 1 |1 1 1 1 1 1 1 1 1 1 1 1 1 1 1 1 1 |6 1 1 1 1 1 3 1 1 1 1 1 1 1 |1 1 1 1 1 1 1 1 |1 1 1 6 1 1 1 |1 1 1 1 1 1 1 1 1 1 1 1 1 1 1 1 |1 1 1 1 1 1 1 1 1 1 1 1 1 1 1 |1 6 1 1 1 1 1 1 1 1 1 1 1 2 1 1 1 3 |1 1 1 1 3 1 1 1 4 1 1 6 1 1 1 1 |1 1 1 1 1 1 1 1 1 1 1 1 3 1 |6 1 1 1 1 1 2 1 1 |1 1 1 1 6 6 1 1 6 1 1 1 1 1 1 1 1 3 6 1 |1 1 1 1 1 1 1 1 1 1 1 1 1 |1 1 1 1 1 6 1 1 1 1 1 2 1 1 1 1 1 1 1 1 |1 1 1 2 1 6 |2 1 1 1 1 1 6 1 1 1 1 1 |
最佳适应度：
112.05178221289299

===============第31个全局最优解================
最佳代数：
0
最佳分配：
1 1 1 1 1 1 1 1 1 1 1 1 1 6 1 6 4 1 |1 1 1 6 1 2 1 6 1 1 1 |1 1 1 1 1 4 1 6 1 1 1 1 |1 1 1 1 6 1 1 1 1 4 6 4 1 1 1 1 |1 1 1 1 1 1 1 1 3 1 |5 1 1 1 1 1 1 1 1 1 1 1 1 4 1 6 1 |1 1 1 1 1 6 1 1 1 1 1 1 1 1 1 1 1 1 |1 1 1 1 1 1 1 |1 1 1 1 1 1 1 1 1 1 1 1 1 1 1 1 1 1 |1 1 1 1 1 1 4 1 1 1 1 1 1 1 1 1 1 1 1 |1 1 1 1 1 4 |1 1 1 1 1 1 1 1 1 1 |1 1 1 6 1 6 1 1 1 1 6 1 1 1 1 1 5 1 1 |1 1 6 6 1 4 1 6 2 |1 1 1 1 6 1 |1 1 1 1 1 1 1 1 1 1 5 1 1 1 1 1 1 |6 1 1 1 1 1 1 1 1 1 1 1 1 1 |1 1 1 1 1 1 1 1 |1 1 1 6 1 1 1 |1 1 1 1 1 1 1 1 1 1 1 1 1 1 1 1 |1 1 1 1 1 1 1 1 1 1 1 1 1 1 1 |1 6 1 1 1 1 1 1 1 1 1 1 1 4 1 1 1 3 |1 1 1 1 1 1 1 1 1 1 1 6 1 1 1 1 |1 1 1 1 1 1 1 1 1 1 1 1 3 1 |6 1 1 1 1 1 4 2 1 |1 1 1 1 6 6 1 1 3 1 1 1 1 1 1 1 1 1 1 1 |1 1 1 1 1 1 1 1 1 1 1 1 1 |5 1 1 1 1 6 1 1 1 1 1 3 6 1 1 1 1 1 1 1 |1 1 1 1 1 6 |6 1 1 1 1 1 6 1 1 1 1 1 |
最佳适应度：
112.61402237912054

===============第32个全局最优解================
最佳代数：
0
最佳分配：
1 1 1 1 1 1 1 1 1 1 1 1 1 1 1 6 5 1 |1 1 1 6 1 1 1 6 1 1 1 |1 1 1 1 1 1 1 6 1 1 1 1 |1 1 1 1 6 1 6 1 1 4 6 3 1 1 1 1 |1 1 1 1 1 1 1 1 5 1 |3 1 1 1 1 1 1 1 1 1 1 1 1 4 1 5 1 |1 1 1 1 1 6 1 1 1 1 1 1 2 1 1 1 1 1 |1 1 2 1 1 1 1 |1 1 1 1 1 3 1 1 1 1 2 1 1 1 1 1 1 1 |1 1 1 1 1 1 3 1 1 4 1 1 1 1 1 1 1 1 1 |1 1 1 1 1 4 |1 1 1 1 1 1 1 1 1 1 |1 1 1 5 1 6 1 1 1 1 6 1 1 1 1 1 5 1 1 |1 1 1 6 1 3 1 6 1 |1 1 1 1 5 1 |1 1 6 1 1 1 1 1 1 1 1 1 1 1 1 1 1 |6 1 1 1 1 1 2 1 1 1 1 1 1 1 |1 1 1 1 1 1 1 1 |1 1 1 6 1 1 1 |1 1 1 1 1 1 1 1 1 1 1 1 1 1 1 1 |1 1 1 1 1 1 1 1 1 1 1 1 1 1 1 |1 6 1 1 1 1 1 1 1 1 1 1 1 6 1 1 1 2 |1 1 1 1 2 1 1 1 3 1 1 5 1 1 1 1 |1 1 1 1 1 1 1 1 1 1 1 1 4 1 |6 1 1 1 1 1 1 2 1 |1 1 1 1 1 6 1 1 6 1 1 1 1 1 1 1 1 2 6 1 |1 1 1 1 1 1 1 1 1 1 1 1 1 |6 1 1 1 1 6 1 1 1 1 1 3 6 1 1 1 1 1 1 1 |1 1 1 1 1 6 |5 1 1 1 1 1 6 1 1 1 1 1 |
最佳适应度：
112.8116536074521

===============第33个全局最优解================
最佳代数：
0
最佳分配：
1 1 1 1 1 1 1 1 1 1 1 1 1 6 1 6 6 1 |1 1 1 6 1 1 1 1 1 1 1 |1 1 1 1 1 1 1 6 1 1 1 1 |1 1 1 1 1 1 6 1 1 6 5 5 1 1 1 1 |1 1 1 1 1 1 1 1 6 1 |1 1 1 1 1 1 1 1 1 1 1 1 1 1 1 6 1 |1 1 1 1 1 6 4 1 1 4 1 1 2 1 1 1 1 1 |1 1 1 1 1 1 2 |1 1 1 1 3 1 1 1 1 1 2 1 1 1 1 1 1 1 |1 1 1 1 1 1 1 1 1 6 1 1 1 1 1 1 1 1 1 |1 1 1 1 1 1 |1 1 1 1 1 1 1 1 1 1 |1 1 1 6 1 6 1 1 1 1 6 1 1 5 1 1 4 1 1 |1 1 6 6 1 5 1 6 1 |1 1 1 1 1 1 |1 1 6 1 1 1 1 1 1 1 6 1 1 1 1 1 1 |6 1 1 2 1 1 1 1 1 1 1 1 1 1 |1 1 1 1 1 1 1 1 |1 1 1 6 1 1 1 |1 1 1 1 1 1 1 1 1 1 1 1 1 1 1 1 |1 1 1 1 1 1 1 1 1 1 1 1 1 1 1 |1 6 1 1 1 1 1 1 1 1 1 1 1 4 1 1 1 1 |1 1 1 1 3 1 1 1 1 1 1 1 1 1 1 1 |1 1 1 4 1 1 1 1 1 1 1 1 1 1 |6 1 1 1 1 1 3 4 1 |1 1 1 1 5 6 1 1 3 1 1 1 1 1 1 1 1 3 1 1 |1 1 1 1 1 1 1 1 1 1 1 1 1 |6 1 1 1 1 6 1 1 1 1 1 4 5 1 1 1 1 1 1 1 |1 1 1 1 1 6 |6 1 1 1 1 1 1 1 1 1 1 1 |
最佳适应度：
110.75023390527419

===============第34个全局最优解================
最佳代数：
0
最佳分配：
1 1 1 1 1 1 1 1 1 1 1 1 1 6 1 6 4 1 |1 1 1 6 1 3 1 6 1 1 1 |1 1 1 1 1 3 1 6 1 1 1 1 |1 1 1 1 6 1 6 1 1 4 6 5 1 1 1 1 |1 1 1 1 1 1 1 1 1 1 |6 1 1 1 1 1 1 1 1 1 1 1 1 1 1 6 1 |1 1 1 1 1 3 1 1 1 1 1 1 2 1 1 1 1 1 |1 1 1 1 1 1 1 |1 1 1 1 1 1 1 1 1 1 1 1 1 1 1 1 2 1 |1 1 1 1 1 1 3 1 1 1 1 1 1 1 1 1 1 1 1 |1 1 1 1 1 5 |1 1 1 1 1 1 1 1 1 1 |1 1 1 6 1 6 1 1 1 1 6 1 1 2 1 1 5 1 1 |1 1 6 6 1 1 1 6 1 |1 1 1 1 6 1 |1 1 6 1 1 1 1 1 1 1 4 1 1 1 1 1 1 |6 1 1 1 1 1 3 1 1 1 1 1 1 1 |1 1 1 1 1 1 1 1 |1 1 1 6 1 1 1 |1 1 1 1 1 1 1 1 1 1 1 1 1 1 1 1 |1 1 1 1 1 1 1 1 1 1 1 1 1 1 1 |1 6 1 1 1 1 1 1 1 1 3 1 1 4 1 1 1 3 |1 1 1 1 1 1 1 1 1 1 1 3 1 1 3 1 |1 1 1 3 1 1 1 1 1 1 1 1 1 1 |6 1 1 1 1 1 1 1 1 |1 1 1 1 1 6 1 1 1 1 1 1 1 1 1 1 1 1 6 1 |1 1 1 1 1 1 1 1 1 1 1 1 1 |6 1 1 1 1 6 1 1 1 1 1 2 6 1 1 1 1 1 1 1 |1 1 1 1 2 6 |6 1 1 1 1 1 6 1 1 1 1 1 |
最佳适应度：
112.94273376907358

===============第35个全局最优解================
最佳代数：
0
最佳分配：
1 1 1 1 1 1 1 1 1 1 1 1 1 5 1 6 5 1 |1 1 1 6 1 1 1 4 1 1 1 |1 1 1 1 1 2 1 6 1 1 1 1 |1 1 1 1 6 1 6 1 1 1 6 1 1 1 1 1 |1 1 1 1 1 1 1 1 1 1 |6 1 1 1 1 1 1 1 1 1 1 1 1 5 1 6 1 |1 1 1 1 1 1 1 1 1 3 1 1 1 1 1 1 2 1 |1 1 3 1 1 1 1 |1 1 1 1 1 1 1 1 1 1 4 1 1 1 1 1 2 1 |1 1 1 1 1 1 3 1 1 4 1 1 1 1 1 1 1 1 1 |1 1 1 1 1 4 |1 1 1 1 1 1 1 1 1 1 |1 1 1 6 1 1 1 1 1 1 6 1 1 1 1 1 1 1 1 |1 1 1 6 1 5 1 6 3 |1 1 1 1 4 1 |1 1 6 1 1 1 1 1 1 1 6 1 1 1 1 1 1 |6 1 1 2 1 1 2 1 1 1 1 1 1 1 |1 1 1 1 1 1 1 1 |1 1 1 6 1 1 1 |1 1 1 1 1 1 1 1 1 1 1 1 1 1 1 1 |1 1 1 1 1 1 1 1 1 1 1 1 1 1 1 |1 6 1 1 1 1 1 1 1 1 1 1 1 6 1 1 1 1 |1 1 1 1 4 1 1 1 4 1 1 6 1 1 4 1 |1 1 1 1 1 1 1 1 1 1 1 1 3 1 |6 1 1 1 1 1 1 1 1 |1 1 1 1 6 6 1 1 5 1 1 1 1 1 1 1 1 1 6 1 |1 1 1 1 1 1 1 1 1 1 1 1 1 |6 1 1 1 1 1 1 1 1 1 1 3 6 1 1 1 1 1 1 1 |1 1 1 1 1 6 |4 1 1 1 1 1 6 1 1 1 1 1 |
最佳适应度：
111.75788960958107

===============第36个全局最优解================
最佳代数：
0
最佳分配：
1 1 1 1 1 1 1 1 1 1 1 1 1 6 1 6 5 1 |1 1 1 6 1 4 1 1 1 1 1 |1 1 1 1 1 4 1 6 1 1 1 1 |1 1 1 1 6 1 6 1 1 6 6 1 1 1 1 1 |1 1 1 1 1 1 1 1 4 1 |6 1 1 1 1 1 1 1 1 1 1 1 1 6 1 6 1 |1 1 1 1 1 6 1 1 1 2 1 1 1 1 1 1 2 1 |1 1 1 1 1 1 1 |1 1 1 1 1 1 1 1 1 1 1 1 1 1 1 1 3 1 |1 1 1 1 1 1 3 1 1 1 1 1 1 1 1 1 1 1 1 |1 1 1 1 1 1 |1 1 1 1 1 1 1 1 1 1 |1 1 1 6 1 1 1 1 1 1 6 1 1 1 1 1 6 1 1 |1 1 1 6 1 1 1 6 2 |1 1 1 1 6 1 |1 1 1 1 1 1 1 1 1 1 6 1 1 1 1 1 1 |6 1 1 2 1 1 3 1 1 1 1 1 1 1 |1 1 1 1 1 1 1 1 |1 1 1 6 1 1 1 |1 1 1 1 1 1 1 1 1 1 1 1 1 1 1 1 |1 1 1 1 1 1 1 1 1 1 1 1 1 1 1 |1 6 1 1 1 1 1 1 1 1 3 1 1 2 1 1 1 4 |1 1 1 1 1 1 1 1 1 1 1 6 1 1 1 1 |1 1 1 1 1 1 1 1 1 1 1 1 1 1 |6 1 1 1 1 1 4 1 1 |1 1 1 1 6 6 1 1 1 1 1 1 1 1 1 1 1 3 6 1 |1 1 1 1 1 1 1 1 1 1 1 1 1 |6 1 1 1 1 1 1 1 1 1 1 3 6 1 1 1 1 1 1 1 |1 1 1 2 3 6 |6 1 1 1 1 1 6 1 1 1 1 1 |
最佳适应度：
111.54399039108864

===============第37个全局最优解================
最佳代数：
0
最佳分配：
1 1 1 1 1 1 1 1 1 1 1 1 1 6 1 6 5 1 |1 1 1 5 1 5 1 6 1 1 1 |3 1 1 1 1 1 1 6 1 1 1 1 |1 1 1 1 6 1 1 1 1 4 6 1 1 1 1 1 |1 1 1 1 1 1 1 1 1 1 |4 1 1 1 1 1 1 1 1 1 1 1 1 1 1 5 1 |1 1 1 1 1 3 1 1 1 1 1 1 1 1 1 1 1 1 |1 1 1 1 1 1 1 |1 1 1 1 1 2 1 1 1 1 4 1 1 1 1 1 4 1 |1 1 1 1 1 1 5 1 1 3 1 1 1 1 1 1 1 1 1 |1 1 1 1 1 4 |1 1 1 1 1 1 1 1 1 1 |1 1 1 6 1 6 1 1 1 1 6 1 1 3 1 1 1 1 1 |1 1 1 6 1 2 1 6 2 |1 1 1 1 1 1 |1 1 5 1 1 1 1 1 1 1 6 1 1 1 1 1 1 |6 1 1 3 1 1 3 1 1 1 1 1 1 1 |1 1 1 1 1 1 1 1 |1 1 1 6 1 1 1 |1 1 1 1 1 1 1 1 1 1 1 1 1 1 1 1 |1 1 1 1 1 1 1 1 1 1 1 1 1 1 1 |1 6 1 1 1 1 1 1 1 1 3 1 1 6 1 1 1 4 |1 1 1 1 1 1 1 1 1 1 1 5 1 1 1 1 |1 1 1 4 1 1 1 1 1 1 1 1 1 1 |6 1 1 1 1 1 4 2 1 |1 1 1 1 6 6 1 1 1 1 1 1 1 1 1 1 1 2 6 1 |1 1 1 1 1 1 1 1 1 1 1 1 1 |1 1 1 1 1 5 1 1 1 1 1 1 6 1 1 1 1 1 1 1 |1 1 1 1 5 6 |6 1 1 1 1 1 6 1 1 1 1 1 |
最佳适应度：
112.06980540493466

===============第38个全局最优解================
最佳代数：
0
最佳分配：
1 1 1 1 1 1 1 1 1 1 1 1 1 6 1 6 2 1 |1 1 1 6 1 1 1 3 1 1 1 |1 1 1 1 1 1 1 6 1 1 1 1 |1 1 1 1 6 1 3 1 1 1 6 5 1 1 1 1 |1 1 1 1 1 1 1 1 2 1 |5 1 1 1 1 1 1 1 1 1 1 1 1 5 1 6 1 |1 1 1 1 1 6 1 1 1 3 1 1 1 1 1 1 1 1 |1 1 1 1 1 1 1 |1 1 1 1 1 1 1 1 1 1 4 1 1 1 1 1 2 1 |1 1 1 1 1 1 1 1 1 4 1 1 1 1 1 1 1 1 1 |1 1 1 1 1 2 |1 1 1 1 1 1 1 1 1 1 |1 1 1 2 1 6 1 1 1 1 3 1 1 5 1 1 6 1 1 |1 1 1 6 1 3 1 6 1 |1 1 1 1 6 1 |1 1 6 1 1 1 1 1 1 1 6 1 1 1 1 1 1 |6 1 1 2 1 1 3 1 1 1 1 1 1 1 |1 1 1 1 1 1 1 1 |1 1 1 6 1 1 1 |1 1 1 1 1 1 1 1 1 1 1 1 1 1 1 1 |1 1 1 1 1 1 1 1 1 1 1 1 1 1 1 |1 6 1 1 1 1 1 1 1 1 1 1 1 5 1 1 1 2 |1 1 1 1 4 1 1 1 1 1 1 6 1 1 2 1 |1 1 1 4 1 1 1 1 1 1 1 1 2 1 |6 1 1 1 1 1 2 2 1 |1 1 1 1 6 6 1 1 2 1 1 1 1 1 1 1 1 1 6 1 |1 1 1 1 1 1 1 1 1 1 1 1 1 |6 1 1 1 1 6 1 1 1 1 1 1 5 1 1 1 1 1 1 1 |1 1 1 1 1 6 |5 1 1 1 1 1 6 1 1 1 1 1 |
最佳适应度：
112.38195618064822

===============第39个全局最优解================
最佳代数：
0
最佳分配：
1 1 1 1 1 1 1 1 1 1 1 1 1 6 1 6 5 1 |1 1 1 6 1 4 1 1 1 1 1 |1 1 1 1 1 1 1 5 1 1 1 1 |1 1 1 1 6 1 6 1 1 5 6 4 1 1 1 1 |1 1 1 1 1 1 1 1 4 1 |1 1 1 1 1 1 1 1 1 1 1 1 1 4 1 6 1 |1 1 1 1 1 5 1 1 1 1 1 1 4 1 1 1 1 1 |1 1 1 1 1 1 1 |1 1 1 1 1 1 1 1 1 1 5 1 1 1 1 1 1 1 |1 1 1 1 1 1 3 1 1 2 1 1 1 1 1 1 1 1 1 |1 1 1 1 1 3 |1 1 1 1 1 1 1 1 1 1 |1 1 1 6 1 4 1 1 1 1 6 1 1 2 1 1 1 1 1 |1 1 6 6 1 1 1 6 1 |1 1 1 1 6 1 |1 1 5 1 1 1 1 1 1 1 5 1 1 1 1 1 1 |6 1 1 2 1 1 1 1 1 1 1 1 1 1 |1 1 1 1 1 1 1 1 |1 1 1 5 1 1 1 |1 1 1 1 1 1 1 1 1 1 1 1 1 1 1 1 |1 1 1 1 1 1 1 1 1 1 1 1 1 1 1 |1 6 1 1 1 1 1 1 1 1 3 1 1 2 1 1 1 2 |1 1 1 1 3 1 1 1 1 1 1 4 1 1 1 1 |1 1 1 3 1 1 1 1 1 1 1 1 5 1 |6 1 1 1 1 1 1 1 1 |1 1 1 1 6 6 1 1 6 1 1 1 1 1 1 1 1 1 6 1 |1 1 1 1 1 1 1 1 1 1 1 1 1 |6 1 1 1 1 6 1 1 1 1 1 2 5 1 1 1 1 1 1 1 |1 1 1 1 1 6 |3 1 1 1 1 1 6 1 1 1 1 1 |
最佳适应度：
112.98516041331057

===============第40个全局最优解================
最佳代数：
0
最佳分配：
1 1 1 1 1 1 1 1 1 1 1 1 1 6 1 1 1 1 |1 1 1 6 1 3 1 6 1 1 1 |1 1 1 1 1 1 1 6 1 1 1 1 |1 1 1 1 6 1 6 1 1 1 6 6 1 1 1 1 |1 1 1 1 1 1 1 1 1 1 |4 1 1 1 1 1 1 1 1 1 1 1 1 5 1 6 1 |1 1 1 1 1 1 1 1 1 4 1 1 1 1 1 1 3 1 |1 1 2 1 1 1 3 |1 1 1 1 1 1 1 1 1 1 4 1 1 1 1 1 1 1 |1 1 1 1 1 1 1 1 1 5 1 1 1 1 1 1 1 1 1 |1 1 1 1 1 5 |1 1 1 1 1 1 1 1 1 1 |1 1 1 6 1 6 1 1 1 1 6 1 1 4 1 1 6 1 1 |1 1 6 6 1 1 1 6 1 |1 1 1 1 6 1 |1 1 6 1 1 1 1 1 1 1 6 1 1 1 1 1 1 |6 1 1 1 1 1 3 1 1 1 1 1 1 1 |1 1 1 1 1 1 1 1 |1 1 1 6 1 1 1 |1 1 1 1 1 1 1 1 1 1 1 1 1 1 1 1 |1 1 1 1 1 1 1 1 1 1 1 1 1 1 1 |1 6 1 1 1 1 1 1 1 1 1 1 1 1 1 1 1 1 |1 1 1 1 1 1 1 1 5 1 1 6 1 1 3 1 |1 1 1 2 1 1 1 1 1 1 1 1 1 1 |1 1 1 1 1 1 1 1 1 |1 1 1 1 6 6 1 1 5 1 1 1 1 1 1 1 1 1 6 1 |1 1 1 1 1 1 1 1 1 1 1 1 1 |1 1 1 1 1 6 1 1 1 1 1 1 5 1 1 1 1 1 1 1 |1 1 1 2 1 6 |6 1 1 1 1 1 6 1 1 1 1 1 |
最佳适应度：
111.05232175339866

===============第41个全局最优解================
最佳代数：
0
最佳分配：
1 1 1 1 1 1 1 1 1 1 1 1 1 6 1 6 5 1 |1 1 1 6 1 2 1 6 1 1 1 |1 1 1 1 1 2 1 6 1 1 1 1 |1 1 1 1 6 1 6 1 1 4 6 1 1 1 1 1 |1 1 1 1 1 1 1 1 4 1 |5 1 1 1 1 1 1 1 1 1 1 1 1 4 1 6 1 |1 1 1 1 1 6 1 1 1 1 1 1 1 1 1 1 1 1 |1 1 1 1 1 1 3 |1 1 1 1 1 1 1 1 1 1 4 1 1 1 1 1 1 1 |1 1 1 1 1 1 4 1 1 3 1 1 1 1 1 1 1 1 1 |1 1 1 1 1 1 |1 1 1 1 1 1 1 1 1 1 |1 1 1 3 1 6 1 1 1 1 6 1 1 1 1 1 1 1 1 |1 1 5 6 1 4 1 6 1 |1 1 1 1 6 1 |1 1 6 1 1 1 1 1 1 1 1 1 1 1 1 1 1 |6 1 1 1 1 1 1 1 1 1 1 1 1 1 |1 1 1 1 1 1 1 1 |1 1 1 6 1 1 1 |1 1 1 1 1 1 1 1 1 1 1 1 1 1 1 1 |1 1 1 1 1 1 1 1 1 1 1 1 1 1 1 |1 6 1 1 1 1 1 1 1 1 1 1 1 5 1 1 1 1 |1 1 1 1 1 1 1 1 4 1 1 6 1 1 1 1 |1 1 1 2 1 1 1 1 1 1 1 1 1 1 |6 1 1 1 1 1 1 1 1 |1 1 1 1 6 6 1 1 4 1 1 1 1 1 1 1 1 1 6 1 |1 1 1 1 1 1 1 1 1 1 1 1 1 |6 1 1 1 1 6 1 1 1 1 1 4 6 1 1 1 1 1 1 1 |1 1 1 1 1 6 |3 1 1 1 1 1 6 1 1 1 1 1 |
最佳适应度：
112.82520963089694

===============第42个全局最优解================
最佳代数：
0
最佳分配：
1 1 1 1 1 1 1 1 1 1 1 1 1 6 1 6 4 1 |1 1 1 6 1 4 1 6 1 1 1 |1 1 1 1 1 4 1 6 1 1 1 1 |1 1 1 1 6 1 1 1 1 5 6 1 1 1 1 1 |1 1 1 1 1 1 1 1 3 1 |1 1 1 1 1 1 1 1 1 1 1 1 1 4 1 6 1 |1 1 1 1 1 1 1 1 1 1 1 1 2 1 1 1 1 1 |1 1 1 1 1 1 1 |1 1 1 1 1 1 1 1 1 1 3 1 1 1 1 1 1 1 |1 1 1 1 1 1 1 1 1 1 1 1 1 1 1 1 1 1 1 |1 1 1 1 1 4 |1 1 1 1 1 1 1 1 1 1 |1 1 1 6 1 6 1 1 1 1 6 1 1 5 1 1 6 1 1 |1 1 5 6 1 4 1 6 1 |1 1 1 1 6 1 |1 1 6 1 1 1 1 1 1 1 5 1 1 1 1 1 1 |6 1 1 1 1 1 1 1 1 1 1 1 1 1 |1 1 1 1 1 1 1 1 |1 1 1 6 1 1 1 |1 1 1 1 1 1 1 1 1 1 1 1 1 1 1 1 |1 1 1 1 1 1 1 1 1 1 1 1 1 1 1 |1 6 1 1 1 1 1 1 1 1 1 1 1 5 1 1 1 3 |1 1 1 1 1 1 1 1 4 1 1 6 1 1 1 1 |1 1 1 3 1 1 1 1 1 1 1 1 1 1 |6 1 1 1 1 1 1 1 1 |1 1 1 1 6 6 1 1 6 1 1 1 1 1 1 1 1 1 1 1 |1 1 1 1 1 1 1 1 1 1 1 1 1 |6 1 1 1 1 6 1 1 1 1 1 1 6 1 1 1 1 1 1 1 |1 1 1 1 1 6 |5 1 1 1 1 1 6 1 1 1 1 1 |
最佳适应度：
112.3379497075751

===============第43个全局最优解================
最佳代数：
0
最佳分配：
1 1 1 1 1 1 1 1 1 1 1 1 1 6 1 6 4 1 |1 1 1 6 1 3 1 1 1 1 1 |1 1 1 1 1 2 1 6 1 1 1 1 |1 1 1 1 6 1 6 1 1 1 6 3 1 1 1 1 |1 1 1 1 1 1 1 1 4 1 |1 1 1 1 1 1 1 1 1 1 1 1 1 4 1 6 1 |1 1 1 1 1 6 1 1 1 1 1 1 1 1 1 1 1 1 |1 1 1 1 1 1 1 |1 1 1 1 1 3 1 1 1 1 3 1 1 1 1 1 1 1 |1 1 1 1 1 1 2 1 1 4 1 1 1 1 1 1 1 1 1 |1 1 1 1 1 5 |1 1 1 1 1 1 1 1 1 1 |1 1 1 6 1 6 1 1 1 1 6 1 1 4 1 1 5 1 1 |1 1 6 6 1 3 1 6 1 |1 1 1 1 6 1 |1 1 1 1 1 1 1 1 1 1 1 1 1 1 1 1 1 |6 1 1 1 1 1 2 1 1 1 1 1 1 1 |1 1 1 1 1 1 1 1 |1 1 1 6 1 1 1 |1 1 1 1 1 1 1 1 1 1 1 1 1 1 1 1 |1 1 1 1 1 1 1 1 1 1 1 1 1 1 1 |1 6 1 1 1 1 1 1 1 1 2 1 1 3 1 1 1 1 |1 1 1 1 3 1 1 1 5 1 1 5 1 1 1 1 |1 1 1 2 1 1 1 1 1 1 1 1 4 1 |6 1 1 1 1 1 1 1 1 |1 1 1 1 6 6 1 1 6 1 1 1 1 1 1 1 1 2 6 1 |1 1 1 1 1 1 1 1 1 1 1 1 1 |5 1 1 1 1 6 1 1 1 1 1 2 6 1 1 1 1 1 1 1 |1 1 1 1 1 6 |1 1 1 1 1 1 6 1 1 1 1 1 |
最佳适应度：
112.57887389166928

===============第44个全局最优解================
最佳代数：
0
最佳分配：
1 1 1 1 1 1 1 1 1 1 1 1 1 6 1 6 5 1 |1 1 1 6 1 3 1 6 1 1 1 |1 1 1 1 1 1 1 6 1 1 1 1 |1 1 1 1 6 1 1 1 1 3 6 6 1 1 1 1 |1 1 1 1 1 1 1 1 5 1 |4 1 1 1 1 1 1 1 1 1 1 1 1 5 1 6 1 |1 1 1 1 1 1 1 1 1 1 1 1 3 1 1 1 1 1 |1 1 1 1 1 1 1 |1 1 1 1 1 1 1 1 1 1 2 1 1 1 1 1 2 1 |1 1 1 1 1 1 2 1 1 1 1 1 1 1 1 1 1 1 1 |1 1 1 1 1 4 |1 1 1 1 1 1 1 1 1 1 |1 1 1 4 1 4 1 1 1 1 6 1 1 1 1 1 1 1 1 |1 1 6 6 1 4 1 6 1 |1 1 1 1 6 1 |1 1 6 1 1 1 1 1 1 1 4 1 1 1 1 1 1 |6 1 1 3 1 1 3 1 1 1 1 1 1 1 |1 1 1 1 1 1 1 1 |1 1 1 6 1 1 1 |1 1 1 1 1 1 1 1 1 1 1 1 1 1 1 1 |1 1 1 1 1 1 1 1 1 1 1 1 1 1 1 |1 6 1 1 1 1 1 1 1 1 1 1 1 2 1 1 1 1 |1 1 1 1 1 1 1 1 6 1 1 6 1 1 2 1 |1 1 1 2 1 1 1 1 1 1 1 1 2 1 |6 1 1 1 1 1 1 3 1 |1 1 1 1 6 6 1 1 5 1 1 1 1 1 1 1 1 2 1 1 |1 1 1 1 1 1 1 1 1 1 1 1 1 |3 1 1 1 1 5 1 1 1 1 1 5 6 1 1 1 1 1 1 1 |1 1 1 1 1 6 |6 1 1 1 1 1 6 1 1 1 1 1 |
最佳适应度：
112.75689192528847

===============第45个全局最优解================
最佳代数：
0
最佳分配：
1 1 1 1 1 1 1 1 1 1 1 1 1 6 1 6 1 1 |1 1 1 6 1 3 1 6 1 1 1 |1 1 1 1 1 1 1 6 1 1 1 1 |1 1 1 1 6 1 1 1 1 5 6 6 1 1 1 1 |1 1 1 1 1 1 1 1 5 1 |5 1 1 1 1 1 1 1 1 1 1 1 1 1 1 6 1 |1 1 1 1 1 6 1 1 1 3 1 1 1 1 1 1 3 1 |1 1 3 1 1 1 1 |1 1 1 1 1 1 1 1 1 1 4 1 1 1 1 1 1 1 |1 1 1 1 1 1 1 1 1 4 1 1 1 1 1 1 1 1 1 |1 1 1 1 1 1 |1 1 1 1 1 1 1 1 1 1 |1 1 1 6 1 5 1 1 1 1 6 1 1 6 1 1 6 1 1 |1 1 6 6 1 5 1 6 1 |1 1 1 1 5 1 |1 1 6 1 1 1 1 1 1 1 6 1 1 1 1 1 1 |6 1 1 1 1 1 4 1 1 1 1 1 1 1 |1 1 1 1 1 1 1 1 |1 1 1 6 1 1 1 |1 1 1 1 1 1 1 1 1 1 1 1 1 1 1 1 |1 1 1 1 1 1 1 1 1 1 1 1 1 1 1 |1 6 1 1 1 1 1 1 1 1 2 1 1 4 1 1 1 3 |1 1 1 1 1 1 1 1 6 1 1 6 1 1 3 1 |1 1 1 1 1 1 1 1 1 1 1 1 3 1 |1 1 1 1 1 1 3 1 1 |1 1 1 1 6 1 1 1 1 1 1 1 1 1 1 1 1 1 1 1 |1 1 1 1 1 1 1 1 1 1 1 1 1 |6 1 1 1 1 6 1 1 1 1 1 1 1 1 1 1 1 1 1 1 |1 1 1 1 2 6 |1 1 1 1 1 1 6 1 1 1 1 1 |
最佳适应度：
110.0757352602562

===============第46个全局最优解================
最佳代数：
0
最佳分配：
1 1 1 1 1 1 1 1 1 1 1 1 1 6 1 6 1 1 |1 1 1 6 1 1 1 6 1 1 1 |1 1 1 1 1 1 1 6 1 1 1 1 |1 1 1 1 6 1 1 1 1 3 6 3 1 1 1 1 |1 1 1 1 1 1 1 1 1 1 |2 1 1 1 1 1 1 1 1 1 1 1 1 6 1 6 1 |1 1 1 1 1 6 1 1 1 1 1 1 1 1 1 1 1 1 |1 1 1 1 1 1 1 |1 1 1 1 1 1 1 1 1 1 5 1 1 1 1 1 1 1 |1 1 1 1 1 1 2 1 1 1 1 1 1 1 1 1 1 1 1 |1 1 1 1 1 1 |1 1 1 1 1 1 1 1 1 1 |1 1 1 5 1 6 1 1 1 1 6 1 1 4 1 1 2 1 1 |1 1 6 6 1 3 1 6 1 |2 1 1 1 6 1 |1 1 6 1 1 1 1 1 1 1 1 1 1 1 1 1 1 |6 1 1 2 1 1 3 1 1 1 1 1 1 1 |1 1 1 1 1 1 1 1 |1 1 1 6 1 1 1 |1 1 3 1 1 1 1 1 1 1 1 1 1 1 1 1 |1 1 1 1 1 1 1 1 1 1 1 1 1 1 1 |1 6 1 1 1 1 1 1 1 1 3 1 1 6 1 1 1 3 |1 1 1 1 1 1 1 1 6 1 1 6 1 1 2 1 |1 1 1 1 1 1 1 1 1 1 1 1 4 1 |6 1 1 1 1 1 4 1 1 |1 1 1 1 6 6 1 1 5 1 1 1 1 1 1 1 1 1 6 1 |1 1 1 2 1 1 1 1 1 1 1 1 1 |1 1 1 1 1 5 1 1 1 1 1 1 6 1 1 1 1 1 1 1 |1 1 1 2 2 3 |5 1 1 1 1 1 6 1 1 1 1 1 |
最佳适应度：
112.66757007831208

===============第47个全局最优解================
最佳代数：
0
最佳分配：
1 1 1 1 1 1 1 1 1 1 1 1 1 6 1 6 5 1 |1 1 1 6 1 4 1 6 1 1 1 |1 1 1 1 1 1 1 5 1 1 1 1 |1 1 1 1 1 1 5 1 1 6 6 6 1 1 1 1 |1 1 1 1 1 1 1 1 6 1 |6 1 1 1 1 1 1 1 1 1 1 1 1 1 1 6 1 |1 1 1 1 1 1 2 1 1 1 1 1 1 1 1 1 1 1 |1 1 1 1 1 1 3 |1 1 1 1 1 2 1 1 1 1 2 1 1 1 1 1 4 1 |1 1 1 1 1 1 1 1 1 1 1 1 1 1 1 1 1 1 1 |1 1 1 1 1 6 |1 1 1 1 1 1 1 1 1 1 |1 1 1 6 1 1 1 1 1 1 6 1 1 1 1 1 4 1 1 |1 1 6 6 1 5 1 6 1 |1 1 1 1 5 1 |1 1 6 1 1 1 1 1 1 1 6 1 1 1 1 1 1 |1 1 1 1 1 1 1 1 1 1 1 1 1 1 |1 1 1 1 1 1 1 1 |1 1 1 6 1 1 1 |1 1 1 1 1 1 1 1 1 1 1 1 1 1 1 1 |1 1 1 1 1 1 1 1 1 1 1 1 1 1 1 |1 6 1 1 1 3 1 1 1 1 1 1 1 1 1 1 1 2 |1 1 1 1 3 1 1 1 2 1 1 6 1 1 1 1 |1 1 1 3 1 1 1 1 1 1 1 1 2 1 |6 1 1 1 1 1 3 2 1 |1 1 1 1 4 6 1 1 3 1 1 1 1 1 1 1 1 2 6 1 |1 1 1 1 1 1 1 1 3 1 1 1 1 |1 1 1 1 1 5 1 1 1 1 1 1 6 1 1 1 1 1 1 1 |1 1 1 1 2 6 |6 1 1 1 1 1 6 1 1 1 1 1 |
最佳适应度：
111.2557505367861

===============第48个全局最优解================
最佳代数：
0
最佳分配：
1 1 1 1 1 1 1 1 1 1 1 1 1 6 1 6 5 1 |1 1 1 6 1 3 1 6 1 1 1 |1 1 1 1 1 1 1 6 1 1 1 1 |1 1 1 1 3 1 5 1 1 4 6 1 1 1 1 1 |1 1 1 1 1 1 1 1 1 1 |1 1 1 1 1 1 1 1 1 1 1 1 1 5 1 6 1 |1 1 1 1 1 6 1 1 1 1 1 1 1 1 1 1 1 1 |1 1 1 1 1 1 2 |1 1 1 1 1 1 1 1 1 1 4 1 1 1 1 1 1 1 |1 1 1 1 1 1 1 1 1 1 1 1 1 1 1 1 1 1 1 |1 1 1 1 1 5 |1 1 1 1 1 1 1 1 1 1 |1 1 1 6 1 6 1 1 1 1 6 1 1 1 1 1 6 1 1 |1 1 6 6 1 2 1 6 1 |1 1 1 1 4 1 |1 1 4 1 1 1 1 1 1 1 5 1 1 1 1 1 1 |6 1 1 1 1 1 4 1 1 1 1 1 1 1 |1 1 1 1 1 1 1 1 |1 1 1 6 1 1 1 |1 1 1 1 1 1 1 1 1 1 1 1 1 1 1 1 |1 1 1 1 1 1 1 1 1 1 1 1 1 1 1 |1 6 1 1 1 1 1 1 1 1 2 1 1 4 1 1 1 2 |1 1 1 1 1 1 1 1 4 1 1 6 1 1 2 1 |1 1 1 4 1 1 1 1 1 1 1 1 4 1 |6 1 1 1 1 1 1 1 1 |1 1 1 1 6 6 1 1 1 1 1 1 1 1 1 1 1 2 6 1 |1 1 1 1 1 1 1 1 1 1 1 1 1 |6 1 1 1 1 1 1 1 1 1 1 3 6 1 1 1 1 1 1 1 |1 1 1 1 1 6 |6 1 1 1 1 1 6 1 1 1 1 1 |
最佳适应度：
113.25981131649779

===============第49个全局最优解================
最佳代数：
0
最佳分配：
1 1 1 1 1 1 1 1 1 1 1 1 1 6 1 6 4 1 |1 1 1 6 1 2 1 6 1 1 1 |1 1 1 1 1 1 1 5 1 1 1 1 |1 1 1 1 6 1 6 1 1 2 6 2 1 1 1 1 |1 1 1 1 1 1 1 1 1 1 |5 1 1 1 1 1 1 1 1 1 1 1 1 1 1 6 1 |1 1 1 1 1 6 1 1 1 2 1 1 2 1 1 1 1 1 |1 1 1 1 1 1 2 |1 1 1 1 1 1 1 1 1 1 4 1 1 1 1 1 1 1 |1 1 1 1 1 1 2 1 1 2 1 1 1 1 1 1 1 1 1 |1 1 1 1 1 4 |1 1 1 1 1 1 1 1 1 1 |1 1 1 6 1 6 1 1 1 1 5 1 1 4 1 1 5 1 1 |1 1 2 6 1 1 1 6 1 |1 1 1 1 6 1 |1 1 1 1 1 1 1 1 1 1 5 1 1 1 1 1 1 |6 1 1 1 1 1 1 1 1 1 1 1 1 1 |1 1 1 1 1 1 1 1 |1 1 1 1 1 1 1 |1 1 1 1 1 1 1 1 1 1 1 1 1 1 1 1 |1 1 1 1 1 1 1 1 1 1 1 1 1 1 1 |1 6 1 1 1 1 1 1 1 1 1 1 1 5 1 1 1 4 |1 1 1 1 1 1 1 1 4 1 1 6 1 1 1 1 |1 1 1 5 1 1 1 1 1 1 1 1 3 1 |6 1 1 1 1 1 2 1 1 |1 1 1 1 6 6 1 1 5 1 1 1 1 1 1 1 1 2 6 1 |1 1 1 1 1 1 1 1 1 1 1 1 1 |6 1 1 1 1 6 1 1 1 1 1 1 6 1 1 1 1 1 1 1 |1 1 1 1 2 6 |6 1 1 1 1 1 6 1 1 1 1 1 |
最佳适应度：
112.93331106283402

===============第50个全局最优解================
最佳代数：
0
最佳分配：
1 1 1 1 1 1 1 1 1 1 1 1 1 6 1 6 1 1 |1 1 1 6 1 3 1 6 1 1 1 |1 1 1 1 1 1 1 6 1 1 1 1 |1 1 1 1 6 1 6 1 1 5 6 1 1 1 1 1 |1 1 1 1 1 1 1 1 3 1 |6 1 1 1 1 1 1 1 1 1 1 1 1 5 1 6 1 |1 1 1 1 1 6 1 1 1 1 1 1 2 1 1 1 1 1 |1 1 1 1 1 1 1 |1 1 1 1 1 2 1 1 1 1 4 1 1 1 1 1 1 1 |1 1 1 1 1 1 1 1 1 1 1 1 1 1 1 1 1 1 1 |1 1 1 1 1 5 |1 1 1 1 1 1 1 1 1 1 |1 1 1 6 1 1 1 1 1 1 6 1 1 5 1 1 5 1 1 |1 1 6 6 1 1 1 6 1 |1 1 1 1 6 1 |1 1 5 1 1 1 1 1 1 1 6 1 1 1 1 1 1 |6 1 1 2 1 1 3 1 1 1 1 1 1 1 |1 1 1 1 1 1 1 1 |1 1 1 6 1 1 1 |1 1 1 1 1 1 1 1 1 1 1 1 1 1 1 1 |1 1 1 1 1 1 1 1 1 1 1 1 1 1 1 |1 6 1 1 1 1 1 1 1 1 1 1 1 4 1 1 1 4 |1 1 1 1 2 1 1 1 3 1 1 5 1 1 1 1 |1 1 1 1 1 1 1 1 1 1 1 1 3 1 |6 1 1 1 1 1 1 2 1 |1 1 1 1 6 6 1 1 4 1 1 1 1 1 1 1 1 1 3 1 |1 1 1 1 1 1 1 1 1 1 1 1 1 |4 1 1 1 1 5 1 1 1 1 1 3 1 1 1 1 1 1 1 1 |1 1 1 1 1 6 |4 1 1 1 1 1 6 1 1 1 1 1 |
最佳适应度：
114.38452466202106

===============第51个全局最优解================
最佳代数：
0
最佳分配：
1 1 1 1 1 1 1 1 1 1 1 1 1 6 1 6 5 1 |1 1 1 6 1 1 1 6 1 1 1 |2 1 1 1 1 4 1 6 1 1 1 1 |1 1 1 1 6 1 1 1 1 1 6 4 1 1 1 1 |1 1 1 1 1 1 1 1 5 1 |4 1 1 1 1 1 1 1 1 1 1 1 1 3 1 6 1 |1 1 1 1 1 5 1 1 1 1 1 1 3 1 1 1 1 1 |1 1 2 1 1 1 1 |1 1 1 1 1 1 1 1 1 1 1 1 1 1 1 1 1 1 |1 1 1 1 1 1 3 1 1 6 1 1 1 1 1 1 1 1 1 |1 1 1 1 1 4 |1 1 1 1 1 1 1 1 1 1 |1 1 1 6 1 6 1 1 1 1 5 1 1 5 1 1 6 1 1 |1 1 1 6 1 1 1 6 1 |1 1 1 1 6 1 |1 1 1 1 1 1 1 1 1 1 1 1 1 1 1 1 1 |6 1 1 1 1 1 1 1 1 1 1 1 1 1 |1 1 1 1 1 1 1 1 |1 1 1 6 1 1 1 |1 1 1 1 1 1 1 1 1 1 1 1 1 1 1 1 |1 1 1 1 1 1 1 1 1 1 1 1 1 1 1 |1 6 1 1 1 1 1 1 1 1 1 1 1 5 1 1 1 1 |1 1 1 1 1 1 1 1 5 1 1 6 1 1 1 1 |1 1 1 2 1 1 1 1 1 1 1 1 3 1 |6 1 1 1 1 1 2 1 1 |1 1 1 1 6 6 1 1 5 1 1 1 1 1 1 1 1 1 6 1 |1 1 1 1 1 1 1 1 1 1 1 1 1 |6 1 1 1 1 4 1 1 1 1 1 2 6 1 1 1 1 1 1 1 |1 1 1 1 2 6 |4 1 1 1 1 1 6 1 1 1 1 1 |
最佳适应度：
112.59877503611006

===============第52个全局最优解================
最佳代数：
0
最佳分配：
1 1 1 1 1 1 1 1 1 1 1 1 1 6 1 6 4 1 |1 1 1 6 1 3 1 6 1 1 1 |1 1 1 1 1 1 1 6 1 1 1 1 |1 1 1 1 6 1 5 1 1 5 6 4 1 1 1 1 |1 1 1 1 1 1 1 1 5 1 |4 1 1 1 1 1 1 1 1 1 1 1 1 1 1 6 1 |1 1 1 1 1 2 1 1 1 1 1 1 1 1 1 1 2 1 |1 1 1 1 1 1 2 |1 1 1 1 1 1 1 1 1 1 3 1 1 1 1 1 1 1 |1 1 1 1 1 1 3 1 1 4 1 1 1 1 1 1 1 1 1 |1 1 1 1 1 4 |1 1 1 1 1 1 1 1 1 1 |1 1 1 6 1 6 1 1 1 1 6 1 1 1 1 1 6 1 1 |1 1 6 6 1 3 1 6 1 |1 1 1 1 6 1 |1 1 6 1 1 1 1 1 1 1 6 1 1 1 1 1 1 |6 1 1 1 1 1 3 1 1 1 1 1 1 1 |1 1 1 1 1 1 1 1 |1 1 1 6 1 1 1 |1 1 1 1 1 1 1 1 1 1 1 1 1 1 1 1 |1 1 1 1 1 1 1 1 1 1 1 1 1 1 1 |1 6 1 1 1 1 1 1 1 1 1 1 1 4 1 1 1 4 |1 1 1 1 1 1 1 1 3 1 1 5 1 1 2 1 |1 1 1 3 1 1 1 1 1 1 1 1 1 1 |6 1 1 1 1 1 1 1 1 |1 1 1 1 6 6 1 1 4 1 1 1 1 1 1 1 1 1 6 1 |1 1 1 1 1 1 1 1 1 1 1 1 1 |3 1 1 1 1 1 1 1 1 1 1 1 5 1 1 1 1 1 1 1 |1 1 1 1 1 6 |1 1 1 1 1 1 6 1 1 1 1 1 |
最佳适应度：
113.35442948299229

===============第53个全局最优解================
最佳代数：
0
最佳分配：
1 1 1 1 1 1 1 1 1 1 1 1 1 1 1 6 3 1 |1 1 1 6 1 3 1 6 1 1 1 |1 1 1 1 1 2 1 6 1 1 1 1 |1 1 1 1 6 1 5 1 1 1 6 1 1 1 1 1 |1 1 1 1 1 1 1 1 2 1 |3 1 1 1 1 1 1 1 1 1 1 1 1 4 1 6 1 |1 1 1 1 1 6 1 1 1 1 1 1 1 1 1 1 2 1 |1 1 1 1 1 1 1 |1 1 1 1 1 3 1 1 1 1 4 1 1 1 1 1 1 1 |1 1 1 1 1 1 2 1 1 4 1 1 1 1 1 1 1 1 1 |1 1 1 1 1 1 |1 1 1 1 1 1 1 1 1 1 |1 1 1 5 1 6 1 1 1 1 6 1 1 5 1 1 6 1 1 |1 1 6 6 1 1 1 6 1 |1 1 1 1 6 1 |1 1 6 1 1 1 1 1 1 1 5 1 1 1 1 1 1 |6 1 1 1 1 1 3 1 1 1 1 1 1 1 |1 1 1 1 1 1 1 1 |1 1 1 6 1 1 1 |1 1 1 1 1 1 1 1 1 1 1 1 1 1 1 1 |1 1 1 1 1 1 1 1 1 1 1 1 1 1 1 |1 6 1 1 1 1 1 1 1 1 1 1 1 4 1 1 1 2 |1 1 1 1 1 1 1 1 4 1 1 6 1 1 3 1 |1 1 1 3 1 1 1 1 1 1 1 1 4 1 |6 1 1 1 1 1 1 1 1 |1 1 1 1 6 6 1 1 1 1 1 1 1 1 1 1 1 1 6 1 |1 1 1 1 1 1 1 1 1 1 1 1 1 |6 1 1 1 1 2 1 1 1 1 1 1 6 1 1 1 1 1 1 1 |1 1 1 1 1 6 |6 1 1 1 1 1 6 1 1 1 1 1 |
最佳适应度：
113.02785480526964

===============第54个全局最优解================
最佳代数：
0
最佳分配：
1 1 1 1 1 1 1 1 1 1 1 1 1 6 1 6 1 1 |1 1 1 6 1 1 1 6 1 1 1 |1 1 1 1 1 1 1 6 1 1 1 1 |1 1 1 1 6 1 6 1 1 1 6 1 1 1 1 1 |1 1 1 1 1 1 1 1 5 1 |6 1 1 1 1 1 1 1 1 1 1 1 1 1 1 6 1 |1 1 1 1 1 6 1 1 1 1 1 1 1 1 1 1 2 1 |1 1 2 1 1 1 1 |1 1 1 1 1 1 1 1 1 1 1 1 1 1 1 1 1 1 |1 1 1 1 1 1 1 1 1 4 1 1 1 1 1 1 1 1 1 |1 1 1 1 1 4 |1 1 1 1 1 1 1 1 1 1 |1 1 1 6 1 6 1 1 1 1 6 1 1 6 1 1 6 1 1 |1 1 6 6 1 3 1 6 1 |1 1 1 1 5 1 |1 1 2 1 1 1 1 1 1 1 6 1 1 1 1 1 1 |6 1 1 2 1 1 1 1 1 1 1 1 1 1 |1 1 1 1 1 1 1 1 |1 1 1 3 1 1 1 |1 1 1 1 1 1 1 1 1 1 1 1 1 1 1 1 |1 1 1 1 1 1 1 1 1 1 1 1 1 1 1 |1 6 1 1 1 2 1 1 1 1 2 1 1 6 1 1 1 4 |1 1 1 1 4 1 1 1 1 1 1 6 1 1 2 1 |1 1 1 1 1 1 1 1 1 1 1 1 4 1 |6 1 1 1 1 1 1 1 1 |1 1 1 1 6 6 1 1 2 1 1 1 1 1 1 1 1 1 4 1 |1 1 1 1 1 1 1 1 1 1 1 1 1 |6 1 1 1 1 6 1 1 1 1 1 3 5 1 1 1 1 1 1 1 |1 1 1 1 2 5 |1 1 1 1 1 1 6 1 1 1 1 1 |
最佳适应度：
112.68419033825121

===============第55个全局最优解================
最佳代数：
0
最佳分配：
1 1 1 1 1 1 1 1 1 1 1 1 1 5 1 6 1 1 |1 1 1 1 1 4 1 6 1 1 1 |1 1 1 1 1 4 1 6 1 1 1 1 |1 1 1 1 6 1 1 1 1 6 6 6 1 1 1 1 |1 1 1 1 1 1 1 1 4 1 |1 1 1 1 1 1 1 1 1 1 1 1 1 5 1 6 1 |1 1 1 1 1 6 1 1 1 1 1 1 3 1 1 1 1 1 |1 1 1 1 1 1 3 |1 1 1 1 1 1 1 1 1 1 1 1 1 1 1 1 1 1 |1 1 1 1 1 1 3 1 1 1 1 1 1 1 1 1 1 1 1 |1 1 1 1 1 6 |1 1 1 1 1 1 1 1 1 1 |1 1 1 6 1 1 1 1 1 1 1 1 1 6 1 1 6 1 1 |1 1 5 6 1 1 1 6 3 |1 1 1 1 1 1 |1 1 5 1 1 1 1 1 1 1 5 1 1 1 1 1 1 |6 1 1 1 1 1 4 1 1 1 1 1 1 1 |1 1 1 1 1 1 1 1 |1 1 1 6 1 1 1 |1 1 3 1 1 1 1 1 1 1 1 1 1 1 1 1 |1 1 1 1 1 1 1 1 1 1 1 1 1 1 1 |1 6 1 1 1 1 1 1 1 1 1 1 1 5 1 1 1 3 |1 1 1 1 1 1 1 1 6 1 1 1 1 1 1 1 |1 1 1 5 1 1 1 1 1 1 1 1 4 1 |6 1 1 1 1 1 2 1 1 |1 1 1 1 6 6 1 1 6 1 1 1 1 1 1 1 1 1 6 1 |1 1 1 1 1 1 1 1 1 1 1 1 1 |6 1 1 1 1 3 1 1 1 1 1 1 6 1 1 1 1 1 1 1 |1 1 1 2 1 6 |1 1 1 1 1 1 6 1 1 1 1 1 |
最佳适应度：
110.33073000874585

===============第56个全局最优解================
最佳代数：
0
最佳分配：
1 1 1 1 1 1 1 1 1 1 1 1 1 6 1 6 4 1 |1 1 1 6 1 4 1 6 1 1 1 |1 1 1 1 1 1 1 6 1 1 1 1 |1 1 1 1 6 1 4 1 2 5 6 1 1 1 1 1 |1 1 1 1 1 1 1 1 5 1 |6 1 1 1 1 1 1 1 1 1 1 1 1 1 1 6 1 |1 1 1 1 1 6 1 1 1 1 1 1 1 1 1 1 1 1 |1 1 4 1 1 1 2 |1 1 1 1 1 2 1 1 1 1 4 1 1 1 1 1 2 1 |1 1 1 1 1 1 1 1 1 3 1 1 1 1 1 1 1 1 1 |1 1 1 1 1 1 |1 1 1 1 1 1 1 1 1 1 |1 1 1 6 1 1 1 1 1 1 6 1 1 1 1 1 6 1 1 |1 1 6 6 1 4 1 6 2 |1 1 1 1 6 1 |1 1 6 1 1 1 1 1 1 1 1 1 1 1 1 1 1 |6 1 1 1 1 1 3 1 1 1 1 1 1 1 |1 1 1 1 1 1 1 1 |1 1 1 6 1 1 1 |1 1 1 1 1 1 1 1 1 1 1 1 1 1 1 1 |1 1 1 1 1 1 1 1 1 1 1 1 1 1 1 |1 6 1 1 1 1 1 1 1 1 1 1 1 5 1 1 1 1 |1 1 1 1 1 1 1 1 5 1 1 1 1 1 1 1 |1 1 1 4 1 1 1 1 1 1 1 1 1 1 |6 1 1 1 1 1 1 1 1 |1 1 1 1 6 6 1 1 5 1 1 1 1 1 1 1 1 1 6 1 |1 1 1 1 1 1 1 1 1 1 1 1 1 |1 1 1 1 1 4 1 1 1 1 1 4 6 1 1 1 1 1 1 1 |1 1 1 1 1 6 |4 1 1 1 1 1 6 1 1 1 1 1 |
最佳适应度：
112.75748218551368

===============第57个全局最优解================
最佳代数：
0
最佳分配：
1 1 1 1 1 1 1 1 1 1 1 1 1 6 1 6 1 1 |1 1 1 6 1 1 1 2 1 1 1 |1 1 1 1 1 1 1 6 1 1 1 1 |1 1 1 1 6 1 1 1 2 4 6 5 1 1 1 1 |1 1 1 1 1 1 1 1 6 1 |1 1 1 1 1 1 1 1 1 1 1 1 1 5 1 6 1 |1 1 1 1 1 6 1 1 2 2 1 1 4 1 1 1 4 1 |1 1 3 1 1 1 1 |1 1 1 1 1 2 1 1 1 1 4 1 1 1 1 1 1 1 |1 1 1 1 1 1 5 1 1 1 1 1 1 1 1 1 1 1 1 |1 1 1 1 1 4 |1 1 1 1 1 1 1 1 1 1 |1 1 1 1 1 6 1 1 1 1 6 1 1 6 1 1 6 1 1 |1 1 6 6 1 1 1 6 1 |1 1 1 1 6 1 |3 1 1 1 1 1 1 1 1 1 5 1 1 1 1 1 1 |6 1 1 5 1 1 4 1 1 1 1 1 1 1 |1 1 1 1 1 1 1 1 |1 1 1 3 1 1 1 |2 1 1 1 1 1 1 1 1 1 1 2 1 1 1 1 |1 1 1 1 1 1 1 1 1 1 1 1 1 1 1 |1 6 1 1 1 2 1 1 4 1 3 1 1 4 1 1 1 1 |1 1 1 2 1 1 1 1 1 1 1 1 1 1 1 1 |1 1 1 6 1 1 1 1 1 1 1 1 3 1 |6 1 1 1 1 1 3 1 1 |1 1 1 1 6 6 1 1 1 1 1 1 1 1 1 1 1 1 1 1 |1 1 1 1 1 1 1 1 3 1 1 1 1 |4 1 1 1 1 2 1 1 1 1 1 4 6 1 1 1 1 1 1 1 |1 1 1 1 1 6 |1 1 1 1 1 1 1 1 1 1 1 1 |
最佳适应度：
109.3888561760916

===============第58个全局最优解================
最佳代数：
0
最佳分配：
1 1 1 1 1 1 1 1 1 1 1 1 1 6 1 6 4 1 |1 1 1 2 1 1 1 6 1 1 1 |1 1 1 1 1 2 1 6 1 1 1 1 |1 1 1 1 6 1 6 1 1 5 6 6 1 1 1 1 |1 1 1 1 1 1 1 1 2 1 |1 1 1 1 1 1 1 1 1 1 1 1 1 3 1 6 1 |1 1 1 1 1 6 1 1 1 1 1 1 2 1 1 1 1 1 |1 1 1 1 1 1 1 |1 1 1 1 1 1 1 1 1 1 1 1 1 1 1 1 2 1 |1 1 1 1 1 1 5 1 1 3 1 1 1 1 1 1 1 1 1 |1 1 1 1 1 1 |1 1 1 1 1 1 1 1 1 1 |1 1 1 6 1 6 1 1 1 1 6 1 1 1 1 1 6 1 1 |1 1 6 6 1 3 1 6 1 |1 1 1 1 5 1 |1 1 6 1 1 1 1 1 1 1 6 1 1 1 1 1 1 |6 1 1 1 1 1 1 1 1 1 1 1 1 1 |1 1 1 1 1 1 1 1 |1 1 1 6 1 1 1 |1 1 1 1 1 1 1 1 1 1 1 1 1 1 1 1 |1 1 1 1 1 1 1 1 1 1 1 1 1 1 1 |1 6 1 1 1 1 1 1 1 1 1 1 1 5 1 1 1 4 |1 1 1 1 1 1 1 1 6 1 1 6 1 1 1 1 |1 1 1 1 1 1 1 1 1 1 1 1 2 1 |6 1 1 1 1 1 1 3 1 |1 1 1 1 1 3 1 1 5 1 1 1 1 1 1 1 1 1 1 1 |1 1 1 1 1 1 1 1 1 1 1 1 1 |6 1 1 1 1 6 1 1 1 1 1 1 6 1 1 1 1 1 1 1 |1 1 1 3 1 6 |6 1 1 1 1 1 6 1 1 1 1 1 |
最佳适应度：
111.9062468676982

===============第59个全局最优解================
最佳代数：
0
最佳分配：
1 1 1 1 1 1 1 1 1 1 1 1 1 6 1 6 4 1 |1 1 1 6 1 1 1 6 1 1 1 |1 1 1 1 1 2 1 6 1 1 1 1 |1 1 1 1 6 1 6 1 1 1 6 6 1 1 1 1 |1 1 1 1 1 1 1 1 3 1 |5 1 1 1 1 1 1 1 1 1 1 1 1 1 1 6 1 |1 1 1 1 1 5 1 1 1 1 1 1 3 1 1 1 1 1 |1 1 1 1 1 1 2 |1 1 1 1 1 4 1 1 1 1 1 1 1 1 1 1 1 1 |1 1 1 1 1 1 1 1 1 1 1 1 1 1 1 1 1 1 1 |1 1 1 1 1 1 |1 1 1 1 1 1 1 1 1 1 |1 1 1 6 1 6 1 1 1 1 5 1 1 1 1 1 5 1 1 |1 1 1 6 1 3 1 6 1 |1 1 1 1 6 1 |1 1 6 1 1 1 1 1 1 1 5 1 1 1 1 1 1 |6 1 1 1 1 1 3 1 1 1 1 1 1 1 |1 1 1 1 1 1 1 1 |1 1 1 6 1 1 1 |1 1 1 1 1 1 1 1 1 1 1 1 1 1 1 1 |1 1 1 1 1 1 1 1 1 1 1 1 1 1 1 |1 6 1 1 1 1 1 1 1 1 1 1 1 3 1 1 1 3 |1 1 1 1 1 1 1 1 6 1 1 6 1 1 1 1 |1 1 1 2 1 1 1 1 1 1 1 1 1 1 |6 1 1 1 1 1 1 1 1 |1 1 1 1 6 6 1 1 5 1 1 1 1 1 1 1 1 1 6 1 |1 1 1 1 1 1 1 1 1 1 1 1 1 |5 1 1 1 1 6 1 1 1 1 1 3 6 1 1 1 1 1 1 1 |1 1 1 1 1 6 |4 1 1 1 1 1 6 1 1 1 1 1 |
最佳适应度：
113.25265734107721

===============第60个全局最优解================
最佳代数：
0
最佳分配：
1 1 1 1 1 1 1 1 1 1 1 1 1 6 1 6 4 1 |1 1 1 6 1 3 1 6 1 1 1 |1 1 1 1 1 2 1 1 1 1 1 1 |1 1 1 1 6 1 6 1 1 5 2 2 1 1 1 1 |1 1 1 1 1 1 1 1 3 1 |6 1 1 1 1 1 1 1 1 1 1 1 1 5 1 6 1 |1 1 1 1 1 3 1 1 1 1 1 1 3 1 1 1 1 1 |1 1 1 1 1 1 1 |1 1 1 1 1 2 1 1 1 1 4 1 1 1 1 1 1 1 |1 1 1 1 1 1 2 1 1 4 1 1 1 1 1 1 1 1 1 |1 1 1 1 1 6 |1 1 1 1 1 1 1 1 1 1 |1 1 1 6 1 6 1 1 1 1 6 1 1 1 1 1 1 1 1 |1 1 6 6 1 1 1 6 2 |1 1 1 1 1 1 |1 1 6 1 1 1 1 1 1 1 5 1 1 1 1 1 1 |6 1 1 2 1 1 4 1 1 1 1 1 1 1 |1 1 1 1 1 1 1 1 |1 1 1 6 1 1 1 |1 1 1 1 1 1 1 1 1 1 1 1 1 1 1 1 |1 1 1 1 1 1 1 1 1 1 1 1 1 1 1 |1 6 1 1 1 1 1 1 1 1 1 1 1 3 1 1 1 4 |1 1 1 1 1 1 1 1 4 1 1 5 1 1 3 1 |1 1 1 1 1 1 1 1 1 1 1 1 5 1 |6 1 1 1 1 1 1 1 1 |1 1 1 1 6 6 1 1 3 1 1 1 1 1 1 1 1 1 6 1 |1 1 1 1 1 1 1 1 1 1 1 1 1 |6 1 1 1 1 6 1 1 1 1 1 1 6 1 1 1 1 1 1 1 |1 1 1 1 1 6 |1 1 1 1 1 1 6 1 1 1 1 1 |
最佳适应度：
112.49678891925977

最大适应度：114.38452466202106
最小适应度：109.3888561760916
平均适应度：111.98764777486025
估计标准差值：0.9915704379376067
最佳分配：
1 1 1 1 1 1 1 1 1 1 1 1 1 6 1 6 1 1 |1 1 1 6 1 3 1 6 1 1 1 |1 1 1 1 1 1 1 6 1 1 1 1 |1 1 1 1 6 1 6 1 1 5 6 1 1 1 1 1 |1 1 1 1 1 1 1 1 3 1 |6 1 1 1 1 1 1 1 1 1 1 1 1 5 1 6 1 |1 1 1 1 1 6 1 1 1 1 1 1 2 1 1 1 1 1 |1 1 1 1 1 1 1 |1 1 1 1 1 2 1 1 1 1 4 1 1 1 1 1 1 1 |1 1 1 1 1 1 1 1 1 1 1 1 1 1 1 1 1 1 1 |1 1 1 1 1 5 |1 1 1 1 1 1 1 1 1 1 |1 1 1 6 1 1 1 1 1 1 6 1 1 5 1 1 5 1 1 |1 1 6 6 1 1 1 6 1 |1 1 1 1 6 1 |1 1 5 1 1 1 1 1 1 1 6 1 1 1 1 1 1 |6 1 1 2 1 1 3 1 1 1 1 1 1 1 |1 1 1 1 1 1 1 1 |1 1 1 6 1 1 1 |1 1 1 1 1 1 1 1 1 1 1 1 1 1 1 1 |1 1 1 1 1 1 1 1 1 1 1 1 1 1 1 |1 6 1 1 1 1 1 1 1 1 1 1 1 4 1 1 1 4 |1 1 1 1 2 1 1 1 3 1 1 5 1 1 1 1 |1 1 1 1 1 1 1 1 1 1 1 1 3 1 |6 1 1 1 1 1 1 2 1 |1 1 1 1 6 6 1 1 4 1 1 1 1 1 1 1 1 1 3 1 |1 1 1 1 1 1 1 1 1 1 1 1 1 |4 1 1 1 1 5 1 1 1 1 1 3 1 1 1 1 1 1 1 1 |1 1 1 1 1 6 |4 1 1 1 1 1 6 1 1 1 1 1 |
FADE算法运行求解巡逻调度问题耗时：1小时，25分钟，7秒
