===============第1个全局最优解================
最佳代数：
5585
最佳分配：
1 1 1 1 1 1 1 1 1 1 |2 1 2 1 1 1 1 3 1 1 1 1 2 1 |1 3 1 2 1 2 1 3 1 1 1 1 2 1 1 |1 1 1 1 6 3 1 1 1 1 3 1 1 1 2 1 1 |2 2 2 1 4 4 1 1 1 2 1 1 1 4 1 1 |1 1 2 3 1 1 2 1 1 2 1 1 1 |1 1 1 1 1 1 1 1 1 4 1 1 1 1 1 2 |3 1 1 1 1 4 1 1 2 |3 1 2 2 1 1 1 1 1 2 4 1 1 |1 2 1 1 1 1 1 1 1 1 1 1 1 |1 5 1 1 2 1 1 1 1 1 1 1 1 1 3 1 4 2 1 1 |5 1 1 1 1 1 2 2 5 1 2 1 |1 2 1 5 1 1 1 1 1 1 1 1 |1 1 3 2 1 4 2 |1 2 4 1 1 1 2 1 1 1 1 1 |4 1 1 1 1 |1 3 1 1 1 3 1 3 1 1 1 1 2 |1 1 2 1 1 2 1 4 3 1 1 1 1 |1 3 1 1 1 1 2 1 1 1 1 2 1 2 1 2 2 2 1 |1 1 1 1 1 1 1 4 1 1 1 1 1 1 4 3 1 1 1 6 |1 1 1 2 1 2 2 6 1 1 1 1 1 3 1 1 |1 1 2 1 3 1 |1 1 1 1 2 1 1 1 1 |4 1 1 2 2 1 1 4 1 2 1 1 1 4 1 |1 3 1 3 2 1 1 1 |1 1 1 1 1 1 1 1 |1 1 2 2 1 2 4 1 1 1 |1 3 1 1 1 1 1 1 1 2 1 2 3 1 |1 3 1 1 4 1 3 1 |3 1 1 1 1 2 4 1 1 3 1 5 3 1 2 1 1 1 |1 1 1 1 1 1 1 2 |3 1 1 4 6 3 1 1 |2 1 1 1 5 1 1 1 1 1 1 |2 3 1 1 5 1 1 2 1 1 4 1 2 |3 1 2 1 1 1 1 2 1 1 1 2 1 2 1 5 |2 1 1 1 3 1 1 1 1 3 1 4 1 1 |4 1 3 6 1 1 1 3 4 6 |3 1 1 1 1 1 |1 2 3 5 1 3 1 2 1 1 2 1 2 2 1 1 1 1 2 |2 4 1 1 2 2 1 1 1 1 1 1 3 3 1 2 2 1 |1 1 6 2 1 2 |1 1 1 1 4 1 1 |1 2 1 1 1 1 4 |5 2 1 1 1 1 3 1 1 3 1 1 1 1 |2 1 1 1 1 1 1 1 |1 1 1 4 1 1 2 1 1 1 1 1 1 2 1 3 2 3 1 |3 1 1 1 3 1 1 1 2 4 |1 1 1 1 1 1 1 2 1 1 2 3 1 2 1 1 1 |1 1 1 1 1 1 2 1 1 1 1 1 1 3 |1 3 5 1 5 1 1 3 1 2 1 2 2 |6 1 1 2 6 1 3 2 1 1 5 1 1 2 1 2 1 1 |5 1 1 1 4 1 1 |1 4 2 6 1 1 1 2 2 2 1 1 2 1 |1 1 1 1 1 1 1 1 1 1 1 1 1 1 1 1 1 4 4 |1 3 1 1 1 1 1 1 1 1 3 1 1 1 2 1 1 1 4 |1 1 1 1 2 1 1 1 1 1 1 1 |1 1 1 1 4 6 1 3 1 1 1 1 1 |1 1 1 4 1 1 2 3 3 3 4 1 1 1 |1 1 1 1 1 2 1 4 4 1 1 1 1 1 1 1 |3 3 1 1 1 3 3 |6 4 1 2 1 1 2 1 1 1 2 1 1 2 1 3 5 1 5 1 |1 1 2 1 1 1 1 1 1 1 1 1 1 1 |2 2 1 1 1 |1 1 1 2 1 |1 1 2 1 1 1 1 1 2 1 1 1 1 1 1 3 1 1 1 4 |3 1 1 1 4 1 |1 1 1 1 1 2 |5 1 5 3 1 1 1 1 1 1 2 1 2 5 1 1 1 1 1 |5 1 1 2 1 1 1 1 1 |1 1 1 3 2 1 4 |1 3 1 2 1 1 1 1 1 1 1 1 2 1 3 |1 1 1 5 1 |1 1 4 1 1 1 1 3 2 1 1 1 1 1 6 1 1 1 |1 1 1 1 2 1 1 2 1 1 2 1 1 3 1 |3 1 1 1 1 3 1 1 1 1 1 5 4 1 3 1 1 3 3 |1 1 1 1 5 1 1 1 2 1 1 1 3 1 1 |1 1 3 1 1 1 1 4 1 2 2 1 3 1 |1 4 3 3 2 2 1 2 |4 1 1 4 1 1 1 3 1 1 1 1 1 1 1 1 |1 1 1 1 6 3 1 1 2 2 1 |1 1 1 1 1 1 4 1 4 1 1 |4 1 1 1 3 1 3 4 1 1 1 1 3 1 5 2 |1 1 1 1 4 1 1 1 1 1 5 1 1 3 2 3 1 |1 1 2 1 1 1 1 1 1 1 5 |4 2 2 1 4 1 2 1 1 1 1 |1 3 1 1 2 1 1 1 1 1 3 1 1 4 1 1 1 1 3 1 |1 1 1 2 1 1 1 1 1 1 1 1 1 3 5 1 1 |1 1 1 1 1 |1 1 1 1 1 2 3 1 1 1 1 1 |1 3 2 1 3 1 4 1 6 1 1 |2 3 3 4 1 4 1 1 4 1 1 1 3 1 1 1 1 4 |1 1 4 4 3 1 1 1 1 1 1 1 1 2 1 1 1 1 |1 2 1 1 1 2 1 2 1 1 1 2 3 3 1 1 1 1 4 |1 1 4 3 5 1 1 1 1 |1 1 2 1 1 1 |1 1 1 1 2 2 1 |3 5 1 2 1 6 1 1 1 1 1 5 1 5 1 1 3 |1 1 1 1 1 1 1 1 5 1 1 2 |2 1 1 1 1 2 1 1 1 2 1 1 1 |5 1 1 1 1 1 3 3 1 2 1 1 |1 1 1 1 2 2 1 3 1 1 1 4 1 1 1 5 2 3 |1 1 2 2 1 1 1 1 1 1 2 |1 1 1 1 1 5 3 1 3 1 1 |3 1 1 1 1 1 2 1 1 1 1 |6 1 4 2 4 1 2 1 1 1 1 6 2 1 1 2 1 1 |1 1 4 1 1 1 |1 1 1 1 1 1 1 2 1 2 1 3 1 |1 4 1 1 1 3 1 1 3 3 1 2 2 3 |1 4 1 1 1 1 1 1 1 |1 1 1 1 1 1 1 |1 1 1 1 1 2 2 1 1 1 1 1 5 1 1 1 |1 1 3 1 1 1 1 1 1 1 5 1 4 6 |4 1 1 1 3 1 1 1 |1 1 1 1 1 1 |1 1 1 1 1 1 2 3 |4 1 1 1 3 1 3 1 1 1 1 |1 1 1 1 5 2 1 2 2 3 |1 1 1 1 1 |1 1 1 2 1 1 4 1 |1 1 1 1 1 1 1 1 1 1 5 4 2 1 2 1 1 2 1 2 |
最佳适应度：
2826.9451839779317

最大适应度：2826.9451839779317
最小适应度：2826.9451839779317
平均适应度：2826.9451839779317
估计标准差值：NaN
最佳分配：
1 1 1 1 1 1 1 1 1 1 |2 1 2 1 1 1 1 3 1 1 1 1 2 1 |1 3 1 2 1 2 1 3 1 1 1 1 2 1 1 |1 1 1 1 6 3 1 1 1 1 3 1 1 1 2 1 1 |2 2 2 1 4 4 1 1 1 2 1 1 1 4 1 1 |1 1 2 3 1 1 2 1 1 2 1 1 1 |1 1 1 1 1 1 1 1 1 4 1 1 1 1 1 2 |3 1 1 1 1 4 1 1 2 |3 1 2 2 1 1 1 1 1 2 4 1 1 |1 2 1 1 1 1 1 1 1 1 1 1 1 |1 5 1 1 2 1 1 1 1 1 1 1 1 1 3 1 4 2 1 1 |5 1 1 1 1 1 2 2 5 1 2 1 |1 2 1 5 1 1 1 1 1 1 1 1 |1 1 3 2 1 4 2 |1 2 4 1 1 1 2 1 1 1 1 1 |4 1 1 1 1 |1 3 1 1 1 3 1 3 1 1 1 1 2 |1 1 2 1 1 2 1 4 3 1 1 1 1 |1 3 1 1 1 1 2 1 1 1 1 2 1 2 1 2 2 2 1 |1 1 1 1 1 1 1 4 1 1 1 1 1 1 4 3 1 1 1 6 |1 1 1 2 1 2 2 6 1 1 1 1 1 3 1 1 |1 1 2 1 3 1 |1 1 1 1 2 1 1 1 1 |4 1 1 2 2 1 1 4 1 2 1 1 1 4 1 |1 3 1 3 2 1 1 1 |1 1 1 1 1 1 1 1 |1 1 2 2 1 2 4 1 1 1 |1 3 1 1 1 1 1 1 1 2 1 2 3 1 |1 3 1 1 4 1 3 1 |3 1 1 1 1 2 4 1 1 3 1 5 3 1 2 1 1 1 |1 1 1 1 1 1 1 2 |3 1 1 4 6 3 1 1 |2 1 1 1 5 1 1 1 1 1 1 |2 3 1 1 5 1 1 2 1 1 4 1 2 |3 1 2 1 1 1 1 2 1 1 1 2 1 2 1 5 |2 1 1 1 3 1 1 1 1 3 1 4 1 1 |4 1 3 6 1 1 1 3 4 6 |3 1 1 1 1 1 |1 2 3 5 1 3 1 2 1 1 2 1 2 2 1 1 1 1 2 |2 4 1 1 2 2 1 1 1 1 1 1 3 3 1 2 2 1 |1 1 6 2 1 2 |1 1 1 1 4 1 1 |1 2 1 1 1 1 4 |5 2 1 1 1 1 3 1 1 3 1 1 1 1 |2 1 1 1 1 1 1 1 |1 1 1 4 1 1 2 1 1 1 1 1 1 2 1 3 2 3 1 |3 1 1 1 3 1 1 1 2 4 |1 1 1 1 1 1 1 2 1 1 2 3 1 2 1 1 1 |1 1 1 1 1 1 2 1 1 1 1 1 1 3 |1 3 5 1 5 1 1 3 1 2 1 2 2 |6 1 1 2 6 1 3 2 1 1 5 1 1 2 1 2 1 1 |5 1 1 1 4 1 1 |1 4 2 6 1 1 1 2 2 2 1 1 2 1 |1 1 1 1 1 1 1 1 1 1 1 1 1 1 1 1 1 4 4 |1 3 1 1 1 1 1 1 1 1 3 1 1 1 2 1 1 1 4 |1 1 1 1 2 1 1 1 1 1 1 1 |1 1 1 1 4 6 1 3 1 1 1 1 1 |1 1 1 4 1 1 2 3 3 3 4 1 1 1 |1 1 1 1 1 2 1 4 4 1 1 1 1 1 1 1 |3 3 1 1 1 3 3 |6 4 1 2 1 1 2 1 1 1 2 1 1 2 1 3 5 1 5 1 |1 1 2 1 1 1 1 1 1 1 1 1 1 1 |2 2 1 1 1 |1 1 1 2 1 |1 1 2 1 1 1 1 1 2 1 1 1 1 1 1 3 1 1 1 4 |3 1 1 1 4 1 |1 1 1 1 1 2 |5 1 5 3 1 1 1 1 1 1 2 1 2 5 1 1 1 1 1 |5 1 1 2 1 1 1 1 1 |1 1 1 3 2 1 4 |1 3 1 2 1 1 1 1 1 1 1 1 2 1 3 |1 1 1 5 1 |1 1 4 1 1 1 1 3 2 1 1 1 1 1 6 1 1 1 |1 1 1 1 2 1 1 2 1 1 2 1 1 3 1 |3 1 1 1 1 3 1 1 1 1 1 5 4 1 3 1 1 3 3 |1 1 1 1 5 1 1 1 2 1 1 1 3 1 1 |1 1 3 1 1 1 1 4 1 2 2 1 3 1 |1 4 3 3 2 2 1 2 |4 1 1 4 1 1 1 3 1 1 1 1 1 1 1 1 |1 1 1 1 6 3 1 1 2 2 1 |1 1 1 1 1 1 4 1 4 1 1 |4 1 1 1 3 1 3 4 1 1 1 1 3 1 5 2 |1 1 1 1 4 1 1 1 1 1 5 1 1 3 2 3 1 |1 1 2 1 1 1 1 1 1 1 5 |4 2 2 1 4 1 2 1 1 1 1 |1 3 1 1 2 1 1 1 1 1 3 1 1 4 1 1 1 1 3 1 |1 1 1 2 1 1 1 1 1 1 1 1 1 3 5 1 1 |1 1 1 1 1 |1 1 1 1 1 2 3 1 1 1 1 1 |1 3 2 1 3 1 4 1 6 1 1 |2 3 3 4 1 4 1 1 4 1 1 1 3 1 1 1 1 4 |1 1 4 4 3 1 1 1 1 1 1 1 1 2 1 1 1 1 |1 2 1 1 1 2 1 2 1 1 1 2 3 3 1 1 1 1 4 |1 1 4 3 5 1 1 1 1 |1 1 2 1 1 1 |1 1 1 1 2 2 1 |3 5 1 2 1 6 1 1 1 1 1 5 1 5 1 1 3 |1 1 1 1 1 1 1 1 5 1 1 2 |2 1 1 1 1 2 1 1 1 2 1 1 1 |5 1 1 1 1 1 3 3 1 2 1 1 |1 1 1 1 2 2 1 3 1 1 1 4 1 1 1 5 2 3 |1 1 2 2 1 1 1 1 1 1 2 |1 1 1 1 1 5 3 1 3 1 1 |3 1 1 1 1 1 2 1 1 1 1 |6 1 4 2 4 1 2 1 1 1 1 6 2 1 1 2 1 1 |1 1 4 1 1 1 |1 1 1 1 1 1 1 2 1 2 1 3 1 |1 4 1 1 1 3 1 1 3 3 1 2 2 3 |1 4 1 1 1 1 1 1 1 |1 1 1 1 1 1 1 |1 1 1 1 1 2 2 1 1 1 1 1 5 1 1 1 |1 1 3 1 1 1 1 1 1 1 5 1 4 6 |4 1 1 1 3 1 1 1 |1 1 1 1 1 1 |1 1 1 1 1 1 2 3 |4 1 1 1 3 1 3 1 1 1 1 |1 1 1 1 5 2 1 2 2 3 |1 1 1 1 1 |1 1 1 2 1 1 4 1 |1 1 1 1 1 1 1 1 1 1 5 4 2 1 2 1 1 2 1 2 |
PSO算法运行求解巡逻调度问题耗时：0小时，44分钟，42秒
