===============第1个全局最优解================
最佳代数：
9861
最佳分配：
1 1 1 1 1 1 1 1 1 1 1 1 1 5 1 5 1 1 |1 1 1 5 1 1 1 5 1 1 1 |1 1 1 1 1 1 1 5 1 1 1 1 |1 1 1 1 6 1 6 1 6 1 5 1 1 1 2 1 |1 1 1 1 1 1 1 1 1 1 |1 1 1 1 1 1 1 1 1 1 1 1 1 4 1 5 2 |1 3 1 2 1 5 1 2 1 1 1 1 2 1 1 1 4 1 |1 1 1 2 1 1 1 |1 1 1 1 3 1 1 4 1 1 6 1 1 1 1 1 2 1 |1 5 1 4 1 1 3 1 1 4 1 2 1 1 1 1 1 1 1 |1 1 1 1 1 1 |1 1 1 1 1 1 1 1 1 1 |2 1 1 1 1 1 1 1 1 1 4 1 1 1 1 1 5 1 1 |4 1 1 6 1 1 1 6 1 |1 1 1 1 4 1 |1 1 4 1 1 1 1 1 1 1 1 1 1 1 1 1 1 |4 1 1 1 1 1 5 1 1 1 1 1 1 1 |1 1 1 1 1 1 1 1 |1 1 1 4 1 1 1 |1 1 1 1 1 1 1 1 1 1 1 4 1 1 2 1 |1 1 1 3 1 1 1 1 1 1 1 1 1 1 1 |1 6 1 1 1 1 1 1 1 1 1 1 1 5 3 1 1 1 |1 1 1 3 1 1 1 1 4 1 1 5 1 1 1 1 |1 1 1 1 1 1 1 1 1 1 1 5 1 1 |6 1 1 1 1 1 1 2 1 |1 1 1 1 5 6 1 1 2 1 1 1 1 1 1 1 1 1 4 1 |1 1 1 1 1 1 1 1 1 1 1 1 1 |6 1 1 1 1 6 2 1 1 1 1 5 1 1 1 3 1 1 1 1 |1 1 1 1 1 4 |4 1 1 1 1 1 6 1 1 1 1 1 |
最佳适应度：
104.93027599932213

===============第2个全局最优解================
最佳代数：
9847
最佳分配：
1 1 1 1 1 1 1 1 1 1 1 1 1 6 1 6 3 1 |1 1 1 6 1 6 1 4 1 1 1 |1 1 1 1 1 1 1 5 1 1 1 3 |1 1 1 1 5 1 6 2 1 1 6 5 1 1 1 1 |1 1 1 1 1 1 1 1 4 1 |5 1 1 1 1 1 1 1 4 1 1 4 1 1 1 6 1 |1 1 1 1 1 5 5 1 1 1 1 1 5 1 1 1 4 1 |1 1 1 1 1 3 1 |5 1 1 1 1 3 1 1 1 1 4 1 1 1 1 1 1 1 |4 1 1 1 1 1 1 1 1 2 1 1 1 1 1 1 1 1 1 |1 1 1 1 1 1 |1 1 1 1 4 1 1 1 1 1 |1 1 1 4 1 5 1 1 1 1 5 1 1 1 1 1 5 2 1 |1 1 1 5 1 1 1 4 1 |1 1 1 1 1 1 |1 1 3 1 1 1 1 1 1 1 6 1 1 1 1 1 1 |5 1 1 3 1 1 5 1 1 1 1 1 2 1 |1 1 1 1 1 1 1 1 |1 1 1 5 1 1 1 |1 1 3 1 1 1 1 1 1 1 1 1 1 1 1 1 |1 1 1 1 1 1 1 1 1 1 1 1 1 1 2 |1 5 1 1 1 1 1 1 1 1 2 1 1 1 1 1 1 3 |1 1 2 1 4 1 1 1 1 1 1 1 1 1 1 2 |1 1 1 1 1 1 1 1 1 1 1 1 1 1 |5 1 1 1 1 1 2 1 1 |1 1 1 1 5 5 1 1 6 2 1 1 1 1 1 1 1 1 4 1 |1 1 1 3 1 1 2 1 1 1 1 1 4 |1 1 1 1 1 1 1 1 1 1 1 1 1 1 1 1 1 1 2 1 |1 1 1 1 1 6 |1 1 1 1 1 1 5 1 1 1 1 1 |
最佳适应度：
105.93253901445249

===============第3个全局最优解================
最佳代数：
10015
最佳分配：
2 1 1 1 1 1 2 1 1 1 1 1 1 1 1 6 3 1 |1 1 2 6 1 1 1 5 1 1 1 |1 1 3 1 1 4 1 1 1 1 1 1 |1 1 1 1 6 1 1 1 4 5 5 1 1 1 1 1 |1 1 1 3 1 1 1 1 4 1 |4 1 1 1 1 1 1 1 3 1 1 1 1 1 1 6 1 |1 1 1 1 1 3 1 1 1 6 1 1 4 1 1 1 1 1 |1 4 1 2 1 1 1 |1 1 1 1 1 1 1 1 1 1 1 1 1 1 1 1 3 1 |1 1 1 1 1 1 1 4 1 1 1 3 1 1 1 1 1 1 1 |3 1 1 1 1 1 |1 1 1 1 1 1 1 1 1 1 |1 1 1 1 1 5 1 1 1 1 4 1 4 1 1 1 5 1 1 |1 1 4 5 1 1 1 5 1 |6 1 1 1 5 1 |1 1 1 1 1 1 3 1 1 1 1 1 1 1 1 1 1 |4 1 1 5 1 1 1 1 1 1 1 1 1 1 |1 1 1 1 1 1 1 1 |1 1 1 5 1 1 1 |1 1 1 1 1 1 1 1 1 3 1 4 1 1 1 1 |1 1 1 1 1 1 1 1 3 1 2 1 1 1 1 |1 6 1 1 1 1 1 1 3 1 1 1 1 1 1 2 1 5 |1 1 1 1 1 1 1 1 3 1 1 2 1 1 1 1 |1 1 1 1 1 1 1 1 1 1 1 1 1 1 |6 1 1 1 1 3 2 1 1 |1 1 1 1 5 5 1 1 1 1 1 1 1 1 1 1 1 1 5 1 |1 1 1 1 1 1 1 1 1 5 1 1 1 |1 1 1 1 1 5 1 1 1 1 1 1 6 2 1 1 3 2 1 1 |1 3 1 4 6 4 |1 1 1 1 1 1 2 1 1 1 1 1 |
最佳适应度：
102.22349420924307

===============第4个全局最优解================
最佳代数：
9545
最佳分配：
1 1 1 1 1 1 1 1 1 1 1 2 1 3 1 5 4 1 |1 1 1 1 1 5 1 1 1 5 1 |1 1 1 1 1 1 1 2 1 1 1 1 |1 1 1 1 3 1 4 1 1 1 6 4 1 1 1 1 |1 1 1 1 1 1 1 1 1 1 |5 1 1 1 1 1 1 1 1 1 2 1 1 1 1 6 1 |1 1 1 1 1 6 1 1 1 4 1 1 3 1 1 1 1 1 |1 1 1 1 1 1 5 |5 1 1 1 3 1 1 1 1 1 2 1 1 1 1 1 3 1 |1 1 1 4 1 1 6 1 1 4 1 1 2 1 1 1 1 1 1 |1 1 1 1 1 3 |1 1 1 3 1 1 1 1 1 1 |5 1 1 2 1 5 1 1 1 1 6 1 1 6 1 1 6 1 1 |1 1 3 5 1 1 1 4 1 |1 1 1 1 1 1 |1 1 6 1 1 1 1 1 1 1 1 1 1 1 1 1 1 |6 1 1 4 1 1 1 1 1 1 1 1 1 1 |1 1 1 4 1 1 1 1 |1 1 1 1 1 1 1 |1 1 1 1 1 1 1 2 1 1 4 1 1 2 1 2 |1 1 1 1 1 1 1 1 1 1 3 1 1 1 1 |1 5 1 1 1 1 1 1 1 1 1 1 1 1 1 1 1 4 |1 1 1 1 1 1 1 1 1 1 1 5 1 1 1 1 |1 1 1 1 1 1 1 1 1 1 1 1 1 1 |6 1 1 3 1 1 4 4 1 |1 1 1 1 4 6 1 1 1 1 1 1 1 1 1 1 1 1 1 1 |1 1 1 1 1 1 4 1 6 1 1 1 1 |1 1 1 1 1 5 1 1 1 1 2 3 1 1 1 1 1 1 3 1 |1 1 1 1 1 6 |1 1 3 1 1 1 6 1 1 1 1 1 |
最佳适应度：
103.07722977672378

===============第5个全局最优解================
最佳代数：
10039
最佳分配：
1 1 1 1 1 1 1 1 1 1 1 1 1 1 1 5 1 1 |1 1 1 5 1 1 1 5 1 1 1 |1 1 1 3 1 1 1 4 1 1 1 1 |1 1 1 1 1 1 4 1 1 1 4 5 1 1 1 1 |1 1 3 1 1 1 1 1 2 1 |5 1 1 1 1 1 1 1 1 1 1 1 1 1 3 6 1 |1 1 1 1 1 6 1 1 1 4 1 1 1 1 1 3 1 1 |1 1 1 1 1 1 1 |1 1 1 1 2 4 1 1 1 1 4 1 1 1 1 1 1 1 |3 1 1 1 1 1 3 1 1 5 1 1 1 1 1 1 1 1 1 |1 1 1 1 1 1 |1 1 1 1 1 1 1 1 1 1 |1 1 1 3 1 1 1 1 1 1 6 1 1 1 1 1 1 1 1 |1 1 4 5 1 1 1 6 4 |2 1 1 1 1 1 |1 1 1 1 1 1 5 1 1 1 5 1 1 3 1 1 1 |6 1 1 1 1 1 4 1 1 1 1 1 1 1 |1 1 1 1 1 1 1 1 |1 1 1 5 1 1 4 |1 1 1 1 1 1 1 1 1 1 1 1 1 1 1 1 |1 1 1 1 1 1 1 1 1 1 1 1 4 1 1 |1 6 1 1 1 1 1 1 1 1 1 1 1 4 1 1 1 5 |1 1 1 1 1 1 1 1 3 1 1 1 1 1 1 4 |1 2 1 4 1 1 1 1 1 1 1 2 1 1 |6 2 1 1 1 1 1 1 1 |1 1 1 1 6 5 1 1 5 1 1 1 1 1 1 1 1 1 6 1 |1 5 1 1 1 1 1 1 1 1 1 1 1 |3 1 1 1 1 1 1 1 1 4 4 1 6 1 1 1 1 1 1 1 |1 1 1 2 5 6 |5 1 1 1 1 1 6 1 1 1 1 1 |
最佳适应度：
105.60461175513238

===============第6个全局最优解================
最佳代数：
10011
最佳分配：
1 1 1 1 1 1 1 1 1 1 1 1 1 5 1 4 5 1 |1 1 1 5 1 1 1 6 1 1 1 |3 1 1 1 1 1 1 5 1 1 1 1 |1 1 1 1 5 1 1 1 1 5 5 1 1 1 1 1 |1 2 1 1 1 1 1 1 4 1 |1 1 1 1 1 1 1 1 1 1 1 1 1 1 1 4 1 |1 4 1 1 1 6 4 1 1 1 1 1 2 1 1 1 5 1 |1 1 4 1 1 1 4 |1 1 1 3 1 1 1 1 1 1 4 1 1 1 1 1 3 1 |5 1 1 3 1 1 1 1 1 1 1 1 1 1 1 1 1 1 1 |1 4 1 1 1 1 |1 1 1 1 1 1 1 1 1 1 |1 5 1 5 1 1 1 2 1 1 2 1 1 1 1 1 1 1 1 |1 1 5 5 1 1 1 6 1 |1 1 3 1 5 1 |1 1 1 1 1 1 1 1 1 1 1 1 1 1 1 1 1 |4 1 1 1 1 1 2 1 1 1 1 1 1 1 |1 1 1 1 1 1 1 1 |1 1 1 6 1 1 1 |1 1 4 1 2 1 1 1 1 1 1 1 1 1 1 1 |1 1 1 1 1 1 1 1 2 1 3 1 1 1 1 |1 5 1 1 1 1 1 1 1 1 1 1 1 4 1 1 1 5 |1 1 1 1 1 1 1 1 5 1 1 5 1 1 1 4 |1 1 1 1 1 1 1 1 1 1 1 1 1 1 |5 1 1 1 1 1 1 3 1 |1 1 1 1 6 5 1 1 5 1 1 1 1 1 1 1 1 2 6 1 |3 1 1 2 1 1 1 1 1 1 1 1 1 |4 1 1 1 1 4 1 1 1 1 1 1 6 1 1 1 1 1 1 1 |1 1 1 5 1 5 |1 1 1 1 1 1 2 1 2 1 1 1 |
最佳适应度：
105.74010143768987

===============第7个全局最优解================
最佳代数：
9589
最佳分配：
1 1 1 1 1 1 1 1 1 1 1 1 1 6 1 6 2 1 |1 1 1 1 5 1 1 5 1 1 1 |5 1 1 1 1 1 1 6 1 1 1 1 |1 1 1 1 3 1 5 1 1 6 5 1 1 2 1 1 |1 1 1 1 1 1 1 1 6 1 |1 2 1 1 1 1 1 1 1 1 1 1 1 1 1 3 1 |1 1 1 1 1 5 1 1 5 3 1 1 1 1 1 1 1 1 |2 1 5 1 1 1 5 |1 1 2 1 1 1 1 1 1 1 1 1 1 1 1 1 1 1 |1 1 1 1 1 1 1 1 1 1 1 1 1 1 1 1 1 1 1 |1 1 1 1 1 6 |1 1 1 1 1 1 1 1 1 1 |1 1 1 5 1 5 1 1 1 1 3 1 6 4 1 1 6 1 1 |1 1 1 6 1 1 1 5 1 |1 1 1 2 2 1 |1 1 6 1 1 1 1 1 1 1 1 1 1 1 1 1 1 |4 1 1 1 1 1 2 1 1 1 1 1 1 1 |1 1 1 1 3 2 1 1 |4 1 1 1 1 1 1 |1 1 1 1 4 1 1 1 1 1 1 1 1 1 1 2 |1 1 1 1 1 1 1 1 1 1 1 1 1 1 1 |1 6 1 1 1 1 1 1 1 1 4 1 2 1 1 1 1 1 |1 1 1 1 5 1 1 1 1 1 1 4 1 1 5 5 |1 1 1 1 1 1 1 1 1 1 1 1 1 1 |6 1 1 1 1 1 1 2 1 |1 1 1 1 3 5 1 1 4 1 1 1 1 1 1 1 1 1 4 1 |2 1 1 1 1 1 1 1 1 1 1 1 1 |1 1 1 1 1 6 1 1 1 1 4 1 6 1 2 1 1 1 1 1 |1 1 1 1 1 5 |2 1 1 1 1 1 6 1 3 1 1 1 |
最佳适应度：
104.4837742792961

===============第8个全局最优解================
最佳代数：
9977
最佳分配：
3 1 1 1 1 1 3 1 1 1 1 1 1 1 1 5 1 1 |1 1 1 4 1 5 1 2 1 2 1 |1 2 1 1 1 4 1 2 1 1 1 1 |1 1 1 1 4 1 5 1 1 4 5 3 1 1 1 1 |1 1 1 3 1 1 1 1 1 1 |3 1 1 2 1 1 1 1 1 1 1 1 1 4 1 4 1 |1 1 4 2 1 5 1 1 1 3 1 1 1 1 1 1 1 1 |1 1 1 1 1 1 1 |1 1 1 1 1 5 1 1 1 1 1 1 4 1 1 1 1 1 |1 1 1 1 1 1 1 1 1 1 1 3 1 1 1 1 1 3 1 |1 1 1 1 1 1 |1 1 1 1 1 1 1 1 1 1 |1 1 1 5 1 1 1 1 1 1 5 1 5 3 1 1 3 1 1 |1 3 3 6 1 6 1 6 6 |1 1 1 1 1 1 |1 1 3 1 1 1 1 1 1 1 5 1 1 1 1 1 1 |4 1 1 1 1 1 2 1 1 1 1 1 1 1 |1 1 1 1 2 1 1 1 |1 1 1 2 1 1 2 |4 1 2 1 1 1 1 1 1 1 1 1 1 1 1 1 |1 1 1 1 1 1 1 1 1 1 4 1 1 1 1 |1 6 3 1 1 1 1 1 1 1 2 1 1 5 1 1 1 1 |1 1 1 1 3 1 1 1 4 1 1 1 1 1 1 1 |1 1 1 5 1 1 1 1 1 1 1 1 4 1 |6 1 1 1 1 1 2 1 1 |1 1 3 1 6 3 1 1 4 1 1 1 1 1 1 1 1 1 5 1 |1 1 1 1 1 1 1 1 1 1 1 1 1 |1 1 2 1 1 4 1 1 1 1 3 4 1 1 1 1 1 1 1 1 |1 2 1 1 4 5 |6 1 1 1 1 1 1 1 1 2 1 1 |
最佳适应度：
104.19148276122218

===============第9个全局最优解================
最佳代数：
9887
最佳分配：
1 1 1 1 1 1 1 1 1 1 1 1 1 6 1 6 1 1 |1 1 1 6 1 1 1 1 1 1 1 |1 1 1 1 1 1 1 6 1 1 1 1 |1 1 1 1 4 1 3 1 1 1 5 4 1 1 1 1 |1 1 1 1 1 1 1 1 3 1 |6 1 1 1 1 1 1 1 1 1 1 1 1 5 1 6 1 |1 1 1 1 1 5 1 1 1 1 1 1 5 1 1 1 1 1 |1 1 1 1 1 1 5 |1 1 1 1 1 1 1 1 1 1 4 1 1 1 1 1 1 1 |1 1 1 1 3 1 5 1 1 5 1 1 1 1 1 1 1 1 1 |1 1 1 1 1 3 |1 1 1 1 1 1 1 1 1 1 |1 1 1 6 1 4 1 1 1 4 5 1 1 2 1 1 3 1 1 |1 1 5 6 1 1 1 6 1 |1 1 1 1 1 1 |1 1 5 1 1 1 1 1 1 1 6 1 1 1 1 1 1 |5 1 1 1 1 1 3 1 1 1 1 1 1 1 |1 1 1 1 1 1 1 1 |1 1 1 6 1 1 1 |1 1 3 1 4 1 1 1 1 1 2 1 1 1 1 1 |1 1 1 1 1 1 1 1 1 2 1 1 1 1 1 |1 5 1 1 1 1 1 1 1 1 4 1 1 1 1 1 1 1 |1 1 1 1 1 1 1 1 6 1 1 6 1 1 1 1 |3 1 1 3 1 1 1 1 1 1 1 1 1 1 |6 1 1 1 1 1 3 1 1 |1 1 1 1 6 5 1 1 6 1 1 1 1 1 1 1 1 4 5 1 |1 1 1 1 1 1 1 1 1 1 1 1 1 |1 1 1 1 1 3 1 1 1 1 1 4 4 1 1 1 1 1 1 1 |1 1 1 2 1 4 |1 1 1 1 1 1 4 2 1 1 1 1 |
最佳适应度：
109.82075884633124

===============第10个全局最优解================
最佳代数：
9973
最佳分配：
1 1 1 1 1 1 1 1 1 1 1 3 1 2 1 6 1 1 |1 1 3 6 1 1 1 5 3 1 1 |1 1 1 1 1 2 1 6 1 1 1 1 |1 1 1 1 6 1 3 1 3 4 5 1 1 1 1 1 |1 1 1 2 1 1 1 1 2 1 |5 1 1 1 1 2 1 1 1 1 1 1 1 1 1 5 1 |1 1 1 1 1 5 1 6 2 4 1 1 1 1 1 1 2 1 |1 1 1 1 1 1 1 |1 4 1 1 1 1 1 1 1 1 1 1 1 1 1 2 1 1 |6 1 1 1 1 1 1 1 1 4 1 1 1 1 1 1 1 1 1 |1 1 1 4 1 1 |1 1 1 1 1 1 1 1 1 1 |1 1 1 1 1 1 1 1 1 1 4 1 1 2 1 1 6 1 1 |1 1 5 6 1 6 1 6 5 |1 1 1 1 2 1 |1 1 1 1 1 1 2 1 1 1 1 2 1 1 1 1 1 |6 1 1 3 1 1 5 1 1 1 1 1 1 1 |1 1 1 1 1 1 1 1 |1 1 1 4 3 1 1 |1 1 1 1 1 1 1 1 1 1 1 1 1 1 1 1 |1 1 3 1 1 1 1 1 1 4 1 1 1 1 1 |1 5 1 1 1 1 1 1 1 1 1 1 1 1 1 1 1 5 |1 1 1 1 1 1 1 1 1 1 1 4 1 1 5 1 |1 1 1 4 1 1 1 1 1 1 1 1 1 1 |5 1 1 1 1 1 1 1 1 |1 1 1 1 5 5 1 1 6 1 1 1 1 1 1 1 1 1 4 1 |1 1 1 2 1 1 1 1 1 1 1 1 1 |1 1 1 1 1 3 1 1 1 1 1 1 6 1 1 1 1 1 1 1 |1 1 1 5 1 6 |1 1 1 1 1 1 6 1 1 1 1 1 |
最佳适应度：
104.89948271349783

===============第11个全局最优解================
最佳代数：
9799
最佳分配：
1 1 1 1 1 1 1 1 1 1 1 1 1 3 1 6 5 1 |1 1 1 3 1 1 1 6 1 1 1 |1 1 1 1 1 4 1 6 1 1 1 1 |2 1 1 1 5 1 1 1 1 6 5 2 1 1 1 1 |1 1 1 1 2 1 1 1 1 1 |1 1 1 1 1 2 1 1 1 1 1 1 1 4 1 1 1 |1 1 2 2 1 2 1 1 4 6 1 1 6 1 1 1 4 1 |1 1 4 1 1 1 3 |2 1 1 1 1 6 1 1 1 1 1 1 1 1 1 1 5 1 |1 1 1 1 1 1 6 1 1 1 1 1 1 1 3 2 1 1 1 |1 1 1 1 1 4 |1 1 1 1 1 1 1 1 1 1 |1 1 1 5 1 4 1 1 2 1 1 1 1 5 1 1 2 1 1 |1 1 4 6 1 5 1 6 1 |1 1 1 1 6 1 |1 1 3 1 1 1 1 1 1 1 1 4 3 1 1 1 1 |5 1 1 1 1 1 3 1 1 1 1 1 1 1 |1 1 1 1 1 1 1 1 |1 1 1 6 1 1 1 |1 1 1 1 1 1 1 1 1 1 1 1 1 1 1 1 |1 1 1 1 1 1 1 1 1 1 1 1 1 1 1 |1 1 1 1 1 1 1 1 1 1 4 1 1 3 1 1 1 1 |1 1 1 1 1 1 1 1 3 1 1 6 1 1 1 1 |1 1 1 1 1 1 1 1 1 1 1 5 5 1 |4 1 1 1 1 1 1 1 1 |1 1 1 1 1 5 1 1 3 1 1 1 1 1 1 1 1 1 4 1 |1 1 1 3 2 1 1 1 1 1 1 1 1 |1 1 1 1 1 1 1 1 1 1 1 1 4 1 3 1 1 1 1 1 |1 4 1 2 1 1 |4 1 1 4 1 1 6 1 1 1 1 1 |
最佳适应度：
103.74764571246448

===============第12个全局最优解================
最佳代数：
9803
最佳分配：
1 1 1 1 1 1 1 1 1 1 1 1 1 6 1 5 5 2 |1 1 1 1 1 4 4 4 1 1 1 |1 1 1 1 1 1 1 1 1 1 1 1 |1 1 1 1 5 1 1 1 1 5 1 1 1 1 1 1 |1 1 1 1 1 1 1 1 1 1 |1 1 3 1 1 1 1 1 1 1 1 1 1 1 1 5 1 |1 1 1 1 1 4 1 1 1 1 1 1 4 1 1 1 5 1 |1 1 1 1 1 1 1 |1 1 1 1 1 5 1 1 1 1 1 1 1 1 1 1 5 1 |1 1 1 1 1 1 1 2 1 6 1 1 1 1 1 1 1 1 1 |1 1 1 1 1 1 |1 1 1 1 1 1 1 1 1 6 |1 1 1 1 2 1 3 1 1 1 6 1 1 1 1 1 6 1 1 |1 1 1 5 1 2 1 5 4 |1 1 1 1 1 1 |1 1 4 1 1 2 3 1 1 1 1 1 1 1 1 1 2 |6 1 1 2 2 1 3 1 1 1 1 1 1 1 |1 1 1 1 1 1 1 1 |1 1 1 5 1 1 1 |6 1 1 1 1 1 1 1 1 1 1 1 3 1 1 1 |1 1 1 1 1 1 1 1 1 1 1 1 1 1 1 |1 6 1 1 1 1 1 1 1 1 1 1 1 5 3 1 1 1 |1 1 1 1 3 3 1 1 5 1 1 1 1 1 1 1 |1 1 1 2 1 1 1 1 1 1 1 5 6 1 |1 1 1 1 1 1 1 1 1 |1 1 1 1 4 6 1 1 6 1 1 1 1 4 1 1 1 1 6 1 |1 1 1 1 1 1 1 1 1 3 1 1 1 |1 1 1 1 1 6 1 1 1 1 1 4 5 1 3 1 1 1 1 1 |1 1 1 1 1 4 |1 1 6 1 1 1 6 1 1 3 1 1 |
最佳适应度：
101.07511435483421

===============第13个全局最优解================
最佳代数：
9941
最佳分配：
1 1 1 1 1 1 1 1 1 1 1 1 1 6 1 6 4 1 |1 1 1 5 4 6 2 1 1 1 1 |1 1 1 1 1 4 1 5 1 1 1 1 |1 1 1 1 1 1 5 1 1 1 3 1 1 1 1 1 |1 1 1 1 1 1 2 1 4 1 |4 1 1 1 1 1 1 1 1 1 1 1 1 5 6 3 1 |1 1 1 1 1 3 1 5 1 2 1 1 3 1 1 1 1 1 |1 1 1 1 1 1 1 |5 1 1 1 1 1 1 1 1 1 5 1 1 1 1 1 3 1 |1 1 1 1 1 1 1 1 1 1 1 1 1 1 1 1 1 1 1 |1 1 1 1 1 1 |1 1 1 1 1 1 1 1 1 1 |1 5 1 5 1 5 1 1 1 1 6 1 1 1 1 1 6 1 1 |1 1 3 6 1 1 1 4 3 |1 1 1 1 5 1 |1 1 1 1 1 1 2 1 1 1 4 1 1 1 1 1 1 |5 1 1 5 1 1 1 1 1 1 1 1 1 1 |1 1 1 1 1 1 1 1 |1 1 1 1 1 1 1 |1 1 3 1 1 1 1 1 1 1 1 1 1 1 1 1 |1 1 1 1 1 1 1 1 1 3 1 1 1 1 1 |1 6 1 1 1 1 1 1 4 1 1 1 1 4 1 1 1 5 |1 1 1 1 1 1 1 1 6 2 1 3 1 1 1 1 |1 1 1 4 1 3 1 1 1 1 1 1 4 1 |4 1 1 1 1 1 1 5 1 |1 1 1 1 6 6 1 1 1 1 1 1 1 1 1 1 1 1 2 1 |1 1 1 1 1 1 1 1 1 1 1 1 1 |1 1 1 1 1 5 1 3 1 1 1 1 1 1 1 1 1 1 1 1 |1 1 1 4 1 3 |4 1 1 1 1 1 5 1 3 1 1 1 |
最佳适应度：
105.1890371018397

===============第14个全局最优解================
最佳代数：
9991
最佳分配：
1 1 1 1 1 3 1 1 1 1 1 1 1 1 1 4 3 1 |1 1 1 1 4 4 1 6 1 1 1 |1 1 1 1 1 1 1 4 4 1 1 1 |4 1 1 1 5 1 5 1 1 5 6 1 1 1 1 1 |1 6 2 1 1 1 1 1 4 1 |5 1 1 1 1 1 1 1 1 1 1 1 1 1 1 6 1 |1 5 1 1 1 2 5 1 1 1 1 1 6 1 1 1 1 1 |1 1 1 1 1 1 5 |1 1 1 1 2 1 1 1 1 1 1 1 1 1 1 1 4 1 |1 2 1 4 1 1 1 1 1 3 1 1 1 1 1 1 1 1 1 |1 1 1 1 1 1 |1 1 1 1 1 1 1 1 1 1 |1 1 1 5 1 5 1 1 1 1 5 1 1 3 1 1 5 1 1 |1 1 1 6 1 1 1 5 1 |6 1 1 1 1 1 |1 1 4 1 1 1 1 1 1 1 1 1 1 1 1 1 1 |6 1 1 1 1 1 3 1 1 1 1 1 1 1 |1 1 1 1 1 1 1 2 |1 1 1 1 1 1 1 |1 1 1 1 1 1 1 1 1 1 1 4 1 1 1 1 |1 1 1 1 1 1 1 1 1 1 1 1 1 1 1 |1 6 4 1 1 1 1 1 1 1 4 1 1 1 1 1 1 1 |1 1 2 2 1 1 1 1 1 1 1 6 1 1 5 1 |1 1 1 1 1 1 1 1 1 1 4 1 1 1 |4 1 1 1 1 1 1 1 1 |1 1 1 1 6 1 1 1 1 1 1 1 1 1 1 1 1 1 1 1 |1 1 1 2 1 1 1 1 1 1 1 1 1 |1 3 2 1 1 1 1 1 1 4 1 1 5 1 3 1 1 1 1 1 |1 1 1 1 5 5 |1 1 1 2 1 1 5 5 1 1 1 1 |
最佳适应度：
102.1303384580807

===============第15个全局最优解================
最佳代数：
9979
最佳分配：
1 1 1 1 1 1 1 1 1 1 1 1 1 6 1 5 2 1 |1 1 1 6 1 1 1 4 1 1 1 |4 1 1 1 1 1 1 6 1 1 1 1 |1 1 1 1 3 1 3 1 1 1 6 1 1 1 1 1 |1 1 1 1 1 1 1 1 1 1 |1 1 1 1 1 1 1 1 1 1 1 1 1 1 6 4 1 |1 1 1 1 1 3 6 1 1 1 1 1 5 1 1 1 1 1 |1 1 1 1 1 1 1 |1 1 1 1 1 1 1 1 1 1 1 1 2 1 1 1 6 1 |1 1 1 3 1 1 3 1 1 5 1 4 1 1 1 1 1 1 1 |1 1 1 1 1 1 |1 1 1 1 1 1 1 1 1 1 |3 1 1 3 1 2 3 1 1 2 1 2 1 2 1 1 1 1 1 |1 1 5 6 1 2 4 6 4 |1 1 1 1 3 2 |4 1 1 1 1 1 1 1 1 1 1 1 1 1 1 1 1 |6 1 1 1 1 2 2 1 1 1 1 2 1 1 |1 1 1 1 1 1 1 1 |1 1 1 5 1 3 1 |1 1 1 1 1 1 1 1 1 1 1 1 1 1 1 1 |1 1 1 1 1 1 1 1 1 1 1 1 1 1 1 |1 6 1 1 1 1 1 1 3 1 4 1 1 5 1 1 1 4 |1 1 1 1 1 2 1 1 6 1 1 5 1 1 6 1 |1 1 1 1 1 1 1 1 1 1 1 1 4 1 |6 1 1 1 1 1 1 2 1 |1 1 1 1 1 6 1 1 5 1 1 1 1 1 1 1 1 1 5 1 |1 1 1 1 1 1 1 1 1 1 1 1 1 |2 1 1 1 1 3 1 1 1 1 1 1 5 1 1 1 1 1 1 1 |4 1 1 1 2 4 |6 1 1 1 1 1 5 1 1 1 1 1 |
最佳适应度：
105.19811993624347

===============第16个全局最优解================
最佳代数：
9943
最佳分配：
1 1 1 1 1 1 1 1 1 1 1 1 1 5 1 6 5 1 |1 1 2 4 1 1 1 6 1 1 1 |1 1 2 1 1 5 1 6 1 1 1 1 |1 1 1 1 6 1 6 1 1 1 5 5 1 3 1 1 |2 1 1 1 1 1 1 1 1 1 |5 1 1 1 1 1 1 1 1 1 1 1 1 3 1 5 1 |1 1 1 1 1 1 5 1 1 1 1 1 1 1 1 1 1 1 |1 1 1 1 1 1 1 |5 1 1 2 1 1 2 1 1 1 2 1 1 1 1 4 1 1 |1 1 1 1 1 2 1 1 1 6 1 1 1 1 1 1 1 1 1 |1 1 1 1 1 1 |1 1 1 1 2 1 1 1 1 1 |4 5 1 4 1 4 1 1 1 1 1 1 3 3 1 1 1 2 1 |1 1 1 5 1 4 1 4 1 |1 1 1 1 5 3 |1 1 1 1 1 2 5 1 1 1 1 1 1 1 1 1 1 |4 1 1 1 1 1 1 1 1 1 1 1 2 1 |1 1 1 1 1 1 1 1 |1 1 1 6 1 1 1 |6 1 1 1 1 1 1 1 1 1 1 1 1 1 1 1 |1 1 1 1 1 1 1 1 1 1 1 1 1 1 1 |1 5 2 1 1 1 1 1 1 1 1 1 1 1 1 1 1 1 |1 1 1 6 1 1 1 1 1 1 1 4 1 1 1 1 |1 1 1 5 1 1 1 1 1 1 1 1 4 1 |6 1 1 1 1 1 5 1 1 |1 1 1 1 6 4 1 1 2 1 1 1 3 1 1 1 1 1 6 1 |1 1 1 3 1 1 1 1 1 1 1 1 1 |5 1 1 1 1 6 1 1 1 1 1 1 1 1 4 1 1 1 1 1 |1 1 1 1 1 1 |4 1 1 1 1 1 1 1 1 1 1 1 |
最佳适应度：
103.49902441258374

===============第17个全局最优解================
最佳代数：
9997
最佳分配：
1 1 1 1 4 1 1 1 1 1 1 1 1 5 1 6 6 1 |1 1 2 4 1 1 1 1 1 1 1 |1 1 1 1 1 4 1 6 1 1 1 1 |1 1 1 1 4 1 4 2 1 6 5 1 1 1 1 1 |1 1 1 1 1 1 1 1 4 1 |1 1 1 1 1 1 1 1 1 1 1 1 1 5 1 5 1 |1 1 1 1 1 1 1 1 1 1 1 2 1 1 1 1 1 1 |1 1 1 1 1 1 1 |1 1 1 1 1 1 4 1 1 1 1 1 1 1 1 3 1 1 |3 1 1 1 1 1 6 1 1 5 1 1 1 1 1 1 1 1 1 |1 1 1 1 1 1 |1 1 1 1 1 1 1 1 1 1 |1 1 1 4 1 1 1 1 1 1 3 1 1 1 1 2 3 1 1 |1 1 1 6 1 4 1 1 1 |1 1 2 1 5 1 |1 1 1 1 1 1 1 1 1 1 5 1 1 1 1 1 1 |6 1 1 2 1 1 1 1 1 1 1 1 1 1 |1 4 1 1 1 1 1 1 |1 1 1 5 1 1 1 |1 1 4 1 1 1 2 1 1 1 1 4 1 1 1 1 |1 1 1 1 1 1 1 1 5 3 1 1 1 1 1 |1 6 1 1 1 1 1 1 5 1 1 1 1 4 3 1 1 1 |1 1 1 1 1 1 1 1 1 1 1 1 1 1 2 1 |1 1 1 3 1 1 1 1 4 1 1 2 6 1 |5 1 1 1 1 1 1 2 1 |1 1 1 1 3 5 1 1 6 1 1 1 1 1 1 1 1 2 6 1 |1 1 1 1 1 2 1 1 4 1 1 1 1 |1 1 1 1 1 5 1 1 1 1 1 1 4 1 1 1 1 1 3 1 |1 1 1 1 5 6 |1 1 1 1 1 1 6 1 1 1 1 1 |
最佳适应度：
103.49162089351249

===============第18个全局最优解================
最佳代数：
9549
最佳分配：
1 1 1 1 1 2 1 1 1 1 1 1 1 1 1 5 1 1 |1 1 1 4 1 1 1 5 1 1 1 |6 1 1 1 1 3 1 5 1 2 1 1 |1 1 1 1 5 1 1 1 1 6 5 1 1 1 1 1 |1 1 1 1 1 1 1 1 1 1 |3 1 1 1 1 1 2 1 1 1 3 1 1 5 1 6 1 |1 1 1 1 1 5 1 1 2 3 1 1 1 1 1 1 1 1 |1 1 1 1 1 1 1 |1 1 1 1 2 2 5 1 1 1 2 1 1 1 2 1 1 1 |1 1 1 1 1 1 6 1 1 1 1 2 1 1 1 1 1 1 1 |1 1 1 1 1 1 |1 1 1 1 1 2 1 1 1 1 |5 1 1 5 1 1 1 1 1 1 1 1 1 1 1 1 2 1 1 |1 1 1 6 1 4 1 3 1 |1 1 1 1 4 1 |1 1 6 1 1 1 1 1 1 1 1 1 1 1 1 2 1 |6 1 1 1 2 1 5 1 1 1 1 1 1 1 |1 1 1 1 1 1 1 1 |1 1 1 6 1 1 1 |1 1 3 1 1 1 1 1 1 1 1 1 1 1 1 1 |1 1 1 1 1 1 1 1 1 3 1 1 1 1 1 |1 4 1 1 1 4 1 1 2 1 1 1 1 5 1 1 1 4 |1 1 1 1 1 1 1 1 5 1 1 2 1 1 1 1 |1 1 1 6 1 1 1 1 1 1 1 1 1 1 |5 1 1 1 1 4 4 1 1 |1 1 1 1 1 6 1 1 3 1 1 1 1 1 1 1 1 1 1 1 |1 1 1 1 1 1 1 4 1 1 1 1 1 |4 1 1 1 1 5 1 1 1 1 4 2 1 1 2 2 1 1 3 1 |1 1 1 1 1 6 |6 1 1 1 1 1 6 1 6 1 1 1 |
最佳适应度：
104.10969053178022

===============第19个全局最优解================
最佳代数：
9785
最佳分配：
1 1 1 1 1 4 1 1 1 1 1 1 1 5 1 6 4 1 |1 1 1 6 1 4 1 1 1 1 1 |6 1 2 1 1 1 1 4 2 1 6 1 |1 1 1 1 4 1 3 1 1 5 6 5 1 1 1 1 |1 1 1 1 1 1 1 1 1 1 |5 1 1 1 1 1 1 2 1 1 1 1 1 3 1 1 1 |1 1 1 1 1 1 1 1 1 1 1 1 1 1 1 5 1 1 |1 1 2 1 1 1 3 |1 1 1 1 1 4 1 1 1 1 4 1 1 1 3 1 3 1 |2 3 1 4 1 1 4 1 1 1 1 3 1 1 1 1 1 1 1 |1 1 1 1 1 1 |1 1 2 1 1 1 1 1 1 1 |1 1 1 4 1 1 1 1 3 3 5 1 1 1 1 1 1 3 1 |1 1 1 6 1 1 1 5 1 |1 1 1 1 1 1 |1 1 5 1 1 1 1 1 1 1 1 1 2 1 1 1 1 |1 1 1 1 1 1 1 1 1 1 1 1 1 1 |1 1 1 1 1 1 1 1 |3 1 1 4 1 1 1 |1 1 1 1 1 1 1 1 1 1 1 1 1 1 1 1 |1 1 1 1 1 1 1 1 1 2 2 1 1 1 1 |1 6 1 1 1 1 1 1 1 1 1 1 1 2 4 1 2 3 |1 1 1 1 5 1 1 1 6 1 1 1 1 1 1 1 |1 1 1 1 1 1 1 1 1 1 1 1 1 1 |6 1 1 1 1 1 1 3 1 |1 1 1 1 5 6 1 1 4 1 1 4 1 1 1 1 1 2 5 1 |1 1 1 1 1 1 1 1 4 1 1 1 1 |1 1 1 1 1 5 1 1 1 1 1 1 6 1 1 1 1 1 1 1 |1 1 1 1 1 4 |1 1 1 1 1 1 6 6 1 1 1 1 |
最佳适应度：
102.20262473032061

===============第20个全局最优解================
最佳代数：
10069
最佳分配：
1 1 1 1 1 1 1 1 2 1 1 1 1 5 1 6 5 1 |1 1 1 4 1 4 1 1 1 1 1 |1 1 1 1 1 1 1 4 1 1 1 1 |1 1 1 1 6 1 6 1 3 4 4 4 1 1 1 1 |1 1 1 1 1 1 1 2 4 1 |3 1 1 1 1 4 1 1 1 1 1 1 1 1 1 4 1 |1 1 1 1 1 1 1 5 2 1 1 1 1 1 1 1 1 1 |1 1 3 1 1 1 1 |1 1 1 1 1 2 2 1 1 1 3 1 1 1 2 1 1 1 |1 1 1 1 1 1 1 1 1 3 1 1 1 1 2 1 1 1 1 |1 1 1 1 1 3 |1 1 1 1 1 1 1 1 1 1 |2 5 1 6 1 6 1 1 2 1 6 1 1 1 1 1 1 1 1 |1 1 6 5 1 1 1 4 1 |2 1 1 1 6 1 |1 1 1 1 1 1 1 1 1 1 5 1 1 1 1 1 1 |5 1 1 1 1 1 1 1 1 1 2 1 1 1 |1 1 1 1 1 1 1 1 |1 1 1 5 1 1 1 |1 1 1 1 1 1 1 2 1 1 1 4 1 1 1 1 |1 1 1 1 1 1 1 1 3 1 1 1 1 1 1 |1 6 1 1 1 1 1 1 2 1 1 1 1 2 1 1 1 1 |1 1 1 1 1 1 1 1 1 1 1 1 1 1 1 1 |1 1 1 6 1 1 1 1 1 3 1 1 4 1 |4 1 1 1 1 1 1 3 1 |1 1 1 1 5 5 1 1 4 1 1 1 1 1 1 1 1 5 1 1 |2 1 1 6 1 1 1 1 1 1 1 1 1 |1 1 2 1 1 4 1 1 1 3 1 3 5 1 1 1 1 1 1 1 |1 1 1 1 2 1 |5 1 1 1 1 1 6 1 2 1 1 3 |
最佳适应度：
105.52904925963449

===============第21个全局最优解================
最佳代数：
9715
最佳分配：
1 1 1 1 1 1 1 1 1 1 1 1 1 5 3 6 1 1 |1 1 1 4 1 3 1 6 1 1 1 |6 1 1 1 1 2 1 6 1 1 1 1 |1 1 1 1 5 1 3 1 5 1 1 4 1 1 1 1 |1 1 4 1 1 1 1 1 3 1 |1 1 1 1 1 4 1 1 1 1 1 1 1 1 1 6 1 |1 1 1 1 1 4 1 1 1 1 1 1 5 1 1 2 1 1 |1 1 4 1 1 1 1 |1 1 1 1 3 1 1 1 1 1 2 1 1 1 1 1 1 1 |1 1 1 1 1 1 1 1 1 1 1 1 1 1 1 1 1 1 1 |1 1 1 1 1 1 |1 1 1 1 1 1 1 1 1 1 |2 5 1 1 1 5 1 1 1 1 6 1 1 4 1 1 3 1 1 |1 1 4 4 1 2 1 5 2 |1 1 1 1 1 1 |1 1 4 1 1 3 1 1 1 1 1 1 1 1 1 1 1 |6 1 1 1 1 1 4 1 1 1 1 1 1 1 |1 1 1 1 1 2 1 1 |1 1 1 5 1 1 1 |1 1 1 1 1 1 1 1 1 1 1 3 1 1 1 1 |1 1 1 1 1 1 1 1 4 2 1 1 1 1 1 |1 5 1 1 1 1 1 1 1 1 1 1 1 1 1 1 1 4 |1 1 1 1 2 1 1 1 1 1 1 5 1 1 1 5 |1 1 1 1 2 1 1 1 1 1 1 1 4 1 |6 1 1 1 1 1 1 3 3 |1 1 1 1 6 6 1 1 5 1 1 1 1 1 1 1 2 1 1 1 |1 1 1 1 1 1 1 1 1 1 1 1 1 |4 1 1 1 1 5 1 1 1 1 1 1 6 1 1 1 1 1 1 1 |2 1 1 1 1 4 |6 1 4 1 1 1 5 1 1 1 1 1 |
最佳适应度：
105.5841066453358

===============第22个全局最优解================
最佳代数：
9767
最佳分配：
1 1 1 5 5 1 1 1 1 1 1 1 1 5 1 6 1 1 |1 1 1 4 1 5 2 4 1 3 1 |1 1 3 1 1 5 1 5 1 1 1 1 |1 2 1 1 6 1 1 1 1 1 5 5 1 1 1 1 |1 1 1 1 1 1 1 1 4 1 |2 1 1 1 1 1 1 1 4 1 1 1 1 1 1 6 1 |1 1 1 1 1 1 1 1 1 5 1 1 3 1 1 6 1 1 |1 1 1 1 1 1 3 |1 1 1 1 1 1 1 4 1 1 3 1 1 1 1 1 1 1 |1 1 1 2 1 1 1 1 1 4 1 1 1 2 1 1 1 1 1 |1 1 1 1 1 3 |1 1 1 1 1 1 1 1 1 1 |1 1 1 4 1 5 1 1 1 1 3 1 1 1 1 1 5 1 1 |1 1 5 6 1 1 1 6 1 |1 1 1 1 6 1 |1 1 1 1 1 1 3 1 1 1 1 1 1 1 1 1 1 |6 1 1 1 1 1 4 1 1 1 1 1 1 1 |1 1 1 1 1 1 1 2 |1 1 1 5 1 1 1 |1 1 5 1 1 1 1 1 1 2 1 1 3 1 3 1 |1 1 1 1 1 1 1 1 1 1 1 1 1 1 1 |1 5 1 1 1 2 1 1 1 1 1 1 1 1 1 1 1 2 |1 1 2 1 2 1 1 1 5 1 1 1 1 1 1 1 |1 1 1 1 1 1 1 1 1 1 1 1 4 1 |4 1 1 1 1 3 1 3 1 |1 1 1 1 5 6 1 1 4 1 1 1 1 1 1 1 1 1 1 1 |1 1 1 1 1 1 1 1 1 1 1 1 1 |2 1 1 1 1 4 1 1 1 1 1 1 6 1 1 1 1 1 1 1 |1 1 1 4 2 6 |1 1 1 1 1 1 1 1 1 1 1 1 |
最佳适应度：
104.51728963009603

===============第23个全局最优解================
最佳代数：
10033
最佳分配：
1 1 1 1 1 1 1 1 1 1 1 3 1 6 1 6 1 1 |1 1 1 1 1 1 1 4 1 1 1 |1 1 1 1 1 2 1 6 1 1 1 1 |1 2 1 1 1 1 6 1 4 3 6 1 1 1 1 1 |1 1 1 5 1 1 1 1 5 1 |5 1 1 1 1 4 1 1 1 1 1 1 1 3 4 6 1 |1 1 1 1 1 1 1 2 1 5 1 1 2 1 1 1 1 1 |1 1 4 1 1 1 1 |4 1 1 1 1 1 1 1 1 1 4 1 1 1 1 1 4 1 |1 1 1 2 1 1 2 1 1 1 1 1 1 1 1 1 1 1 1 |1 1 1 1 1 1 |1 1 1 1 1 1 1 2 1 1 |1 1 1 3 1 1 1 1 1 1 5 1 1 4 4 1 4 1 1 |2 1 5 6 1 1 1 6 1 |1 1 1 1 1 1 |1 1 1 1 1 1 1 1 1 1 5 1 1 1 2 1 1 |6 1 1 1 1 1 3 1 1 1 1 1 1 1 |1 1 1 1 1 1 1 1 |1 1 1 5 1 1 1 |1 1 1 1 1 1 1 1 1 1 1 1 1 1 1 1 |1 1 1 1 1 1 1 1 1 1 1 1 1 1 1 |1 6 1 1 1 1 1 1 1 1 4 1 1 1 1 4 1 1 |1 1 1 1 1 1 1 1 5 1 2 5 1 1 4 1 |1 1 1 5 1 1 1 1 1 1 1 1 1 1 |5 1 1 1 1 1 1 5 1 |1 1 1 1 4 5 1 1 4 1 1 1 1 1 1 1 1 1 5 1 |1 1 1 1 1 1 1 1 1 1 1 1 1 |1 1 3 1 1 1 1 1 1 1 4 4 1 1 1 1 1 1 1 1 |1 1 1 1 2 5 |5 1 1 1 1 1 5 1 1 1 1 1 |
最佳适应度：
105.7119933034029

===============第24个全局最优解================
最佳代数：
10091
最佳分配：
1 1 1 1 1 1 1 1 1 1 1 1 1 6 1 6 1 1 |1 1 1 5 2 5 1 5 1 1 1 |4 1 1 1 1 6 1 4 1 1 1 1 |1 1 1 1 6 1 5 1 1 4 1 1 1 1 1 1 |1 1 1 1 1 1 1 1 1 1 |1 2 1 1 1 1 1 1 1 1 1 1 1 1 1 6 1 |1 1 1 1 1 5 1 1 1 1 1 1 2 1 1 1 1 1 |1 1 6 1 1 1 2 |1 1 1 1 1 1 1 1 1 3 1 1 1 1 1 1 5 1 |1 1 1 1 1 1 2 1 1 1 1 1 1 1 1 1 1 1 1 |1 1 1 1 1 6 |1 2 1 1 1 1 1 1 1 1 |1 1 1 4 1 3 1 1 1 1 5 1 1 2 1 1 5 1 1 |1 1 1 4 1 6 3 5 1 |1 1 1 1 6 1 |1 1 1 1 1 1 1 1 2 1 1 1 1 1 1 4 1 |5 1 1 3 1 1 1 1 1 1 1 1 1 1 |1 1 1 1 2 1 1 1 |1 1 1 6 1 1 1 |3 3 1 1 1 1 1 1 1 4 1 2 1 1 1 1 |1 1 1 1 4 3 2 1 1 1 1 1 1 1 1 |1 5 1 1 1 1 1 1 1 1 2 1 1 1 1 1 1 1 |1 1 1 1 5 1 1 1 5 1 1 4 1 1 1 1 |1 1 1 1 1 1 1 1 1 1 1 1 1 1 |4 1 1 1 1 1 1 1 1 |1 1 1 1 5 5 1 1 5 1 1 1 1 1 1 1 1 3 1 1 |1 1 1 1 1 1 1 1 3 1 1 1 1 |5 1 1 1 1 4 1 1 1 1 2 1 4 1 4 1 1 1 1 1 |2 1 1 1 1 3 |5 1 1 1 4 1 1 1 1 2 1 1 |
最佳适应度：
104.43094938165453

===============第25个全局最优解================
最佳代数：
9325
最佳分配：
1 1 1 1 1 1 1 1 1 1 2 1 1 6 1 4 6 1 |1 1 1 5 3 6 1 5 1 1 1 |1 1 1 1 1 4 1 3 1 1 1 1 |1 1 1 1 5 1 5 1 1 1 4 5 1 1 1 1 |1 1 1 1 1 1 2 1 1 1 |1 1 1 1 5 1 1 1 1 1 1 1 1 1 1 6 1 |1 1 1 1 1 6 1 1 1 1 1 1 5 1 3 1 1 1 |1 1 1 1 1 1 3 |1 1 1 2 1 5 1 1 1 1 5 1 1 1 1 1 1 1 |1 1 1 1 1 1 2 1 1 1 1 1 1 1 1 1 1 1 1 |1 1 1 1 1 1 |1 1 4 1 1 1 1 1 1 2 |2 1 1 1 1 1 1 1 1 1 3 1 1 1 1 1 1 1 1 |1 1 4 6 1 2 1 1 1 |1 1 1 1 2 1 |1 1 5 1 1 2 1 1 1 1 1 1 1 1 1 1 1 |6 1 1 4 1 1 4 1 2 1 1 1 1 1 |1 1 1 1 1 1 1 1 |1 1 1 5 1 1 1 |1 1 1 1 1 1 1 1 1 5 1 1 1 1 1 1 |1 1 1 1 1 1 1 1 1 1 1 1 4 1 1 |1 5 1 1 1 4 1 1 1 1 1 1 1 4 1 1 1 4 |1 1 1 3 1 1 1 1 1 1 1 3 1 1 1 1 |2 1 1 1 1 1 1 1 1 1 1 4 6 1 |6 1 1 1 1 1 1 1 1 |1 1 1 1 3 5 2 1 4 1 1 1 1 1 1 1 1 2 6 1 |1 1 1 1 1 1 1 1 1 1 1 1 1 |2 1 3 1 1 5 1 1 1 1 1 1 4 1 1 1 1 1 1 1 |1 1 1 1 1 4 |6 1 1 1 1 3 6 1 1 1 1 1 |
最佳适应度：
104.91048214907289

===============第26个全局最优解================
最佳代数：
9777
最佳分配：
1 1 1 1 1 1 5 1 1 1 1 1 1 2 1 6 4 1 |1 1 1 6 1 1 1 1 1 1 1 |4 1 1 1 1 1 1 1 4 1 1 1 |1 1 1 1 6 1 6 1 4 5 6 1 1 1 2 1 |1 1 1 1 1 1 1 4 1 1 |1 1 1 1 1 1 1 1 1 1 1 1 1 5 1 1 1 |1 1 1 1 1 1 1 1 1 1 1 1 3 1 1 1 3 1 |1 1 1 1 1 1 5 |1 1 1 1 4 1 1 1 1 1 1 1 1 1 1 1 1 1 |1 1 1 1 1 1 1 1 1 1 1 1 1 1 1 1 1 1 1 |1 1 1 1 1 4 |1 1 1 1 3 3 1 1 1 1 |1 1 1 6 1 4 1 1 1 3 6 1 1 4 1 2 6 1 1 |1 1 1 6 1 1 1 6 1 |1 1 1 1 6 1 |1 1 1 1 1 1 1 1 1 1 1 1 1 1 1 1 1 |6 1 1 5 1 1 1 1 1 1 1 1 1 1 |1 1 1 1 1 1 1 3 |1 1 1 1 1 1 1 |1 1 1 1 1 1 1 2 1 1 1 1 1 1 1 1 |1 1 1 1 1 1 1 1 1 1 1 1 1 1 1 |1 6 1 1 1 5 1 1 1 1 1 1 1 5 1 1 1 5 |1 1 1 1 1 1 1 1 3 1 1 1 1 1 1 1 |1 1 1 4 1 1 1 1 1 1 1 1 1 1 |6 1 1 1 1 3 3 3 1 |1 1 1 1 6 5 4 1 1 1 1 1 1 1 1 1 1 1 4 1 |1 1 1 1 4 1 1 5 1 1 1 1 1 |1 1 1 1 1 4 1 1 1 1 6 1 1 1 1 1 1 1 1 3 |3 1 1 1 1 6 |3 1 1 1 1 1 1 1 1 1 3 1 |
最佳适应度：
103.0334769025748

===============第27个全局最优解================
最佳代数：
9711
最佳分配：
1 1 1 1 1 1 1 1 1 1 1 1 1 4 1 4 5 1 |1 1 1 5 1 4 1 5 1 1 1 |1 1 1 1 1 1 1 6 1 1 1 1 |2 1 1 1 5 1 1 1 2 4 5 1 1 1 1 1 |1 1 1 1 1 1 1 1 4 1 |3 1 1 1 1 1 1 1 1 1 1 1 1 5 1 6 1 |1 1 4 1 1 6 5 1 4 1 1 1 1 1 1 1 5 1 |1 1 2 1 1 1 2 |1 1 1 1 1 5 1 1 1 1 1 1 1 1 1 1 1 1 |1 1 1 1 1 1 1 1 1 1 1 1 1 1 1 1 1 1 3 |1 1 3 1 1 1 |1 1 1 1 1 1 1 1 1 4 |4 1 1 4 1 1 1 1 1 1 5 1 1 6 1 1 5 1 1 |1 1 6 5 2 1 1 5 1 |1 1 1 1 6 1 |2 1 1 1 1 1 1 4 1 2 4 1 1 1 1 1 1 |6 1 1 1 1 1 1 1 1 1 1 1 1 1 |1 1 1 1 1 1 1 1 |1 1 1 4 1 1 1 |3 3 1 1 1 1 1 1 1 1 1 1 1 1 1 1 |1 1 1 1 1 1 1 1 1 4 1 1 1 1 1 |1 6 1 1 1 1 1 1 4 1 1 1 1 5 1 1 1 1 |1 1 1 1 1 1 1 1 3 1 1 5 1 4 1 1 |1 1 1 1 1 1 1 1 1 1 1 1 2 2 |5 1 1 1 1 1 5 2 1 |1 1 1 1 1 5 1 1 3 1 1 1 1 1 1 1 1 1 5 1 |1 1 1 1 1 1 1 1 1 1 1 1 1 |1 1 1 1 1 3 1 1 1 1 2 1 2 1 1 1 1 1 1 1 |1 1 1 1 1 5 |1 1 1 1 1 1 4 1 1 1 1 1 |
最佳适应度：
106.07476456509025

===============第28个全局最优解================
最佳代数：
9987
最佳分配：
1 1 1 1 1 1 1 1 1 1 1 3 1 1 1 6 5 1 |1 4 1 6 1 1 1 5 2 1 2 |1 1 1 1 2 6 1 5 1 1 1 1 |1 1 1 1 5 1 2 1 1 1 5 4 1 1 1 1 |3 1 1 1 1 1 1 1 3 1 |3 1 4 1 1 1 1 1 1 1 1 1 1 6 1 4 1 |1 1 1 1 1 1 3 1 4 1 1 1 3 1 1 1 2 1 |1 1 1 1 1 1 1 |1 1 2 1 1 1 1 1 1 1 6 1 1 1 1 2 1 1 |1 1 1 2 1 1 1 1 1 1 1 1 1 1 1 1 1 1 1 |1 1 1 1 1 5 |1 1 1 1 1 1 1 1 1 1 |3 1 1 5 1 1 1 1 1 1 5 1 1 3 1 1 3 1 1 |1 1 1 6 1 1 1 6 1 |1 1 1 1 5 1 |2 1 1 1 1 3 1 1 3 1 2 1 1 1 1 1 1 |5 1 1 4 1 1 1 1 1 1 1 1 1 1 |1 1 1 1 1 1 1 1 |2 1 1 4 1 1 1 |1 1 1 1 1 1 1 1 1 1 4 1 1 1 1 1 |1 1 1 1 1 1 1 1 1 1 1 1 1 1 1 |1 4 1 1 1 1 2 2 5 1 5 1 1 5 1 1 4 1 |1 1 1 1 1 1 1 1 2 1 1 5 1 1 1 1 |1 1 1 1 1 1 1 1 1 1 1 1 4 1 |6 1 1 1 1 1 4 1 1 |1 1 1 1 6 4 1 1 4 1 1 1 1 1 1 1 1 1 4 1 |1 1 1 1 1 1 1 1 1 1 1 1 1 |4 1 1 1 1 1 1 1 1 1 1 1 5 4 1 1 1 1 1 1 |1 1 1 1 1 4 |1 1 1 1 1 1 5 1 1 1 1 1 |
最佳适应度：
105.13824097436988

===============第29个全局最优解================
最佳代数：
9683
最佳分配：
1 1 1 1 1 1 1 1 1 1 1 1 1 1 1 6 1 1 |1 1 1 4 1 3 1 4 1 1 1 |3 1 2 1 1 3 1 5 1 1 1 1 |1 1 1 1 1 1 6 1 3 5 4 5 1 1 1 1 |1 1 1 1 1 1 1 1 1 1 |1 2 1 1 1 2 1 1 1 1 1 1 1 1 1 6 1 |1 1 5 1 1 3 1 1 1 1 1 1 1 1 1 1 1 1 |1 1 4 1 1 1 1 |1 1 1 1 1 6 1 1 1 1 4 1 1 1 1 1 4 1 |1 1 1 1 1 1 2 1 1 1 1 1 1 1 1 1 1 1 1 |1 1 1 1 1 3 |1 1 1 1 1 1 1 1 1 1 |1 1 1 4 1 6 1 1 1 1 6 1 1 1 1 1 4 1 1 |1 1 2 6 1 4 1 4 1 |1 1 1 1 1 1 |1 1 1 1 1 2 1 2 1 1 1 1 1 1 1 1 1 |6 1 1 1 1 1 1 1 1 1 1 1 1 1 |1 1 1 1 1 1 1 1 |1 1 1 5 1 1 1 |1 1 1 1 1 1 1 1 1 1 1 1 1 1 1 1 |1 1 1 1 1 1 1 1 1 1 1 1 1 2 1 |1 2 1 1 1 1 1 2 3 1 4 1 1 1 1 4 1 3 |1 1 1 1 5 1 1 1 2 4 1 6 1 1 2 1 |1 1 1 2 1 1 1 1 1 1 1 3 3 1 |6 1 1 1 1 1 1 1 1 |1 1 1 1 4 5 1 1 4 1 1 1 1 1 1 1 1 4 1 1 |1 1 1 2 4 1 1 1 6 1 1 1 5 |4 1 1 1 1 5 1 1 1 1 1 5 6 1 1 1 1 1 1 1 |1 3 1 1 2 5 |1 1 1 1 1 1 5 1 1 1 1 1 |
最佳适应度：
105.10804472891074

===============第30个全局最优解================
最佳代数：
9979
最佳分配：
2 1 1 1 1 1 1 1 1 1 1 1 1 5 1 6 1 1 |1 1 1 6 1 4 1 1 1 1 1 |1 1 1 1 1 4 1 6 1 1 1 1 |1 1 1 1 5 1 5 1 1 6 4 5 1 1 1 1 |1 1 1 1 1 1 1 1 1 1 |1 1 1 1 1 1 1 1 1 1 1 1 1 1 1 6 1 |1 1 1 1 1 6 3 1 3 1 1 1 2 1 1 1 1 1 |1 1 4 1 2 1 5 |1 1 1 1 1 1 1 1 1 1 1 1 1 1 1 1 4 1 |1 1 1 1 1 1 1 1 1 1 1 1 1 1 1 1 1 1 1 |1 1 1 1 1 5 |1 1 1 1 1 1 1 1 1 1 |1 1 1 5 1 6 1 1 1 1 5 1 2 2 1 1 2 1 1 |1 1 1 6 1 1 1 5 1 |1 1 1 1 6 1 |1 1 4 1 1 1 1 1 1 1 4 1 1 1 1 1 1 |3 1 1 1 1 1 1 1 1 1 1 1 1 1 |1 1 1 1 1 1 1 1 |1 1 1 6 1 1 1 |1 1 1 1 1 1 1 1 1 1 1 2 1 1 1 1 |1 2 1 1 1 3 1 1 1 6 1 1 1 1 1 |1 6 1 1 1 1 1 1 1 1 5 1 1 4 1 1 1 5 |1 1 1 1 1 1 1 4 6 1 1 1 1 1 5 1 |1 1 1 1 1 1 1 1 1 1 1 5 3 1 |5 1 1 1 1 1 1 4 1 |1 1 1 1 5 5 1 1 5 1 1 1 1 1 1 1 1 5 1 1 |1 1 1 1 1 1 1 1 1 1 1 1 1 |1 1 1 1 1 2 1 1 1 1 1 1 4 4 1 1 1 1 1 1 |1 1 1 2 1 6 |1 1 1 1 1 1 2 1 1 1 1 1 |
最佳适应度：
107.21518912249813

===============第31个全局最优解================
最佳代数：
9877
最佳分配：
1 1 1 1 1 1 1 1 1 1 1 1 1 5 1 5 1 1 |1 1 3 1 1 6 1 6 1 1 1 |2 1 1 1 1 1 1 6 1 1 1 1 |1 1 1 1 5 1 6 1 1 3 5 4 1 1 1 1 |1 1 1 1 1 1 1 1 1 1 |1 1 1 1 1 1 1 1 1 1 1 1 1 1 1 5 1 |1 1 1 2 1 6 1 1 1 5 1 1 1 1 1 1 1 1 |1 1 1 1 1 1 5 |3 1 1 1 1 1 1 1 2 1 5 1 1 1 1 1 1 1 |1 1 1 1 1 1 1 1 1 5 1 1 1 1 1 1 1 1 1 |1 1 1 1 1 1 |1 1 1 1 1 1 1 1 1 1 |1 1 1 5 1 5 1 1 1 1 4 1 1 6 1 1 1 1 2 |1 1 4 6 4 1 1 5 1 |1 1 1 1 6 2 |1 1 3 1 1 1 1 1 1 1 1 1 1 1 1 1 1 |6 4 1 1 1 1 6 1 1 1 1 1 1 1 |1 1 1 1 1 1 1 1 |1 1 1 1 1 1 1 |2 1 1 1 1 1 1 1 1 1 1 1 1 1 1 1 |1 1 1 1 1 1 1 1 1 1 1 1 1 1 1 |1 5 1 1 1 4 1 1 1 1 1 2 1 3 5 1 1 3 |1 1 1 1 4 1 1 1 1 1 1 4 1 1 3 1 |1 1 1 1 1 1 1 1 1 1 1 1 1 1 |6 1 1 1 1 1 1 1 1 |1 1 1 3 6 6 1 1 3 1 1 1 1 1 1 1 1 1 5 1 |1 1 1 2 1 1 1 1 1 1 1 1 1 |6 1 1 1 1 1 1 1 1 1 1 1 6 1 1 1 1 1 1 1 |1 1 1 1 5 5 |6 1 1 1 1 1 2 1 1 1 1 1 |
最佳适应度：
107.15936751714344

===============第32个全局最优解================
最佳代数：
10055
最佳分配：
1 1 1 1 1 2 1 1 1 1 1 1 1 5 1 6 4 1 |1 1 1 1 1 4 1 3 1 1 4 |1 1 1 1 1 1 1 5 1 1 1 1 |1 1 1 1 1 1 6 1 1 1 5 1 1 1 1 1 |1 1 1 3 1 1 1 1 5 1 |3 1 1 1 1 2 1 1 1 1 1 1 1 1 1 6 1 |1 1 1 1 1 4 1 4 1 1 1 1 1 1 1 1 1 1 |1 1 1 1 1 1 5 |1 1 4 1 1 2 1 1 1 1 6 1 1 1 1 1 1 1 |1 1 1 1 1 1 2 1 1 2 1 1 1 1 1 1 1 1 3 |1 1 1 1 1 3 |1 1 1 1 1 1 1 1 1 1 |1 1 1 3 1 4 1 1 1 4 6 1 1 1 1 1 2 1 1 |1 1 4 4 1 3 1 1 1 |1 1 5 1 2 1 |1 1 6 1 1 1 1 1 1 1 6 1 1 1 1 1 1 |6 1 1 1 1 1 3 1 1 1 1 1 1 1 |1 1 1 1 1 1 1 2 |1 1 1 6 1 1 1 |1 1 1 1 1 1 1 2 1 2 1 1 1 1 1 1 |1 1 1 1 1 1 1 1 1 1 1 1 1 1 1 |1 5 1 1 1 2 1 1 1 1 1 1 1 5 1 1 1 5 |1 1 1 1 4 1 1 1 3 1 1 1 1 1 3 1 |1 1 1 4 1 1 1 1 1 1 1 4 3 1 |6 1 1 1 1 1 5 1 1 |1 1 1 1 1 6 1 1 1 1 1 1 1 1 1 1 1 4 5 1 |4 1 1 1 1 2 1 3 6 1 1 1 1 |4 1 1 1 1 1 1 1 1 1 1 1 5 1 1 1 1 1 1 1 |1 1 1 1 1 4 |4 1 1 1 1 1 2 1 1 1 1 1 |
最佳适应度：
104.19133014272501

===============第33个全局最优解================
最佳代数：
9855
最佳分配：
2 1 1 1 1 4 1 1 1 1 1 1 1 6 1 6 4 1 |1 1 1 4 1 1 1 1 1 1 1 |1 1 1 1 1 4 1 5 4 2 1 1 |1 1 1 1 4 1 4 1 1 1 6 1 1 1 1 1 |1 1 1 4 1 3 1 1 5 1 |4 1 1 1 2 1 1 1 1 1 1 1 1 1 1 5 1 |1 1 1 1 1 2 1 1 1 3 1 1 3 1 1 1 1 1 |1 1 1 1 1 1 1 |1 1 1 1 1 1 1 1 1 3 1 1 1 1 1 1 1 1 |1 1 1 3 1 1 1 1 1 4 1 1 1 1 1 1 1 3 1 |1 2 1 1 1 2 |1 1 1 1 1 1 1 1 1 1 |3 1 1 5 1 1 1 1 1 1 6 1 2 1 1 1 3 1 1 |1 1 5 5 1 3 1 6 1 |1 1 1 1 5 1 |1 1 1 1 1 1 1 1 2 1 1 1 1 1 1 1 2 |6 1 1 1 1 1 6 1 1 1 1 1 1 1 |1 1 1 1 1 1 1 1 |1 1 1 5 1 1 1 |1 1 1 1 1 1 1 1 5 1 1 1 1 1 1 1 |1 1 1 1 5 1 1 1 1 1 1 2 1 1 1 |1 6 1 1 1 1 1 1 1 1 1 1 1 1 1 1 1 1 |1 1 1 1 3 1 1 1 1 1 1 3 1 1 6 1 |1 1 1 5 1 1 2 1 1 1 1 1 4 1 |5 1 1 1 1 1 2 1 1 |1 1 1 1 5 5 1 1 5 1 1 1 1 1 1 1 1 1 5 1 |1 1 1 1 1 1 1 1 1 5 1 1 1 |5 1 1 1 1 5 2 1 1 1 1 2 1 1 1 1 1 1 1 1 |1 1 1 1 1 6 |1 1 2 1 1 1 4 1 1 1 1 1 |
最佳适应度：
104.85817947853462

===============第34个全局最优解================
最佳代数：
9897
最佳分配：
1 1 1 1 1 1 1 1 1 1 1 1 1 5 1 5 5 1 |4 1 2 1 1 1 1 1 3 4 1 |1 1 1 1 1 1 1 3 1 1 1 1 |1 1 1 1 5 1 1 1 1 1 6 1 1 1 1 1 |1 1 1 2 4 1 1 1 1 1 |1 2 1 4 1 1 1 1 1 1 1 1 1 3 4 1 1 |1 1 1 1 1 4 2 1 1 1 1 1 1 1 1 1 4 1 |1 1 1 1 1 1 1 |6 1 1 4 1 5 1 1 1 2 1 1 1 1 1 1 1 1 |1 1 1 1 1 1 2 1 1 1 1 1 1 1 1 1 1 1 1 |1 1 1 1 1 1 |1 1 1 1 1 1 1 1 1 1 |3 1 1 5 1 5 1 1 1 1 1 1 1 1 1 5 1 1 2 |3 1 1 6 1 5 1 6 4 |2 1 3 1 3 1 |1 1 1 1 1 2 1 1 1 1 3 1 1 2 1 1 1 |5 1 1 3 1 1 4 1 1 1 1 1 1 1 |1 1 1 1 1 2 1 1 |1 1 1 5 1 1 1 |1 1 1 1 1 1 1 1 1 1 1 1 1 1 1 1 |1 1 1 1 1 1 1 1 1 1 2 1 1 1 1 |1 5 1 1 1 1 1 1 1 1 1 1 1 4 1 1 1 1 |1 1 1 1 3 1 1 1 4 1 1 5 4 1 5 2 |1 1 1 3 1 1 1 1 1 1 1 1 6 1 |4 2 1 1 1 1 1 1 1 |1 1 1 1 1 5 1 1 5 1 1 1 1 1 1 1 1 1 1 1 |1 1 1 1 1 1 1 1 5 1 1 1 1 |4 2 1 1 1 6 1 1 1 1 1 6 1 1 1 1 1 1 1 1 |1 1 1 1 6 4 |1 1 1 1 1 1 6 1 2 1 1 1 |
最佳适应度：
101.74634326865026

===============第35个全局最优解================
最佳代数：
9891
最佳分配：
1 2 1 1 1 1 2 1 1 1 1 2 1 4 1 6 3 1 |1 1 1 3 1 4 1 5 1 1 1 |1 1 2 1 1 1 1 5 1 2 1 2 |5 1 1 1 1 1 1 1 1 6 6 3 1 1 1 1 |1 1 1 1 1 1 1 1 3 1 |5 4 1 1 1 4 2 1 1 1 1 1 1 3 1 5 1 |1 1 1 1 1 5 1 1 1 4 1 1 4 1 1 1 1 1 |1 1 6 1 1 1 4 |4 1 3 1 1 1 1 1 1 1 3 1 1 1 1 1 1 1 |1 1 1 1 4 1 1 1 1 1 1 1 1 1 1 1 1 1 1 |1 1 1 1 1 1 |1 1 3 1 1 1 1 1 1 1 |1 1 1 3 1 6 1 1 1 1 1 1 1 1 1 1 4 1 1 |1 1 6 6 1 6 1 6 1 |1 1 1 1 3 1 |1 1 4 1 1 1 1 1 1 1 1 1 1 1 1 1 1 |5 1 1 1 1 1 1 1 1 1 1 1 1 1 |1 1 1 1 1 1 1 1 |1 1 2 6 1 1 1 |1 1 1 1 1 1 1 2 1 1 1 1 1 1 1 1 |1 1 1 1 1 1 1 1 1 1 1 1 1 1 1 |1 4 1 1 1 1 1 1 1 1 1 1 1 4 4 3 1 1 |1 1 1 1 2 1 1 1 4 1 1 4 1 1 1 1 |1 1 1 1 1 1 1 1 1 1 1 1 4 1 |3 1 1 1 1 1 4 1 1 |1 1 1 1 5 3 1 1 1 1 1 1 1 1 1 1 1 1 5 1 |1 1 1 1 1 1 1 1 4 1 1 1 1 |6 1 1 1 1 1 1 1 1 1 1 1 4 1 3 1 1 1 1 1 |1 1 1 1 1 6 |1 1 1 1 1 1 2 1 5 1 1 1 |
最佳适应度：
104.71752992567967

===============第36个全局最优解================
最佳代数：
9649
最佳分配：
1 1 1 1 1 1 1 3 1 1 3 1 1 5 1 4 1 1 |1 1 3 5 1 1 1 4 1 1 1 |1 1 1 1 1 1 1 1 1 1 1 1 |1 1 1 1 1 1 1 1 1 1 3 1 1 1 1 1 |2 1 1 2 1 1 1 1 6 1 |3 1 1 4 1 1 1 1 1 1 1 1 1 1 1 4 1 |1 1 3 1 1 5 1 1 1 1 1 1 3 1 1 1 1 1 |1 1 4 1 1 1 3 |1 1 1 1 1 1 1 1 1 1 1 1 1 1 1 1 3 1 |2 1 1 4 1 1 3 1 1 6 1 1 1 1 1 1 1 1 1 |1 1 1 1 1 1 |1 1 1 1 1 1 1 1 1 1 |1 1 1 1 1 5 1 1 1 1 6 1 1 1 1 1 6 1 1 |1 1 4 6 1 1 1 6 1 |1 1 1 1 4 1 |1 1 5 1 1 1 1 1 1 1 5 1 1 1 1 1 4 |5 1 1 1 1 1 1 1 4 1 3 1 1 1 |1 1 1 1 1 1 1 1 |1 1 1 5 1 1 1 |1 1 1 1 1 1 1 1 1 1 1 1 1 1 1 1 |1 1 1 1 1 1 1 1 1 5 1 1 1 1 1 |1 6 1 1 1 1 1 1 1 1 2 1 3 5 1 1 1 1 |1 1 1 1 6 1 1 1 2 1 1 5 1 1 1 2 |1 1 1 4 1 1 1 1 1 1 1 1 5 1 |6 1 1 1 1 1 1 6 1 |1 1 1 1 4 5 1 1 1 1 3 1 1 1 1 1 3 1 5 1 |1 1 1 1 1 1 1 1 2 1 1 1 1 |5 1 1 1 1 1 1 1 1 1 1 5 1 1 2 1 1 1 1 1 |1 1 1 2 4 3 |4 2 1 1 1 1 4 1 1 1 1 1 |
最佳适应度：
103.59705709932966

===============第37个全局最优解================
最佳代数：
9513
最佳分配：
1 1 1 1 1 1 3 1 1 1 1 1 1 3 1 6 2 1 |1 1 1 6 1 1 1 6 1 1 1 |4 1 3 1 1 1 1 4 1 1 1 1 |1 1 1 1 1 1 1 1 1 1 4 2 1 1 1 1 |1 1 1 1 1 1 1 1 5 1 |6 1 1 1 1 1 1 1 1 1 1 1 1 5 1 6 1 |1 1 1 1 1 4 1 1 1 1 1 1 1 1 1 1 1 1 |1 1 1 1 1 1 1 |1 1 1 1 4 1 1 6 1 1 1 1 1 1 1 1 1 1 |1 1 1 1 1 1 6 1 1 1 1 1 1 1 1 1 1 1 1 |1 1 1 1 1 1 |1 1 1 1 1 1 1 1 1 1 |1 2 1 6 1 6 1 1 1 1 1 1 1 4 1 1 1 1 1 |1 1 6 6 1 1 1 6 3 |1 1 1 1 3 1 |1 1 3 1 1 1 1 1 1 1 4 1 1 1 1 2 1 |4 1 1 1 1 3 5 1 1 1 1 1 1 1 |1 1 1 1 1 1 1 1 |1 1 1 3 1 1 1 |1 1 1 1 1 1 1 1 1 1 1 3 1 1 1 1 |1 1 1 1 1 1 1 1 3 1 5 1 1 1 1 |1 6 1 1 1 1 1 1 2 1 1 1 1 4 3 1 1 1 |1 1 1 1 1 1 1 1 4 1 1 4 1 1 5 5 |1 1 1 1 1 1 1 1 1 1 1 1 6 1 |5 1 1 1 1 1 1 6 1 |1 1 1 1 5 6 1 1 1 1 1 1 1 1 4 1 1 1 6 1 |1 1 1 1 1 1 1 1 1 1 1 1 1 |1 1 3 1 1 1 1 1 1 3 2 1 6 1 1 1 1 1 1 1 |1 1 1 1 1 5 |1 1 1 1 1 1 6 1 1 1 1 1 |
最佳适应度：
106.21630679592138

===============第38个全局最优解================
最佳代数：
9999
最佳分配：
1 1 1 1 1 1 1 1 1 1 1 1 1 4 1 5 1 1 |1 1 1 6 1 1 1 5 1 1 1 |1 1 1 1 1 1 1 4 1 1 1 1 |1 1 1 1 5 1 4 1 4 5 6 5 1 1 1 1 |1 1 1 1 1 1 1 1 1 1 |4 1 1 1 1 1 1 1 1 1 1 1 1 4 1 6 1 |1 1 1 1 1 6 1 1 3 5 1 1 1 1 1 1 6 1 |1 1 1 1 1 1 1 |1 1 1 1 1 1 1 1 1 1 1 1 1 1 1 1 1 1 |1 1 1 1 1 1 1 1 1 4 1 1 1 1 1 1 1 1 1 |1 1 1 1 1 1 |1 1 1 1 1 1 1 1 1 1 |1 5 1 5 1 5 1 1 1 2 6 1 1 1 1 1 5 1 1 |1 1 6 6 1 1 1 3 1 |3 1 1 1 3 1 |1 1 5 1 1 1 1 1 1 1 1 1 1 4 1 1 1 |6 1 1 1 1 1 2 1 1 1 5 1 1 1 |1 1 1 1 1 1 1 1 |1 1 1 5 1 1 1 |1 1 1 1 1 1 1 1 1 1 1 1 1 1 1 1 |1 1 1 1 1 1 1 1 1 1 3 1 1 1 1 |1 6 1 1 1 1 1 1 4 1 1 1 1 1 1 1 1 1 |1 1 1 1 1 1 1 1 4 1 1 4 1 1 5 5 |1 1 1 1 1 1 1 1 1 1 1 1 2 1 |5 1 1 1 1 1 1 1 1 |1 1 1 1 4 5 1 1 5 1 1 1 1 1 1 1 1 1 4 1 |1 1 1 1 1 1 1 1 4 1 1 1 1 |4 1 1 1 1 5 1 1 1 1 1 1 6 1 1 1 1 1 1 1 |1 1 1 1 1 5 |5 1 1 1 1 1 1 1 1 3 1 1 |
最佳适应度：
108.52010271233961

===============第39个全局最优解================
最佳代数：
9743
最佳分配：
1 1 1 1 1 1 1 1 1 1 1 1 1 6 1 1 5 1 |1 1 1 1 1 1 1 2 1 1 1 |1 1 1 4 1 4 1 1 1 1 1 1 |1 1 1 1 4 1 1 1 1 6 3 1 1 1 1 1 |1 1 1 5 1 1 1 1 6 1 |6 1 1 1 1 3 3 1 4 1 1 1 1 4 1 6 1 |1 1 1 2 1 1 1 3 5 2 1 1 1 1 1 2 1 1 |1 1 1 1 1 1 1 |1 1 1 1 2 1 1 1 1 1 4 1 1 1 1 1 4 1 |1 1 2 1 1 1 1 1 1 1 1 1 1 1 1 1 1 1 1 |1 1 1 3 1 4 |1 1 1 1 1 1 1 2 1 1 |4 1 5 5 1 3 1 1 1 3 3 1 1 4 1 1 4 1 1 |1 1 4 6 4 1 1 1 1 |1 1 1 1 6 1 |1 1 1 1 1 1 1 1 1 1 1 1 1 1 1 1 1 |5 1 1 1 1 1 2 1 1 1 1 1 1 1 |1 1 1 1 1 1 1 1 |1 1 1 2 1 1 1 |1 1 3 1 1 1 1 2 1 3 1 1 1 1 1 1 |1 1 1 1 1 1 1 1 1 1 1 1 1 1 1 |1 5 1 1 1 1 1 1 1 1 1 1 1 1 1 1 1 1 |1 1 1 1 3 1 1 1 1 1 1 1 1 1 1 1 |1 1 1 4 1 1 1 3 1 1 1 1 1 1 |6 1 1 1 1 1 6 1 1 |1 1 1 1 1 5 1 1 4 1 1 1 1 1 1 1 1 5 6 1 |4 1 1 1 1 1 1 1 1 1 1 1 1 |4 1 1 1 1 6 1 1 1 1 2 4 6 1 1 1 1 1 1 1 |1 1 3 1 1 1 |6 1 2 1 1 1 6 1 2 1 1 1 |
最佳适应度：
100.54483277226984

===============第40个全局最优解================
最佳代数：
9563
最佳分配：
1 1 1 1 1 1 1 3 1 1 1 1 1 5 1 6 1 1 |1 1 1 5 1 4 1 5 1 1 1 |1 1 1 1 1 1 2 6 1 1 3 1 |1 1 1 1 5 1 1 1 1 1 5 5 1 1 1 1 |1 1 1 2 1 1 1 1 2 1 |4 1 1 1 1 1 1 1 1 1 1 1 1 1 1 6 1 |1 1 1 3 1 1 1 1 1 5 1 3 5 1 1 1 5 1 |1 1 1 1 1 1 2 |1 1 1 1 1 4 1 1 1 1 3 1 1 1 1 2 1 1 |1 1 1 1 1 1 1 1 1 1 1 1 1 1 1 1 1 1 1 |1 1 1 1 1 1 |1 3 1 1 1 1 1 1 1 1 |1 1 1 6 1 4 1 1 1 1 6 1 1 6 1 1 5 1 1 |1 5 6 6 1 1 1 1 1 |1 1 1 1 2 1 |1 1 4 1 1 2 1 1 1 1 6 1 1 1 1 1 1 |1 1 1 1 1 1 5 1 1 1 1 1 1 1 |1 1 1 1 1 1 1 1 |1 1 1 4 1 1 1 |1 1 1 1 1 1 1 1 1 1 1 1 1 1 1 1 |1 1 1 1 4 2 1 1 1 1 1 1 1 1 1 |1 5 1 1 1 1 1 1 1 1 2 1 1 1 1 1 1 3 |1 1 1 1 1 1 1 1 6 1 1 5 1 1 1 1 |1 1 1 1 1 1 1 1 1 1 1 1 1 1 |5 1 1 1 1 1 1 1 1 |1 1 1 1 6 6 1 1 6 1 1 1 1 1 1 1 1 1 6 1 |1 1 1 1 1 1 1 1 1 1 1 1 1 |1 1 5 1 1 1 1 1 1 1 1 5 6 1 1 1 1 1 1 1 |1 3 1 1 3 5 |1 1 1 1 1 1 5 1 1 1 1 1 |
最佳适应度：
105.43502635861894

===============第41个全局最优解================
最佳代数：
9621
最佳分配：
1 1 1 1 1 1 1 1 1 1 2 1 1 1 1 6 1 1 |1 1 1 4 1 1 1 6 1 2 1 |1 1 1 1 1 4 1 5 1 1 1 1 |1 1 1 1 1 1 1 1 2 1 5 1 1 1 1 1 |1 1 1 1 1 1 1 1 1 1 |3 1 1 1 1 1 1 1 1 1 1 2 1 1 1 5 1 |1 1 1 1 1 1 4 1 3 1 1 1 1 1 1 1 1 1 |1 1 2 1 1 1 1 |1 1 1 1 1 1 1 1 1 1 6 1 1 1 1 1 1 1 |1 1 1 1 1 1 1 3 1 6 1 1 1 1 1 1 1 1 1 |1 1 1 1 1 1 |1 1 1 1 1 1 1 1 1 1 |1 1 1 3 1 6 1 1 1 3 6 1 1 1 1 2 3 1 1 |1 1 5 6 5 5 1 6 1 |1 1 1 1 5 4 |1 1 1 1 1 1 1 1 1 1 1 1 1 1 1 1 1 |5 1 3 1 1 1 1 1 1 1 1 1 1 1 |1 1 1 1 1 1 1 1 |3 1 1 4 1 1 1 |1 1 1 1 1 1 1 1 3 1 1 5 1 1 1 1 |1 1 1 1 1 1 1 1 1 1 1 1 1 2 1 |1 5 1 1 2 4 1 1 1 1 1 1 1 5 1 1 1 1 |1 1 1 1 1 1 1 1 1 1 1 6 1 1 4 1 |1 1 1 4 1 1 1 1 1 1 1 1 6 1 |5 1 1 1 1 6 1 4 1 |1 1 1 1 5 6 4 1 6 1 1 1 1 1 1 1 1 3 3 1 |1 1 1 2 1 1 1 2 1 1 1 1 1 |5 1 1 1 1 1 1 1 1 1 1 1 5 1 1 1 1 1 1 1 |1 1 1 5 1 6 |1 1 1 1 1 1 4 1 1 1 1 1 |
最佳适应度：
105.29100536704453

===============第42个全局最优解================
最佳代数：
9963
最佳分配：
1 1 1 1 1 1 1 1 1 1 1 1 1 4 1 5 6 1 |1 1 1 2 1 1 1 1 1 1 1 |1 1 1 1 1 1 1 1 1 1 1 1 |1 1 1 1 5 1 4 1 5 1 1 6 1 1 1 1 |1 1 2 3 1 1 1 1 2 1 |5 1 2 1 1 1 1 1 3 1 1 1 1 5 4 5 1 |1 3 1 1 1 5 1 1 1 2 1 1 2 1 1 1 1 1 |1 1 1 1 1 1 5 |1 1 1 1 1 6 1 1 1 1 1 1 1 1 1 1 1 1 |3 1 1 1 1 1 1 1 1 3 1 1 1 1 1 1 1 1 1 |1 1 1 1 1 3 |1 1 1 1 1 1 1 1 1 1 |1 1 1 5 1 6 1 1 1 1 1 1 1 3 1 1 1 1 1 |1 1 6 5 1 3 1 5 5 |1 1 1 1 1 1 |1 1 3 1 1 1 1 1 1 1 6 1 1 1 1 1 1 |6 1 1 2 1 1 1 1 1 1 1 1 1 1 |1 1 1 1 1 1 1 1 |1 1 1 6 1 1 1 |1 1 6 1 1 1 1 1 1 1 1 1 1 2 1 1 |1 3 1 1 1 1 1 1 1 3 1 1 1 1 1 |1 5 1 1 1 1 1 1 1 1 5 1 1 5 1 1 1 3 |1 1 1 1 1 1 1 1 5 1 1 4 1 1 1 1 |1 1 1 5 1 1 1 1 1 1 1 5 1 1 |5 1 1 1 1 1 5 1 1 |1 1 1 1 1 5 1 1 1 1 1 1 1 1 1 1 1 1 6 1 |1 1 1 1 1 1 1 1 1 1 1 1 1 |3 1 1 1 1 6 1 1 1 1 1 1 2 1 1 1 1 1 1 1 |1 1 1 4 6 5 |1 1 2 1 1 1 1 1 1 1 1 1 |
最佳适应度：
104.61185325580702

===============第43个全局最优解================
最佳代数：
9989
最佳分配：
1 1 1 1 1 1 1 1 1 1 1 1 1 4 1 5 1 1 |1 1 1 4 1 1 1 5 1 1 1 |1 1 1 1 1 1 1 4 1 1 1 1 |1 1 1 1 2 1 5 1 3 1 4 4 1 1 1 1 |1 1 1 1 1 1 1 1 3 1 |1 1 1 1 1 1 1 3 1 1 1 1 1 1 1 6 1 |1 1 1 1 1 5 1 1 4 3 1 1 3 1 1 3 1 1 |1 1 3 1 1 1 5 |1 1 1 1 4 1 1 1 1 1 2 1 1 1 1 1 1 1 |1 1 1 1 1 1 2 1 1 1 1 1 1 1 1 1 1 1 1 |1 1 1 1 1 1 |1 1 1 1 1 3 1 1 1 5 |1 1 1 5 1 4 1 1 1 1 2 1 1 1 1 1 2 1 1 |1 1 1 6 1 1 1 4 4 |1 1 3 1 3 1 |4 1 5 1 1 1 2 1 1 1 6 1 1 1 1 1 1 |6 1 1 1 1 1 1 1 1 1 1 1 1 1 |1 1 1 1 1 1 1 1 |1 2 1 4 1 1 1 |1 1 1 1 1 1 1 1 1 1 1 1 1 1 1 1 |1 1 1 1 1 1 1 1 1 1 1 2 1 1 1 |1 5 1 1 1 1 1 1 1 1 1 1 1 2 1 1 1 5 |1 1 1 1 5 1 1 1 5 5 1 5 1 1 1 3 |1 1 1 6 1 1 1 1 1 1 1 1 1 1 |6 1 1 1 1 1 1 1 1 |1 1 1 1 4 6 2 1 4 1 1 1 1 1 1 1 1 1 1 1 |6 1 1 1 1 1 1 1 4 1 1 1 3 |1 1 1 1 1 6 1 1 1 1 1 1 5 1 1 1 1 1 1 1 |1 1 1 1 3 5 |3 1 3 1 1 1 6 1 1 1 1 1 |
最佳适应度：
104.80483336432422

===============第44个全局最优解================
最佳代数：
9501
最佳分配：
1 1 1 1 1 1 1 1 1 1 1 1 1 5 1 1 4 1 |1 1 1 1 1 1 1 5 1 1 1 |1 2 1 1 1 1 1 5 1 1 1 1 |1 1 1 1 1 1 5 1 1 1 3 1 1 1 1 1 |1 1 1 4 1 1 1 1 1 1 |5 1 1 1 1 1 1 1 1 1 2 2 1 1 1 5 1 |1 1 2 1 1 6 5 1 1 5 1 1 1 1 1 3 1 1 |1 1 1 1 1 1 5 |1 1 5 1 4 1 1 1 1 1 5 1 1 1 1 1 1 1 |1 1 1 1 1 1 1 1 1 1 2 1 1 1 1 1 1 1 1 |3 1 1 1 1 1 |1 1 1 1 1 1 1 1 1 1 |1 3 1 4 1 1 1 1 1 1 6 1 1 1 1 1 2 1 1 |1 1 5 6 1 1 1 6 1 |4 1 1 1 3 1 |3 1 6 1 1 1 1 1 1 1 5 1 1 1 1 1 1 |3 1 1 1 1 1 4 1 1 1 1 1 1 1 |1 1 1 1 1 1 1 1 |1 1 1 5 1 1 1 |1 1 2 1 1 1 1 1 1 1 1 3 1 1 1 1 |1 1 1 1 1 1 1 1 1 1 1 1 1 1 1 |1 6 1 1 1 3 1 1 1 1 5 1 1 1 4 3 1 2 |1 1 1 1 1 1 1 1 1 1 2 1 1 1 1 3 |1 1 1 1 1 1 1 1 1 1 1 1 6 1 |5 1 1 1 1 1 1 5 1 |1 1 1 1 1 6 1 1 6 1 1 1 1 1 1 1 5 4 5 1 |1 1 1 3 1 1 1 1 1 3 1 1 1 |5 1 1 1 1 5 1 1 1 1 1 1 1 1 1 1 1 1 1 1 |1 1 1 1 1 5 |4 1 1 1 1 1 5 1 1 1 1 1 |
最佳适应度：
103.93249178251708

===============第45个全局最优解================
最佳代数：
9773
最佳分配：
1 1 1 1 1 1 1 1 1 1 1 1 1 3 1 6 4 1 |1 1 1 5 1 5 1 1 1 4 1 |5 1 1 1 1 1 1 6 1 1 1 1 |1 1 1 1 5 1 4 1 1 1 6 1 1 1 1 1 |1 1 1 1 1 1 1 1 1 1 |3 1 1 1 1 1 1 1 1 1 1 1 1 4 1 5 1 |1 3 1 1 1 1 2 1 1 1 1 1 5 1 1 1 1 1 |1 1 5 1 1 1 1 |4 1 1 1 1 1 1 1 1 1 1 1 1 1 1 2 6 1 |1 1 1 1 1 1 1 1 1 1 1 1 1 1 1 1 1 1 1 |1 1 1 1 1 4 |1 1 1 1 1 1 1 1 1 1 |1 1 1 5 1 1 1 1 1 1 1 1 1 6 1 1 3 1 1 |1 1 3 6 1 4 1 4 5 |1 1 1 1 1 1 |1 1 1 1 1 4 3 1 3 1 1 1 1 1 1 1 2 |3 1 1 1 1 2 1 1 1 1 1 1 1 1 |1 1 1 4 1 1 1 1 |1 1 1 5 1 3 1 |1 1 1 1 1 1 1 1 1 1 1 5 1 1 1 1 |1 1 1 1 1 1 1 1 1 1 1 1 1 1 1 |1 6 1 1 1 1 1 1 1 1 1 1 1 3 1 1 1 1 |1 1 1 1 6 1 1 1 1 1 1 1 3 1 1 1 |1 1 1 5 1 1 1 1 1 1 1 5 5 1 |6 1 1 1 1 1 1 5 1 |1 1 1 1 1 6 1 1 1 1 1 1 1 1 1 1 1 1 6 1 |1 1 1 5 5 1 1 1 1 1 1 1 1 |3 1 1 1 1 6 1 1 1 1 1 3 5 1 1 2 1 1 1 1 |1 1 1 1 1 4 |1 1 1 1 1 1 4 1 1 1 1 1 |
最佳适应度：
104.28333991717945

===============第46个全局最优解================
最佳代数：
9719
最佳分配：
1 1 1 1 1 1 1 1 1 1 1 1 1 4 1 6 6 1 |1 1 1 1 1 1 1 5 1 1 1 |5 1 1 1 1 4 1 1 1 1 1 1 |1 1 1 1 1 1 4 1 1 1 6 4 1 1 1 1 |1 1 1 1 1 1 1 1 4 1 |5 1 1 1 1 1 1 1 1 1 1 1 1 5 1 5 1 |1 1 5 1 1 6 1 1 1 1 1 1 1 1 1 1 1 1 |1 1 1 1 1 1 1 |4 1 1 1 1 1 2 1 1 1 4 1 1 1 1 1 1 1 |1 1 1 1 1 1 1 1 1 1 1 1 3 1 1 3 1 1 1 |1 1 1 1 1 2 |1 1 1 1 1 1 1 1 1 1 |1 1 1 1 1 4 1 1 1 1 5 1 1 6 1 1 1 1 1 |1 1 6 6 1 4 1 5 4 |3 1 1 1 4 1 |4 1 5 1 1 1 1 1 1 1 3 1 1 1 1 1 1 |6 1 1 1 1 1 1 1 1 1 1 1 1 1 |1 1 1 1 1 1 1 1 |1 1 1 5 1 1 1 |6 1 1 1 1 1 1 1 1 1 1 1 1 1 2 1 |1 1 1 1 1 1 1 1 1 5 1 1 1 1 1 |1 4 1 1 1 3 1 1 1 1 1 1 1 1 3 1 2 1 |1 1 1 1 1 1 1 1 1 1 1 6 1 1 6 1 |1 1 1 6 1 1 1 1 1 1 1 1 1 1 |2 1 2 1 1 1 1 1 1 |1 3 1 1 6 5 1 3 5 1 1 2 1 1 1 1 1 1 4 1 |1 1 1 1 1 1 1 1 1 1 1 1 1 |5 1 1 1 1 1 1 1 1 3 1 1 2 1 1 1 1 1 1 1 |1 1 1 1 1 1 |6 1 1 1 1 1 6 1 1 1 1 1 |
最佳适应度：
104.39957749478803

===============第47个全局最优解================
最佳代数：
9713
最佳分配：
1 1 1 1 1 1 1 1 1 2 1 1 1 5 1 6 3 1 |1 1 1 4 1 1 1 2 1 4 1 |3 1 1 1 1 5 1 4 1 1 1 1 |1 1 1 1 2 1 4 1 1 1 3 4 1 1 1 1 |1 1 1 1 1 1 1 1 5 1 |1 1 1 1 1 3 1 1 2 1 1 1 1 3 1 5 1 |1 1 1 1 1 5 1 3 1 1 1 1 1 1 1 1 1 1 |1 1 1 1 1 1 1 |5 1 2 1 1 5 1 1 1 1 3 1 1 1 1 2 1 1 |1 1 1 1 1 1 4 2 1 1 1 1 1 1 1 1 1 1 1 |1 1 1 1 1 1 |1 1 1 1 1 1 1 1 1 1 |1 1 1 6 1 1 1 1 1 1 5 1 4 1 1 1 6 1 1 |1 1 4 6 1 1 1 6 1 |4 1 1 1 6 1 |1 1 3 1 1 2 1 1 1 1 5 1 1 1 1 1 1 |5 1 1 1 1 1 5 1 1 1 1 1 1 1 |2 1 1 1 1 1 1 1 |1 1 1 6 1 1 1 |1 1 1 1 1 1 1 1 1 1 1 1 1 1 1 1 |1 1 1 1 3 4 1 1 1 1 1 1 1 1 1 |1 5 1 1 1 1 1 1 1 1 1 1 1 1 1 1 1 4 |1 1 1 1 1 1 1 1 1 1 1 4 2 1 1 1 |1 1 1 6 1 1 1 1 1 1 1 1 1 1 |5 1 1 1 1 1 1 1 1 |1 1 1 1 5 6 2 1 5 1 1 1 1 1 1 1 1 1 5 1 |3 5 1 1 1 1 1 1 1 1 1 1 1 |1 1 1 1 1 1 1 1 1 1 1 6 3 1 1 1 1 1 1 1 |1 1 1 1 4 6 |1 1 1 1 1 1 5 1 1 1 1 1 |
最佳适应度：
107.65010345950736

===============第48个全局最优解================
最佳代数：
9983
最佳分配：
1 1 1 1 1 1 2 1 1 1 1 1 1 4 1 4 1 1 |1 1 1 4 1 3 2 5 1 1 1 |1 1 1 1 1 6 1 6 1 1 1 1 |1 1 1 1 1 1 3 1 1 1 4 1 1 1 1 1 |1 1 1 1 1 1 1 1 4 1 |4 1 1 1 1 1 2 1 1 1 1 1 1 1 1 5 1 |1 1 1 1 1 5 1 1 1 4 1 1 1 1 1 6 2 1 |1 1 5 1 1 1 3 |1 1 1 1 1 1 1 1 1 1 1 1 1 1 1 1 1 1 |1 1 1 1 1 1 1 1 1 4 1 1 1 1 1 1 1 1 1 |1 1 1 1 1 5 |1 1 1 1 1 1 1 1 1 1 |1 1 1 5 1 6 1 1 1 1 6 1 1 6 1 1 5 1 1 |1 1 4 6 2 3 1 6 1 |1 1 1 1 3 1 |1 1 1 1 1 1 1 1 1 1 5 1 1 1 1 1 1 |4 1 1 5 1 1 1 1 1 1 1 1 1 1 |1 1 1 1 5 1 1 4 |1 1 1 5 1 1 1 |1 1 4 1 1 1 1 1 1 1 1 1 1 3 1 1 |1 1 1 1 1 3 1 1 1 1 1 1 1 1 1 |1 6 1 1 1 6 1 1 1 1 1 1 1 3 1 1 1 1 |1 1 1 1 1 1 1 1 5 1 1 5 1 1 1 1 |1 1 1 1 1 1 1 1 1 1 1 1 1 1 |6 1 1 1 1 1 5 1 1 |1 1 1 1 6 6 1 1 3 1 1 1 1 1 1 1 1 1 5 1 |1 1 1 1 1 1 1 1 1 1 1 1 1 |1 1 1 1 1 1 1 1 1 1 1 2 1 4 1 1 1 1 1 1 |1 2 1 1 2 4 |1 1 1 3 1 1 5 1 1 1 1 1 |
最佳适应度：
105.45944082293136

===============第49个全局最优解================
最佳代数：
9985
最佳分配：
1 1 1 1 1 1 2 1 1 1 4 1 1 4 1 6 1 1 |1 1 1 1 1 4 1 5 1 1 1 |6 1 1 1 1 4 1 5 1 1 1 1 |3 1 1 1 5 1 6 1 4 4 4 1 1 1 1 1 |1 1 1 1 1 1 1 1 4 1 |3 1 1 1 1 3 1 1 2 1 1 1 1 1 1 6 1 |1 4 1 1 1 5 1 1 1 1 1 1 4 1 1 1 1 1 |1 1 1 1 1 1 1 |1 1 1 1 1 3 1 1 1 1 2 1 1 1 1 1 1 1 |1 1 1 4 1 1 1 1 1 1 1 1 1 1 1 1 1 1 1 |1 1 1 1 1 1 |1 1 1 1 1 1 1 1 1 1 |2 1 1 4 1 4 1 1 1 3 4 1 4 1 1 1 1 1 1 |1 1 1 6 1 4 1 4 1 |2 1 1 1 1 1 |1 1 6 1 1 1 1 1 1 1 5 1 1 1 1 1 1 |2 1 1 1 1 3 1 1 1 1 2 1 1 1 |1 1 1 1 1 1 1 1 |1 1 1 6 1 1 1 |1 1 1 1 1 1 1 1 1 1 1 1 1 1 1 1 |1 1 1 1 1 1 1 1 4 1 1 1 1 1 1 |1 3 1 1 1 1 1 1 1 1 1 1 1 6 1 1 1 1 |1 1 1 1 1 1 1 1 5 1 1 5 1 4 1 1 |1 2 3 1 1 1 1 1 1 1 1 1 1 1 |6 1 1 1 1 1 1 1 1 |1 1 1 1 5 6 1 1 4 1 1 1 1 1 1 1 1 5 5 1 |1 1 1 1 1 1 1 1 4 1 1 1 1 |1 1 1 2 1 5 1 1 1 1 1 1 5 3 4 1 1 1 1 1 |1 1 1 1 3 3 |3 1 1 1 1 1 3 1 1 1 1 1 |
最佳适应度：
104.26023023263667

===============第50个全局最优解================
最佳代数：
9919
最佳分配：
1 1 1 1 1 1 1 1 1 1 1 1 1 1 3 4 3 1 |1 1 1 6 1 1 1 5 1 1 1 |1 1 1 1 1 3 1 4 1 1 1 1 |2 1 1 1 4 1 5 1 1 1 4 1 1 1 1 1 |2 1 1 1 1 1 1 1 3 1 |5 1 1 1 1 1 1 1 1 2 1 1 1 1 1 4 1 |1 1 1 1 1 5 1 1 1 1 1 1 1 1 1 2 4 1 |1 1 1 1 1 1 1 |1 1 2 1 2 1 1 1 1 1 4 1 1 1 2 1 4 1 |1 1 1 1 1 1 1 1 1 3 1 1 1 4 1 1 1 1 1 |1 1 1 1 1 3 |1 1 1 1 1 1 1 1 1 1 |4 1 1 6 1 1 1 1 1 1 5 1 1 1 1 1 1 1 1 |1 1 5 1 1 4 4 6 1 |3 1 1 1 4 1 |3 1 5 1 1 1 1 1 1 1 3 5 1 1 1 1 1 |4 1 1 1 1 1 1 1 1 1 1 1 1 1 |1 1 1 1 1 1 1 1 |1 1 1 5 1 1 1 |1 1 1 1 1 1 1 1 1 1 1 1 1 1 1 2 |1 1 1 1 1 1 1 1 1 5 1 1 1 1 1 |1 5 1 1 1 4 3 1 1 1 3 1 1 4 2 1 2 4 |1 1 1 1 3 1 1 1 5 1 1 4 1 1 1 1 |1 1 1 3 1 1 1 1 1 1 1 1 3 1 |5 1 1 1 1 1 1 1 1 |1 1 1 1 4 4 1 3 3 3 1 1 1 1 1 1 1 1 5 2 |1 1 1 1 1 1 1 1 4 1 1 1 1 |3 1 1 1 1 1 1 1 1 2 1 3 3 1 4 1 1 1 1 1 |1 1 1 1 1 5 |1 1 1 2 1 1 6 1 1 1 1 1 |
最佳适应度：
103.56401694291816

===============第51个全局最优解================
最佳代数：
9089
最佳分配：
1 1 1 1 1 1 1 1 1 1 1 5 1 5 1 6 1 1 |1 1 1 4 1 6 1 5 1 1 1 |5 1 1 1 1 1 1 6 3 1 1 1 |1 1 1 1 6 1 1 1 5 4 3 1 1 1 1 1 |1 1 1 1 1 1 3 1 4 1 |1 1 1 1 1 4 1 1 1 1 1 1 1 1 1 5 1 |1 1 1 1 1 1 1 3 1 1 1 1 1 1 1 1 1 1 |1 1 2 1 1 1 1 |2 1 1 1 1 1 1 1 1 1 5 1 1 1 1 1 1 1 |3 1 1 1 1 1 1 1 1 1 1 1 1 1 1 1 1 4 1 |1 1 1 1 1 1 |1 2 1 1 1 1 1 1 1 1 |1 1 1 5 1 4 1 1 1 1 6 1 1 1 1 1 6 1 1 |1 1 5 6 1 1 3 5 4 |1 1 1 1 5 1 |1 1 3 1 1 1 1 5 1 1 1 1 1 1 1 1 1 |5 1 1 1 1 1 5 1 1 1 1 1 1 1 |1 1 1 1 1 1 1 1 |1 1 1 6 1 1 1 |1 1 1 1 1 1 1 1 1 1 1 1 1 1 1 1 |1 1 1 1 1 1 4 1 2 1 3 1 1 1 1 |1 6 1 1 1 1 3 1 1 1 1 1 1 1 1 1 1 1 |1 1 1 1 1 1 1 1 5 1 1 5 1 1 1 4 |1 1 1 1 1 1 1 1 1 1 1 1 3 1 |6 1 1 1 1 1 1 3 1 |1 1 1 1 1 6 1 1 6 1 1 1 1 1 1 1 1 1 4 1 |4 1 1 1 1 1 1 1 1 1 1 1 1 |6 1 1 1 1 1 1 1 1 1 1 2 4 1 1 1 1 1 1 1 |1 1 1 1 1 5 |1 1 1 1 1 1 4 1 1 1 1 1 |
最佳适应度：
105.39044014251085

===============第52个全局最优解================
最佳代数：
9961
最佳分配：
1 1 1 1 1 1 4 1 1 1 1 1 1 5 1 6 4 1 |1 1 1 5 1 1 1 6 1 2 1 |1 1 1 2 1 6 1 5 1 1 1 1 |1 1 1 1 1 1 3 1 1 3 5 1 1 1 1 1 |1 1 1 1 1 1 1 1 6 1 |1 1 1 1 1 1 1 1 1 1 1 1 1 3 1 4 1 |1 1 1 1 1 4 5 1 1 5 2 1 6 1 1 1 1 1 |1 1 1 1 1 2 4 |1 1 1 1 4 1 1 1 1 1 2 1 1 1 1 1 1 1 |1 1 1 4 1 1 1 1 1 1 1 1 1 1 1 1 1 1 1 |1 1 1 1 1 4 |1 1 1 3 1 1 1 1 1 1 |1 1 1 1 1 5 1 1 1 1 5 1 5 6 1 4 2 1 1 |1 1 1 5 1 1 1 6 1 |1 1 1 1 4 1 |2 1 1 1 1 1 2 1 1 1 1 5 1 1 1 1 1 |3 1 1 1 1 1 5 1 1 1 1 1 1 1 |1 1 1 1 1 1 1 1 |1 5 1 4 1 1 1 |1 1 1 1 1 1 1 1 1 1 1 2 1 1 1 1 |1 1 1 1 1 1 1 1 1 1 1 1 1 1 1 |1 5 1 1 1 1 1 1 2 1 3 1 1 2 1 2 1 1 |1 1 1 1 4 3 1 1 1 2 1 6 1 1 2 3 |1 1 1 1 1 1 1 1 1 1 1 1 4 1 |6 1 1 1 1 1 1 1 1 |1 1 1 1 5 5 1 1 1 1 1 1 1 1 1 1 1 1 6 1 |1 1 1 1 1 1 1 1 1 1 1 1 1 |1 1 1 1 1 1 1 1 1 1 1 1 5 1 1 1 1 1 1 1 |1 1 1 1 5 4 |1 1 1 1 1 1 6 1 1 1 1 1 |
最佳适应度：
103.6079890596165

===============第53个全局最优解================
最佳代数：
9367
最佳分配：
1 1 1 1 1 1 1 1 1 1 1 1 1 5 1 6 1 1 |1 1 1 1 1 1 1 4 1 1 1 |4 1 1 1 1 2 1 5 1 4 1 1 |1 1 1 1 4 1 3 1 1 3 1 5 1 1 1 1 |1 1 1 1 1 1 1 1 1 1 |1 2 1 1 1 1 1 1 2 1 1 1 1 6 1 4 1 |1 1 4 1 1 3 4 1 1 4 1 1 1 1 1 1 6 1 |1 1 1 1 3 1 1 |1 2 5 1 1 1 1 1 1 2 1 1 1 1 1 1 1 1 |1 1 1 6 1 1 4 1 1 1 1 1 1 1 1 1 1 1 1 |1 1 1 1 1 5 |1 1 1 1 1 1 1 1 1 1 |1 1 1 5 1 4 2 1 1 1 4 1 4 3 2 1 1 1 1 |1 1 6 6 1 1 1 1 1 |1 1 1 1 3 1 |1 1 1 1 1 1 1 1 1 1 1 1 1 1 1 1 1 |6 5 1 1 1 1 2 1 1 1 3 1 1 1 |1 1 1 1 1 1 1 1 |1 1 1 6 1 1 1 |1 1 1 1 1 1 1 1 3 1 1 1 1 1 1 1 |1 1 1 1 1 1 1 1 1 1 1 1 1 1 1 |1 6 1 2 1 1 1 1 1 1 3 1 1 1 1 1 1 1 |1 1 2 1 1 1 1 1 2 3 1 5 1 1 4 1 |1 1 1 1 1 1 1 1 1 1 1 1 4 1 |5 1 1 1 1 1 1 3 1 |1 1 1 1 4 4 1 1 5 1 1 1 1 1 1 1 5 4 4 1 |1 1 1 1 1 1 1 2 1 1 1 1 1 |5 1 1 1 1 4 1 1 1 1 1 1 1 3 1 1 1 1 1 1 |1 1 1 3 1 6 |4 1 1 1 1 1 3 1 1 2 1 1 |
最佳适应度：
101.76639705105852

===============第54个全局最优解================
最佳代数：
9807
最佳分配：
1 1 1 1 1 1 1 1 1 1 1 5 1 4 1 6 1 1 |1 1 1 6 1 1 1 5 1 1 1 |1 1 1 1 1 1 1 5 1 1 2 1 |1 1 1 1 2 1 1 1 1 6 3 1 1 4 1 1 |1 1 3 1 1 1 1 1 3 1 |5 1 1 1 1 1 1 1 1 1 1 1 1 6 3 5 1 |1 3 1 1 1 1 1 1 6 1 1 1 1 3 1 1 1 1 |1 1 1 1 1 1 1 |1 1 1 1 1 2 1 1 1 1 1 1 1 1 1 1 5 1 |1 1 1 1 1 1 4 1 1 3 1 1 1 1 1 1 1 1 1 |1 1 1 1 1 4 |1 1 1 1 1 1 1 1 1 1 |1 1 1 1 1 5 2 1 1 1 5 1 1 1 1 1 1 1 1 |1 1 1 6 1 5 1 6 1 |1 1 1 1 5 1 |1 1 4 1 1 1 1 1 1 1 1 1 1 1 1 1 1 |1 1 1 4 1 1 1 1 1 1 1 1 1 1 |1 1 1 1 1 1 1 1 |1 1 1 5 1 1 1 |1 1 3 1 1 1 1 1 1 1 1 1 1 1 1 1 |1 1 1 1 1 1 1 1 1 1 4 1 2 1 3 |1 3 1 1 1 5 1 1 1 1 1 1 1 4 1 1 1 1 |1 1 1 1 1 1 1 1 1 1 1 6 1 1 2 4 |1 1 1 1 1 1 1 1 1 1 1 1 5 1 |6 1 1 1 1 1 1 1 1 |1 1 1 1 6 6 1 1 1 1 1 1 1 1 1 1 1 1 5 1 |1 1 1 1 1 1 1 1 1 1 1 1 1 |6 4 1 1 1 1 1 1 3 1 5 3 6 1 1 1 1 1 1 1 |1 1 1 3 3 6 |1 1 1 1 1 1 6 1 1 1 1 1 |
最佳适应度：
104.25994586820167

===============第55个全局最优解================
最佳代数：
10069
最佳分配：
2 1 1 3 1 1 1 1 1 1 1 1 1 4 1 6 1 1 |1 1 1 4 1 4 1 1 1 4 1 |1 3 1 1 1 1 1 6 1 1 1 1 |1 1 1 1 6 1 5 1 1 2 1 4 1 1 1 1 |1 1 1 1 1 1 1 1 4 1 |1 1 1 1 2 1 1 1 1 1 1 1 1 1 1 1 1 |1 1 1 1 1 4 1 1 4 1 1 1 1 1 1 1 5 1 |1 1 1 1 1 1 6 |1 1 1 1 1 1 1 1 1 1 1 1 1 1 1 2 5 1 |3 1 4 1 1 1 2 1 1 1 1 1 1 1 1 1 1 4 1 |1 1 1 1 3 5 |1 1 1 1 1 1 1 1 1 2 |1 1 1 1 1 1 1 1 1 1 4 1 1 6 1 1 4 1 1 |1 1 6 6 1 4 1 5 1 |1 1 1 1 1 1 |1 1 1 1 1 1 1 1 1 1 4 1 1 1 1 1 1 |5 1 1 1 1 1 4 1 1 1 1 1 1 1 |1 1 1 1 1 1 1 5 |1 1 1 6 1 1 1 |1 1 1 1 1 1 1 2 1 1 1 4 1 1 1 1 |1 1 1 2 1 1 1 1 1 1 1 1 1 1 1 |1 6 1 1 1 1 1 1 2 1 1 1 1 4 1 1 1 1 |1 1 1 1 1 1 1 1 6 1 1 2 1 1 1 5 |1 1 1 1 1 1 1 1 1 1 1 1 1 1 |5 1 1 1 1 1 1 1 1 |1 1 1 1 5 6 1 1 1 1 1 1 1 1 1 1 1 1 4 1 |2 1 1 1 1 1 1 1 1 3 1 1 1 |4 1 1 1 1 4 1 1 1 1 1 4 4 1 1 1 1 1 1 1 |1 1 1 1 1 5 |5 1 1 1 1 1 5 6 1 1 1 1 |
最佳适应度：
103.98591967699076

===============第56个全局最优解================
最佳代数：
9823
最佳分配：
1 2 1 1 1 1 1 1 1 1 1 1 1 1 1 5 1 1 |1 1 1 5 3 1 1 1 1 1 1 |1 1 1 1 1 1 1 5 1 2 1 1 |3 1 1 1 5 1 4 1 1 6 5 6 1 1 1 1 |1 1 1 5 1 1 1 1 1 1 |5 1 1 1 1 2 1 1 1 1 1 1 1 5 1 1 1 |1 2 1 1 1 3 1 1 1 1 1 1 5 1 2 1 1 1 |1 1 2 1 1 1 1 |4 1 1 1 1 1 1 1 1 1 1 1 1 1 1 1 1 1 |1 1 1 1 1 1 1 1 1 4 4 1 1 1 1 1 1 1 1 |1 1 2 1 1 1 |1 1 2 1 1 1 1 1 2 1 |1 1 1 1 1 2 1 1 1 1 6 1 1 1 1 1 4 1 1 |1 1 2 6 1 1 1 5 6 |1 1 1 1 5 1 |1 1 1 1 1 1 1 1 5 1 2 1 1 1 1 1 2 |6 1 1 1 1 1 1 1 1 1 1 1 1 1 |1 1 1 1 1 1 1 1 |1 1 1 6 1 1 1 |3 2 1 1 1 1 1 1 1 1 1 1 1 2 1 1 |1 1 1 1 1 1 1 1 1 1 1 1 1 1 1 |1 6 1 1 1 4 1 1 1 1 1 1 1 4 1 1 1 1 |1 1 1 1 4 1 1 1 6 1 1 1 1 1 1 1 |1 3 1 5 1 1 1 1 1 1 1 1 1 1 |5 1 1 1 1 1 1 1 1 |1 1 2 1 5 6 1 1 4 1 1 1 1 1 1 1 1 3 1 1 |1 1 1 1 1 1 1 3 1 1 1 1 1 |2 1 4 1 1 6 1 1 1 1 6 3 5 1 1 1 1 1 1 1 |1 1 1 1 1 6 |5 1 1 1 1 1 4 1 1 1 1 1 |
最佳适应度：
104.15211883656643

===============第57个全局最优解================
最佳代数：
9597
最佳分配：
1 2 1 1 1 1 1 1 1 1 1 1 1 4 1 5 2 1 |1 1 1 5 2 1 1 5 1 1 1 |1 1 1 1 1 2 1 1 1 1 1 1 |3 1 1 1 2 1 1 1 1 1 5 5 1 1 1 1 |1 1 4 4 1 1 1 1 6 2 |6 1 1 1 1 1 1 1 1 1 1 1 1 3 1 5 1 |1 1 1 1 1 1 1 1 3 1 1 1 1 1 1 1 4 1 |1 1 3 1 1 1 4 |1 1 1 1 1 4 1 1 1 1 5 1 1 1 1 1 1 1 |1 1 1 1 1 1 1 1 1 5 1 1 1 1 1 1 1 1 1 |1 1 1 1 1 2 |1 1 1 1 1 1 1 1 1 1 |4 1 1 5 1 5 1 1 1 2 4 1 2 1 1 1 6 1 1 |1 1 5 4 1 1 1 4 1 |3 1 1 1 1 1 |1 1 1 1 1 1 1 1 1 1 1 1 1 1 1 1 1 |5 1 1 1 1 1 2 1 1 1 1 1 1 1 |1 1 1 1 1 1 1 3 |1 1 1 5 2 1 1 |4 1 5 1 1 1 1 1 1 1 1 1 1 1 1 3 |1 1 1 1 1 1 1 1 1 2 1 1 1 1 1 |1 6 1 1 1 1 1 1 1 1 5 1 1 1 1 1 1 3 |1 1 1 1 4 1 1 1 1 1 1 5 1 1 1 5 |1 1 1 4 1 1 1 1 1 1 1 1 1 1 |6 1 1 1 1 1 3 1 1 |1 1 1 1 6 1 1 1 1 1 1 1 1 1 1 1 1 3 5 1 |1 1 1 1 1 1 3 1 5 1 1 1 1 |4 1 1 1 1 5 1 1 1 1 1 1 6 1 1 1 1 1 1 1 |1 1 1 1 4 6 |1 1 1 1 1 1 1 1 1 1 1 1 |
最佳适应度：
104.78716684443896

===============第58个全局最优解================
最佳代数：
10021
最佳分配：
1 1 1 1 1 2 1 3 1 1 1 1 1 1 1 5 4 1 |1 1 1 4 1 4 1 4 1 1 1 |1 1 1 1 1 2 2 4 1 1 1 1 |2 1 1 1 1 1 4 1 1 4 5 4 1 1 1 1 |1 1 1 1 1 4 1 1 3 1 |5 1 1 1 1 1 1 1 1 1 1 1 2 1 1 4 1 |1 1 1 1 1 1 1 1 1 4 1 1 1 1 1 1 1 1 |1 1 1 1 1 1 1 |1 1 2 1 3 3 1 1 2 1 5 1 1 1 1 3 5 1 |3 1 1 2 1 1 1 1 1 5 1 1 1 1 1 1 1 1 1 |1 2 2 1 1 1 |1 1 1 1 1 1 1 1 1 1 |1 1 1 6 1 6 4 1 1 1 1 1 1 4 1 1 3 1 1 |3 1 6 6 1 1 1 5 1 |1 1 5 1 1 1 |3 1 1 1 1 1 2 1 1 1 2 3 2 1 1 1 1 |3 1 1 1 1 1 5 1 1 1 1 1 1 1 |1 1 1 2 1 1 1 1 |1 1 1 1 1 1 1 |3 1 2 1 1 1 1 1 2 1 2 1 1 1 1 1 |1 1 1 1 1 1 1 1 4 1 1 1 1 1 1 |1 6 1 1 1 1 1 1 1 1 3 1 1 3 1 1 1 1 |1 1 1 1 6 1 1 1 1 1 1 6 1 1 1 3 |1 1 1 4 1 1 1 1 1 1 1 6 1 1 |2 1 1 1 1 1 1 4 1 |1 1 1 1 1 6 1 1 5 1 1 1 1 1 1 1 1 4 1 1 |1 1 1 1 1 1 2 1 1 2 1 1 1 |1 1 1 2 1 1 1 1 1 1 1 1 1 1 1 1 1 1 1 1 |1 1 1 1 4 6 |1 1 1 1 1 1 5 1 1 1 1 1 |
最佳适应度：
102.19132163443403

===============第59个全局最优解================
最佳代数：
9919
最佳分配：
1 1 1 1 1 1 1 1 1 1 1 1 1 4 1 3 6 1 |1 1 1 1 5 3 1 2 1 1 1 |1 1 1 1 1 4 2 4 1 1 1 1 |4 1 1 1 6 1 6 1 1 6 6 1 1 1 1 1 |1 2 1 1 1 1 1 1 6 1 |6 1 1 1 3 1 1 1 1 1 1 1 1 1 1 1 1 |1 1 1 1 1 4 1 1 5 1 1 1 4 1 1 1 1 1 |1 1 1 1 1 1 1 |3 1 1 1 1 1 1 1 1 1 1 1 1 1 1 1 1 1 |1 1 1 3 1 1 1 1 1 4 1 1 1 1 1 1 1 1 1 |1 5 1 1 1 4 |1 1 1 1 1 1 1 1 1 1 |1 1 1 6 1 1 1 1 1 1 6 1 1 1 1 1 1 1 1 |1 1 4 5 1 1 1 6 1 |1 1 1 1 6 1 |1 1 5 1 1 2 3 2 1 1 6 1 1 1 1 1 1 |5 1 1 1 1 1 3 1 1 1 1 1 4 1 |6 1 1 1 1 1 1 1 |1 1 1 5 1 1 1 |1 1 2 3 1 1 1 1 1 1 1 1 1 1 1 1 |1 1 1 1 1 1 1 1 1 1 1 1 1 1 1 |1 5 1 1 1 1 1 1 1 1 4 1 1 1 1 1 1 1 |1 1 1 1 1 1 1 1 4 1 1 6 1 1 1 1 |1 1 1 1 1 1 1 1 1 1 1 1 1 1 |5 1 1 1 1 1 1 1 1 |1 1 1 1 6 6 1 1 1 1 1 1 1 1 1 1 1 1 1 1 |1 2 1 1 1 1 1 1 1 1 1 1 1 |1 1 6 1 1 5 1 1 1 1 1 1 6 1 1 1 1 1 1 1 |1 1 1 1 1 5 |1 1 1 1 1 1 4 1 4 1 1 1 |
最佳适应度：
103.90120919651054

===============第60个全局最优解================
最佳代数：
10067
最佳分配：
1 1 1 1 1 2 1 1 1 1 1 1 1 5 1 6 1 1 |1 1 1 1 1 1 1 5 1 1 1 |2 1 1 1 1 2 1 5 2 1 1 1 |1 1 1 1 4 1 6 1 1 1 5 6 1 1 1 1 |1 1 1 1 1 1 1 1 3 1 |4 1 1 1 1 1 1 1 1 1 1 1 1 2 1 5 1 |1 1 1 1 1 5 5 1 1 2 1 1 1 1 1 1 2 1 |1 1 1 1 1 1 6 |1 1 1 1 3 1 1 1 1 1 5 1 1 1 1 1 1 1 |1 1 1 1 1 1 1 1 1 3 1 1 1 1 1 1 1 1 1 |1 1 1 1 1 6 |1 1 1 1 1 1 1 1 1 1 |1 1 1 4 1 1 1 1 1 1 1 1 1 1 1 1 5 1 1 |1 1 4 6 1 1 1 5 3 |1 1 1 1 4 1 |1 1 6 1 1 1 1 1 1 1 4 3 1 1 1 1 1 |6 1 1 1 1 1 2 1 1 1 1 1 1 1 |1 1 1 1 1 1 1 1 |1 1 1 4 1 1 1 |1 1 1 1 1 1 1 1 2 1 1 2 1 1 1 1 |1 1 1 1 1 1 1 1 1 2 3 1 1 1 1 |1 4 1 1 1 5 1 1 1 1 2 1 1 3 1 1 1 1 |1 1 1 1 1 1 1 1 1 1 1 6 1 1 4 4 |1 1 1 6 1 1 1 1 1 1 1 1 4 1 |5 1 1 1 1 1 1 1 1 |1 1 1 1 6 5 1 1 5 1 1 1 1 1 1 1 1 1 6 1 |1 1 1 1 1 1 1 1 1 1 1 1 1 |1 1 5 1 1 5 1 1 1 1 3 3 4 1 1 1 1 1 1 1 |1 1 1 2 1 6 |1 1 1 1 1 1 4 1 1 1 1 1 |
最佳适应度：
108.16787026481167

最大适应度：109.82075884633124
最小适应度：100.54483277226984
平均适应度：104.60423168122027
估计标准差值：1.7275246389108607
最佳分配：
1 1 1 1 1 1 1 1 1 1 1 1 1 6 1 6 1 1 |1 1 1 6 1 1 1 1 1 1 1 |1 1 1 1 1 1 1 6 1 1 1 1 |1 1 1 1 4 1 3 1 1 1 5 4 1 1 1 1 |1 1 1 1 1 1 1 1 3 1 |6 1 1 1 1 1 1 1 1 1 1 1 1 5 1 6 1 |1 1 1 1 1 5 1 1 1 1 1 1 5 1 1 1 1 1 |1 1 1 1 1 1 5 |1 1 1 1 1 1 1 1 1 1 4 1 1 1 1 1 1 1 |1 1 1 1 3 1 5 1 1 5 1 1 1 1 1 1 1 1 1 |1 1 1 1 1 3 |1 1 1 1 1 1 1 1 1 1 |1 1 1 6 1 4 1 1 1 4 5 1 1 2 1 1 3 1 1 |1 1 5 6 1 1 1 6 1 |1 1 1 1 1 1 |1 1 5 1 1 1 1 1 1 1 6 1 1 1 1 1 1 |5 1 1 1 1 1 3 1 1 1 1 1 1 1 |1 1 1 1 1 1 1 1 |1 1 1 6 1 1 1 |1 1 3 1 4 1 1 1 1 1 2 1 1 1 1 1 |1 1 1 1 1 1 1 1 1 2 1 1 1 1 1 |1 5 1 1 1 1 1 1 1 1 4 1 1 1 1 1 1 1 |1 1 1 1 1 1 1 1 6 1 1 6 1 1 1 1 |3 1 1 3 1 1 1 1 1 1 1 1 1 1 |6 1 1 1 1 1 3 1 1 |1 1 1 1 6 5 1 1 6 1 1 1 1 1 1 1 1 4 5 1 |1 1 1 1 1 1 1 1 1 1 1 1 1 |1 1 1 1 1 3 1 1 1 1 1 4 4 1 1 1 1 1 1 1 |1 1 1 2 1 4 |1 1 1 1 1 1 4 2 1 1 1 1 |
DNSPSO算法运行求解巡逻调度问题耗时：0小时，13分钟，23秒
