=============第1个最优解如下=============
最大目标值出现代数：
6704
最大目标值为：
11.373364311549023
最佳分配方案：
3 1 3 1 2 3 2 3 3 |2 2 1 2 3 2 |2 3 1 1 1 1 2 2 3 |1 1 2 1 1 3 2 2 2 1 3 |1 3 3 2 2 1 2 2 1 2 1 2 3 2 1 1 3 |

最大适应度：11.373364311549023
最小适应度：11.373364311549023
平均适应度：11.373364311549023
估计标准差值：NaN
最佳分配：
3 1 3 1 2 3 2 3 3 |2 2 1 2 3 2 |2 3 1 1 1 1 2 2 3 |1 1 2 1 1 3 2 2 2 1 3 |1 3 3 2 2 1 2 2 1 2 1 2 3 2 1 1 3 |
GA算法运行求解巡逻调度问题耗时：0小时，0分钟，11秒
=============第1个最优解如下=============
最大目标值出现代数：
9201
最大目标值为：
11.047038438623154
最佳分配方案：
3 2 3 2 2 4 2 3 3 |2 2 1 2 2 2 |2 3 1 1 1 1 2 2 2 |1 1 2 1 1 3 2 2 2 1 3 |1 2 2 2 2 1 2 2 2 2 1 2 3 2 1 1 3 |

最大适应度：11.047038438623154
最小适应度：11.047038438623154
平均适应度：11.047038438623154
估计标准差值：NaN
最佳分配：
3 2 3 2 2 4 2 3 3 |2 2 1 2 2 2 |2 3 1 1 1 1 2 2 2 |1 1 2 1 1 3 2 2 2 1 3 |1 2 2 2 2 1 2 2 2 2 1 2 3 2 1 1 3 |
GA算法运行求解巡逻调度问题耗时：0小时，0分钟，12秒
=============第1个最优解如下=============
最大目标值出现代数：
6310
最大目标值为：
11.308261970939322
最佳分配方案：
3 2 3 1 2 3 2 3 3 |2 2 1 2 2 2 |2 3 1 1 1 1 2 2 3 |1 1 2 1 1 3 2 2 2 1 3 |1 3 2 2 2 1 2 2 2 2 1 2 3 2 1 1 3 |

最大适应度：11.308261970939322
最小适应度：11.308261970939322
平均适应度：11.308261970939322
估计标准差值：NaN
最佳分配：
3 2 3 1 2 3 2 3 3 |2 2 1 2 2 2 |2 3 1 1 1 1 2 2 3 |1 1 2 1 1 3 2 2 2 1 3 |1 3 2 2 2 1 2 2 2 2 1 2 3 2 1 1 3 |
GA算法运行求解巡逻调度问题耗时：0小时，0分钟，12秒
=============第1个最优解如下=============
最大目标值出现代数：
6928
最大目标值为：
11.144686571180602
最佳分配方案：
3 1 3 1 2 3 2 3 3 |2 2 1 2 3 2 |2 3 1 1 1 1 2 2 3 |1 1 2 1 1 3 2 2 2 1 3 |1 3 2 2 2 1 2 2 1 2 1 2 3 3 1 1 3 |

最大适应度：11.144686571180602
最小适应度：11.144686571180602
平均适应度：11.144686571180602
估计标准差值：NaN
最佳分配：
3 1 3 1 2 3 2 3 3 |2 2 1 2 3 2 |2 3 1 1 1 1 2 2 3 |1 1 2 1 1 3 2 2 2 1 3 |1 3 2 2 2 1 2 2 1 2 1 2 3 3 1 1 3 |
GA算法运行求解巡逻调度问题耗时：0小时，0分钟，12秒
=============第1个最优解如下=============
最大目标值出现代数：
8428
最大目标值为：
11.401581688372904
最佳分配方案：
3 1 3 1 2 3 2 3 3 |1 2 1 2 3 2 |2 3 1 1 1 1 2 3 3 |1 1 2 1 1 3 2 2 2 1 3 |1 3 2 2 2 1 2 2 1 2 1 2 3 3 1 1 3 |

最大适应度：11.401581688372904
最小适应度：11.401581688372904
平均适应度：11.401581688372904
估计标准差值：NaN
最佳分配：
3 1 3 1 2 3 2 3 3 |1 2 1 2 3 2 |2 3 1 1 1 1 2 3 3 |1 1 2 1 1 3 2 2 2 1 3 |1 3 2 2 2 1 2 2 1 2 1 2 3 3 1 1 3 |
GA算法运行求解巡逻调度问题耗时：0小时，0分钟，13秒
=============第1个最优解如下=============
最大目标值出现代数：
7478
最大目标值为：
11.229039548216894
最佳分配方案：
3 2 3 1 2 3 2 3 3 |2 2 1 2 2 2 |2 3 1 1 1 1 2 2 3 |1 1 2 1 1 3 2 2 2 1 3 |1 3 2 2 2 1 2 2 2 2 1 2 3 2 1 1 3 |

最大适应度：11.229039548216894
最小适应度：11.229039548216894
平均适应度：11.229039548216894
估计标准差值：NaN
最佳分配：
3 2 3 1 2 3 2 3 3 |2 2 1 2 2 2 |2 3 1 1 1 1 2 2 3 |1 1 2 1 1 3 2 2 2 1 3 |1 3 2 2 2 1 2 2 2 2 1 2 3 2 1 1 3 |
GA算法运行求解巡逻调度问题耗时：0小时，0分钟，13秒
=============第1个最优解如下=============
最大目标值出现代数：
2243
最大目标值为：
11.163224306435795
最佳分配方案：
3 1 2 2 2 3 2 3 3 |2 2 1 2 2 2 |2 3 1 1 1 1 2 2 2 |1 1 2 1 1 3 2 2 2 1 3 |1 3 2 2 2 1 2 2 2 2 2 2 3 2 1 2 3 |

最大适应度：11.163224306435795
最小适应度：11.163224306435795
平均适应度：11.163224306435795
估计标准差值：NaN
最佳分配：
3 1 2 2 2 3 2 3 3 |2 2 1 2 2 2 |2 3 1 1 1 1 2 2 2 |1 1 2 1 1 3 2 2 2 1 3 |1 3 2 2 2 1 2 2 2 2 2 2 3 2 1 2 3 |
GA算法运行求解巡逻调度问题耗时：0小时，0分钟，12秒
=============第1个最优解如下=============
最大目标值出现代数：
4942
最大目标值为：
11.261369016616044
最佳分配方案：
3 1 3 1 2 3 2 3 3 |1 2 1 2 3 2 |2 3 1 1 1 1 2 2 3 |1 1 2 1 1 3 2 2 2 1 3 |1 3 2 2 2 1 2 2 2 2 1 2 3 3 1 1 3 |

最大适应度：11.261369016616044
最小适应度：11.261369016616044
平均适应度：11.261369016616044
估计标准差值：NaN
最佳分配：
3 1 3 1 2 3 2 3 3 |1 2 1 2 3 2 |2 3 1 1 1 1 2 2 3 |1 1 2 1 1 3 2 2 2 1 3 |1 3 2 2 2 1 2 2 2 2 1 2 3 3 1 1 3 |
GA算法运行求解巡逻调度问题耗时：0小时，0分钟，12秒
=============第1个最优解如下=============
最大目标值出现代数：
7772
最大目标值为：
11.395996919342585
最佳分配方案：
3 1 3 1 2 3 2 3 4 |2 2 1 2 3 2 |2 3 1 1 1 1 2 2 3 |1 1 2 1 1 3 2 2 2 1 3 |1 3 2 2 2 1 2 2 1 2 1 2 3 2 1 1 3 |

最大适应度：11.395996919342585
最小适应度：11.395996919342585
平均适应度：11.395996919342585
估计标准差值：NaN
最佳分配：
3 1 3 1 2 3 2 3 4 |2 2 1 2 3 2 |2 3 1 1 1 1 2 2 3 |1 1 2 1 1 3 2 2 2 1 3 |1 3 2 2 2 1 2 2 1 2 1 2 3 2 1 1 3 |
GA算法运行求解巡逻调度问题耗时：0小时，0分钟，12秒
=============第1个最优解如下=============
最大目标值出现代数：
9366
最大目标值为：
11.257806302419432
最佳分配方案：
3 1 3 1 2 3 2 3 4 |2 2 1 2 3 2 |2 3 1 1 1 1 2 2 3 |1 1 2 1 1 3 2 2 2 1 3 |1 3 2 2 2 1 2 2 1 2 1 2 3 2 1 1 3 |

最大适应度：11.257806302419432
最小适应度：11.257806302419432
平均适应度：11.257806302419432
估计标准差值：NaN
最佳分配：
3 1 3 1 2 3 2 3 4 |2 2 1 2 3 2 |2 3 1 1 1 1 2 2 3 |1 1 2 1 1 3 2 2 2 1 3 |1 3 2 2 2 1 2 2 1 2 1 2 3 2 1 1 3 |
GA算法运行求解巡逻调度问题耗时：0小时，0分钟，11秒
