=============第1个最优解如下=============
最大目标值出现代数：
7490
最大目标值为：
11.298758001410501
最佳分配方案：
3 2 3 2 2 4 2 3 4 |2 2 1 2 2 2 |2 3 1 1 1 1 2 2 2 |1 1 2 1 1 3 2 2 2 1 3 |1 2 2 2 2 1 2 2 1 2 1 2 3 2 1 1 3 |

=============第2个最优解如下=============
最大目标值出现代数：
6317
最大目标值为：
10.906640619476528
最佳分配方案：
3 2 2 2 2 3 2 3 3 |2 2 2 2 2 2 |2 3 1 1 1 1 2 2 2 |2 1 2 1 1 3 2 2 2 1 2 |1 2 2 2 2 1 2 2 2 2 1 2 3 2 1 2 3 |

=============第3个最优解如下=============
最大目标值出现代数：
3936
最大目标值为：
11.190976974843856
最佳分配方案：
3 2 3 1 2 3 2 3 3 |2 2 1 2 2 2 |2 3 1 1 1 1 2 2 3 |1 1 2 1 1 3 2 2 2 1 3 |1 3 2 2 2 1 2 2 2 2 1 2 3 2 1 1 3 |

=============第4个最优解如下=============
最大目标值出现代数：
8588
最大目标值为：
11.181206881472201
最佳分配方案：
3 1 3 1 2 3 2 3 4 |2 2 2 2 2 2 |2 3 1 1 1 1 2 2 2 |1 1 2 1 1 3 2 2 2 1 3 |1 2 2 2 2 1 2 2 2 2 1 2 3 2 1 2 3 |

=============第5个最优解如下=============
最大目标值出现代数：
6700
最大目标值为：
11.334522404308647
最佳分配方案：
3 1 3 1 2 3 2 3 3 |1 2 1 2 3 2 |2 3 1 1 1 1 2 2 3 |1 1 2 1 1 3 2 2 2 1 3 |1 3 2 2 2 1 2 2 2 2 1 2 3 3 1 1 3 |

=============第6个最优解如下=============
最大目标值出现代数：
6489
最大目标值为：
10.978346780951595
最佳分配方案：
3 2 3 2 2 3 2 3 3 |2 2 1 2 2 2 |2 2 1 1 1 1 2 2 2 |2 1 2 1 1 3 2 2 2 1 3 |1 2 2 2 2 1 2 2 2 2 1 2 3 2 1 2 3 |

=============第7个最优解如下=============
最大目标值出现代数：
5614
最大目标值为：
11.105196633353223
最佳分配方案：
3 2 3 2 2 3 2 3 3 |2 2 1 2 2 2 |2 3 1 1 1 1 2 2 2 |1 1 2 1 1 3 2 2 2 1 3 |1 3 2 2 2 1 2 2 2 2 1 2 3 2 1 1 3 |

=============第8个最优解如下=============
最大目标值出现代数：
8633
最大目标值为：
11.354474222642652
最佳分配方案：
3 2 3 1 2 3 2 3 3 |2 2 1 2 2 2 |2 3 1 1 1 1 2 2 3 |1 1 2 1 1 3 2 2 2 1 3 |1 3 2 2 2 1 2 2 2 2 1 2 3 2 1 1 3 |

=============第9个最优解如下=============
最大目标值出现代数：
6188
最大目标值为：
11.232594445412554
最佳分配方案：
3 2 3 2 2 3 2 3 3 |2 2 1 2 2 2 |2 3 1 1 1 1 2 2 3 |1 1 2 1 1 3 2 2 2 1 2 |1 3 2 2 2 1 2 2 2 2 1 2 3 2 1 1 3 |

=============第10个最优解如下=============
最大目标值出现代数：
9196
最大目标值为：
11.336953541007457
最佳分配方案：
3 2 3 1 2 3 2 3 3 |2 2 1 2 2 2 |2 3 1 1 1 1 2 2 3 |1 1 2 1 1 3 2 2 2 1 3 |1 3 2 2 2 1 2 2 1 2 1 2 3 3 1 1 3 |

=============第11个最优解如下=============
最大目标值出现代数：
7392
最大目标值为：
11.497630257470657
最佳分配方案：
3 2 3 1 2 3 2 3 4 |2 2 1 2 2 2 |2 3 1 1 1 1 2 2 3 |1 1 2 1 1 3 2 2 2 1 3 |1 2 2 2 2 1 2 2 2 2 1 2 3 2 1 1 3 |

=============第12个最优解如下=============
最大目标值出现代数：
2414
最大目标值为：
11.163044090134541
最佳分配方案：
3 1 3 1 2 3 2 3 3 |2 2 1 2 3 2 |2 3 1 1 1 1 2 2 3 |1 1 2 1 1 3 2 2 2 1 3 |1 3 2 2 2 1 2 2 2 2 1 2 3 2 1 1 3 |

=============第13个最优解如下=============
最大目标值出现代数：
6578
最大目标值为：
11.230473172842062
最佳分配方案：
3 2 2 1 2 3 2 3 3 |2 2 1 2 3 2 |2 3 1 1 1 1 2 2 2 |2 1 2 1 1 3 2 2 2 1 3 |1 3 2 2 2 1 2 2 1 2 1 2 3 2 1 2 3 |

=============第14个最优解如下=============
最大目标值出现代数：
7327
最大目标值为：
11.349591430506045
最佳分配方案：
3 1 3 1 2 4 2 3 3 |2 2 1 2 2 2 |2 3 1 1 1 1 2 2 3 |1 1 2 1 1 3 2 2 2 1 3 |1 3 2 2 2 1 2 2 2 2 1 2 3 2 1 1 3 |

=============第15个最优解如下=============
最大目标值出现代数：
5817
最大目标值为：
11.34284169283774
最佳分配方案：
3 1 3 1 2 3 2 3 3 |2 2 1 2 3 2 |2 3 1 1 1 1 2 2 3 |1 1 2 1 1 3 2 2 2 1 3 |1 3 2 2 2 1 2 2 1 2 1 2 3 2 1 2 3 |

=============第16个最优解如下=============
最大目标值出现代数：
9011
最大目标值为：
11.310151346654328
最佳分配方案：
3 1 3 1 2 3 2 3 4 |1 2 1 2 2 2 |2 3 1 1 1 1 2 2 3 |1 1 2 1 1 3 2 2 2 1 3 |1 3 2 2 2 1 2 2 2 2 1 2 4 2 1 1 3 |

=============第17个最优解如下=============
最大目标值出现代数：
2315
最大目标值为：
11.71055624647275
最佳分配方案：
4 1 3 1 2 3 2 3 4 |1 2 1 2 3 2 |2 3 1 1 1 1 2 2 2 |1 1 2 1 1 3 2 2 2 1 3 |1 3 2 2 2 1 2 2 1 2 1 2 3 2 1 1 4 |

=============第18个最优解如下=============
最大目标值出现代数：
8603
最大目标值为：
11.178072825499727
最佳分配方案：
3 1 3 2 2 3 2 3 3 |2 2 1 2 3 2 |2 3 1 1 1 1 2 2 3 |1 1 2 1 1 3 2 2 2 1 2 |1 3 2 2 2 1 2 2 1 2 1 2 3 2 1 2 3 |

=============第19个最优解如下=============
最大目标值出现代数：
9234
最大目标值为：
11.316980819108649
最佳分配方案：
3 2 3 1 2 3 2 3 3 |2 2 1 2 3 2 |2 3 1 1 1 1 2 2 3 |1 1 2 1 1 3 2 2 2 1 3 |1 3 2 2 2 1 2 2 1 2 1 2 3 2 1 1 3 |

=============第20个最优解如下=============
最大目标值出现代数：
4520
最大目标值为：
11.319639462083497
最佳分配方案：
3 1 3 1 2 3 2 3 4 |2 2 1 2 2 2 |2 3 1 1 1 1 2 2 3 |1 1 2 1 1 3 2 2 2 1 3 |1 3 2 2 2 1 2 2 2 2 1 2 3 2 1 1 3 |

=============第21个最优解如下=============
最大目标值出现代数：
6559
最大目标值为：
10.985017447126467
最佳分配方案：
3 1 3 2 2 3 2 3 3 |2 2 1 2 2 2 |2 3 1 1 1 1 2 2 2 |1 1 2 1 1 3 2 2 2 1 3 |1 3 2 2 2 1 2 2 2 2 2 2 3 2 1 1 3 |

=============第22个最优解如下=============
最大目标值出现代数：
5806
最大目标值为：
10.95087326436927
最佳分配方案：
3 2 3 2 2 3 2 3 3 |2 2 2 2 2 2 |2 2 1 1 1 1 2 2 2 |2 1 2 1 1 3 2 2 2 1 2 |1 2 2 2 2 1 2 2 2 2 2 2 3 2 1 1 3 |

=============第23个最优解如下=============
最大目标值出现代数：
5739
最大目标值为：
11.13380247316609
最佳分配方案：
3 2 3 1 2 3 2 3 3 |2 2 1 2 2 2 |2 3 1 1 1 1 2 2 3 |1 1 2 1 1 3 2 2 2 1 3 |1 2 2 2 2 1 2 2 2 2 1 2 3 2 1 2 3 |

=============第24个最优解如下=============
最大目标值出现代数：
5989
最大目标值为：
11.133581285317794
最佳分配方案：
3 1 3 2 2 3 2 3 3 |2 2 1 2 2 2 |2 3 1 1 1 1 2 2 2 |2 1 2 1 1 3 2 2 2 1 3 |1 2 2 2 2 1 2 2 2 2 1 2 3 2 1 2 3 |

=============第25个最优解如下=============
最大目标值出现代数：
8935
最大目标值为：
11.298153730859635
最佳分配方案：
3 1 3 2 2 3 2 3 3 |2 2 1 2 2 2 |2 3 1 1 1 1 2 2 3 |1 1 2 1 1 3 2 2 2 1 3 |1 3 2 2 2 1 2 2 2 2 1 2 3 2 1 1 3 |

=============第26个最优解如下=============
最大目标值出现代数：
9823
最大目标值为：
11.167648985485316
最佳分配方案：
3 2 3 1 2 3 2 3 3 |2 2 1 2 2 2 |2 3 1 1 1 1 2 2 2 |1 1 2 1 1 3 2 2 2 1 3 |1 3 2 2 2 1 2 2 2 2 1 2 3 2 1 2 3 |

=============第27个最优解如下=============
最大目标值出现代数：
3658
最大目标值为：
11.384977719116685
最佳分配方案：
3 1 3 1 2 3 2 3 3 |1 2 1 2 3 2 |2 3 1 1 1 1 2 3 3 |1 1 1 1 1 3 2 2 2 1 3 |1 3 3 2 2 1 2 3 1 2 1 2 3 2 1 1 3 |

=============第28个最优解如下=============
最大目标值出现代数：
5895
最大目标值为：
11.254204395853423
最佳分配方案：
3 2 3 1 2 3 2 3 3 |2 2 2 2 2 2 |2 3 1 1 1 1 2 2 2 |1 1 2 1 1 3 2 2 2 1 3 |1 3 2 2 2 1 2 2 2 2 1 2 3 2 1 1 3 |

=============第29个最优解如下=============
最大目标值出现代数：
4181
最大目标值为：
11.164425431570583
最佳分配方案：
3 1 3 1 2 3 2 3 3 |2 2 1 2 3 2 |2 3 1 1 1 1 2 2 3 |1 1 2 2 1 3 2 2 2 1 3 |1 3 2 2 2 1 2 2 1 2 1 2 3 2 1 1 3 |

=============第30个最优解如下=============
最大目标值出现代数：
3773
最大目标值为：
11.436318718248593
最佳分配方案：
3 1 3 1 2 3 2 3 3 |2 2 1 2 3 2 |2 3 1 1 1 1 2 2 3 |1 1 2 1 1 3 2 2 2 1 3 |1 3 2 2 2 1 2 2 2 2 1 2 3 2 1 1 3 |

=============第31个最优解如下=============
最大目标值出现代数：
3867
最大目标值为：
11.19268675980598
最佳分配方案：
3 1 3 1 2 3 2 3 3 |2 2 1 2 3 2 |2 3 1 1 1 1 2 2 3 |1 1 2 1 1 3 2 2 2 1 3 |1 3 2 2 2 1 2 2 2 2 1 2 3 2 1 1 3 |

=============第32个最优解如下=============
最大目标值出现代数：
5349
最大目标值为：
11.211555652183565
最佳分配方案：
3 1 3 1 2 3 2 3 3 |2 2 1 2 3 2 |2 3 1 1 1 1 2 3 3 |1 1 2 1 1 3 2 2 2 1 3 |1 3 2 2 2 1 2 2 1 2 1 2 3 2 1 1 3 |

=============第33个最优解如下=============
最大目标值出现代数：
8117
最大目标值为：
11.502548027185703
最佳分配方案：
3 1 3 1 2 3 2 3 4 |2 2 1 2 3 2 |2 3 1 1 1 1 2 2 3 |1 1 2 1 1 3 2 2 2 1 3 |1 3 2 2 2 1 2 2 1 2 1 2 3 2 1 1 3 |

=============第34个最优解如下=============
最大目标值出现代数：
4068
最大目标值为：
11.195939042587058
最佳分配方案：
3 1 3 2 2 4 2 3 4 |2 2 1 2 2 2 |2 3 1 1 1 1 2 2 2 |1 1 2 1 1 3 2 2 2 1 2 |1 2 2 2 2 1 2 2 2 2 1 2 3 2 1 2 3 |

=============第35个最优解如下=============
最大目标值出现代数：
7515
最大目标值为：
11.62282655570887
最佳分配方案：
3 1 3 1 2 3 1 3 4 |1 2 1 2 3 2 |2 3 1 1 1 1 2 3 3 |1 1 1 1 1 3 2 2 2 1 3 |1 3 2 2 2 1 2 2 1 2 1 2 4 2 1 1 4 |

=============第36个最优解如下=============
最大目标值出现代数：
4561
最大目标值为：
11.336824167364666
最佳分配方案：
3 1 3 2 2 3 2 3 3 |2 2 1 2 2 2 |2 3 1 1 1 1 2 2 3 |1 1 2 1 1 3 2 2 2 1 3 |1 3 2 2 2 1 2 2 2 2 1 2 3 2 1 1 3 |

=============第37个最优解如下=============
最大目标值出现代数：
9039
最大目标值为：
11.083223618204848
最佳分配方案：
3 2 3 2 2 3 2 3 3 |2 2 1 2 2 2 |2 3 1 1 1 1 2 2 2 |1 1 2 1 1 3 2 2 2 1 3 |1 2 2 2 2 1 2 2 2 2 1 2 3 2 1 2 3 |

=============第38个最优解如下=============
最大目标值出现代数：
5114
最大目标值为：
11.100767813257978
最佳分配方案：
3 2 3 2 2 3 2 3 3 |2 2 2 2 2 2 |2 3 1 1 1 1 2 2 2 |1 1 2 1 1 3 2 2 2 1 2 |1 2 2 2 2 1 2 2 2 2 1 2 3 2 1 2 3 |

=============第39个最优解如下=============
最大目标值出现代数：
6251
最大目标值为：
11.18436571578031
最佳分配方案：
3 2 3 1 2 3 2 3 3 |2 2 1 2 2 2 |2 3 1 1 1 1 2 2 3 |1 1 2 1 1 3 2 2 2 1 3 |1 2 2 2 2 1 2 2 2 2 1 2 3 2 1 2 3 |

=============第40个最优解如下=============
最大目标值出现代数：
3881
最大目标值为：
11.071924907446391
最佳分配方案：
3 2 3 2 2 3 2 3 3 |2 2 2 2 2 2 |2 3 1 1 1 1 2 2 3 |1 1 2 1 1 3 2 2 2 1 3 |1 2 2 2 2 1 2 2 1 2 1 2 3 2 1 1 3 |

=============第41个最优解如下=============
最大目标值出现代数：
3701
最大目标值为：
11.3939230153546
最佳分配方案：
3 1 3 1 2 3 2 3 3 |2 2 1 2 3 2 |2 3 1 1 1 1 2 2 3 |1 1 1 1 1 3 2 2 2 1 3 |1 3 2 2 2 1 2 2 2 2 1 2 3 2 1 2 3 |

=============第42个最优解如下=============
最大目标值出现代数：
4437
最大目标值为：
11.005007154410137
最佳分配方案：
3 2 3 2 2 3 2 3 3 |2 2 2 2 2 2 |2 3 1 1 1 1 2 2 2 |1 1 2 1 1 3 2 2 2 1 2 |1 3 2 2 2 1 2 2 1 2 1 2 3 2 1 2 3 |

=============第43个最优解如下=============
最大目标值出现代数：
4542
最大目标值为：
11.195748678331986
最佳分配方案：
3 1 3 1 2 3 2 3 3 |2 2 1 2 3 2 |2 3 1 1 1 1 2 2 3 |1 1 2 1 1 3 2 2 2 1 3 |1 2 2 2 2 1 2 2 2 2 1 2 3 2 1 2 3 |

=============第44个最优解如下=============
最大目标值出现代数：
5066
最大目标值为：
11.13696156522737
最佳分配方案：
3 1 3 1 2 3 2 3 3 |2 2 1 2 2 2 |2 3 1 1 1 1 2 2 3 |2 1 2 1 1 3 2 2 2 1 3 |1 2 2 2 2 1 2 2 2 2 1 2 3 2 1 2 3 |

=============第45个最优解如下=============
最大目标值出现代数：
5725
最大目标值为：
11.310270754186176
最佳分配方案：
4 1 3 1 2 3 2 3 3 |1 2 1 2 2 2 |2 3 1 1 1 1 2 2 3 |1 1 2 1 1 3 2 2 2 1 3 |1 3 2 2 2 1 2 2 2 2 2 2 3 2 1 1 3 |

=============第46个最优解如下=============
最大目标值出现代数：
5538
最大目标值为：
11.526992969830472
最佳分配方案：
3 1 3 1 2 3 2 3 4 |2 2 1 2 2 2 |2 3 1 1 1 1 2 2 3 |1 1 2 1 1 3 2 2 2 1 3 |1 3 2 2 2 1 2 2 1 2 1 2 3 3 1 1 3 |

=============第47个最优解如下=============
最大目标值出现代数：
5814
最大目标值为：
11.084269474122449
最佳分配方案：
3 2 3 2 2 3 2 3 3 |2 2 1 2 2 2 |2 3 1 1 1 1 2 2 3 |1 1 2 1 1 3 2 2 2 1 3 |1 2 2 2 2 1 2 2 2 2 1 2 3 2 1 1 3 |

=============第48个最优解如下=============
最大目标值出现代数：
1517
最大目标值为：
11.162466189628379
最佳分配方案：
3 2 2 1 2 3 2 3 4 |2 2 1 2 2 2 |2 3 1 1 1 1 2 2 2 |1 1 2 1 1 3 2 2 2 1 3 |1 2 2 2 2 1 2 2 2 2 2 2 3 2 1 2 3 |

=============第49个最优解如下=============
最大目标值出现代数：
4639
最大目标值为：
11.113586314185897
最佳分配方案：
3 1 3 1 2 3 2 3 3 |2 2 1 2 3 2 |2 3 1 1 1 1 2 2 3 |1 1 2 1 1 3 2 2 2 1 3 |1 3 2 2 2 1 2 2 2 2 1 2 3 2 1 1 3 |

=============第50个最优解如下=============
最大目标值出现代数：
9801
最大目标值为：
11.634978485232955
最佳分配方案：
3 1 3 1 2 3 2 3 4 |1 2 1 2 3 2 |2 3 1 1 1 1 2 2 2 |1 1 2 1 1 3 2 2 2 1 3 |1 3 2 2 2 1 2 2 2 2 1 2 3 2 1 1 4 |

=============第51个最优解如下=============
最大目标值出现代数：
6095
最大目标值为：
10.83911870103302
最佳分配方案：
3 2 3 2 2 3 2 3 3 |2 2 2 2 2 2 |2 2 1 1 1 1 2 2 2 |1 1 2 1 1 3 2 2 2 1 3 |1 2 2 2 2 1 2 2 2 2 1 2 3 2 1 2 3 |

=============第52个最优解如下=============
最大目标值出现代数：
2876
最大目标值为：
11.05824889904081
最佳分配方案：
3 1 3 2 2 3 2 3 3 |2 2 1 2 2 2 |2 3 1 1 1 1 2 2 2 |1 1 2 1 1 3 2 2 2 1 3 |1 3 2 2 2 1 2 2 2 2 1 2 3 2 1 2 3 |

=============第53个最优解如下=============
最大目标值出现代数：
9233
最大目标值为：
11.343872804452245
最佳分配方案：
3 1 3 1 2 3 2 3 4 |1 2 1 2 2 2 |2 3 1 1 1 1 2 3 3 |1 1 2 1 1 3 2 2 2 1 3 |1 3 2 2 2 1 2 2 1 2 1 2 3 3 1 1 3 |

=============第54个最优解如下=============
最大目标值出现代数：
2728
最大目标值为：
11.207587759830703
最佳分配方案：
3 1 3 1 2 3 2 3 3 |1 2 1 2 2 2 |2 3 1 1 1 1 2 2 3 |1 1 2 1 1 3 2 2 2 1 3 |1 3 2 2 2 1 2 2 2 2 2 2 3 2 1 2 3 |

=============第55个最优解如下=============
最大目标值出现代数：
9691
最大目标值为：
11.087490665735718
最佳分配方案：
3 2 3 2 2 3 2 3 3 |2 2 1 2 2 2 |2 3 1 1 1 1 2 2 3 |1 1 2 1 1 3 2 2 2 1 3 |1 2 2 2 2 1 2 2 2 2 1 2 3 2 1 1 3 |

=============第56个最优解如下=============
最大目标值出现代数：
2220
最大目标值为：
11.099637681141623
最佳分配方案：
3 1 3 1 2 3 2 3 3 |1 2 1 2 3 2 |2 3 1 1 1 1 2 2 3 |1 1 2 1 1 3 2 2 2 1 3 |1 2 2 2 2 1 2 2 2 2 2 2 3 2 1 2 3 |

=============第57个最优解如下=============
最大目标值出现代数：
9591
最大目标值为：
11.12767575496149
最佳分配方案：
3 1 3 1 2 3 2 3 3 |2 2 1 2 3 2 |2 3 1 1 1 1 2 2 3 |1 1 2 1 1 3 2 2 2 1 3 |1 3 2 2 2 1 2 2 1 2 1 2 3 2 1 2 3 |

=============第58个最优解如下=============
最大目标值出现代数：
9456
最大目标值为：
11.254688430988866
最佳分配方案：
3 1 3 1 2 3 2 3 3 |2 2 1 2 3 2 |2 3 1 1 1 1 2 2 3 |1 1 2 1 1 3 2 2 2 1 3 |1 3 2 2 2 1 2 2 1 2 1 2 3 3 1 1 3 |

=============第59个最优解如下=============
最大目标值出现代数：
4298
最大目标值为：
11.215885599148136
最佳分配方案：
4 1 3 2 2 3 2 3 3 |2 2 1 2 2 2 |2 3 1 1 1 1 2 2 2 |1 1 2 1 1 3 2 2 2 1 2 |1 2 2 2 2 1 2 2 2 2 2 2 3 2 1 2 3 |

=============第60个最优解如下=============
最大目标值出现代数：
1974
最大目标值为：
11.127184509510895
最佳分配方案：
3 1 3 1 2 3 2 3 3 |2 2 1 2 3 2 |2 3 1 1 1 1 2 2 3 |1 1 2 1 1 3 2 2 2 1 2 |1 3 2 2 2 1 2 2 2 2 1 2 3 2 1 2 3 |

最大适应度：11.71055624647275
最小适应度：10.83911870103302
平均适应度：11.227931882758037
估计标准差值：0.17337329585014877
最佳分配：
4 1 3 1 2 3 2 3 4 |1 2 1 2 3 2 |2 3 1 1 1 1 2 2 2 |1 1 2 1 1 3 2 2 2 1 3 |1 3 2 2 2 1 2 2 1 2 1 2 3 2 1 1 4 |
GA算法运行求解巡逻调度问题耗时：0小时，14分钟，57秒
