=============第1个最优解如下=============
最大目标值出现代数：
992
最大目标值为：
10.998678176255115
最佳分配方案：
2 2 3 1 3 3 2 3 3 |1 1 1 2 3 2 |2 3 1 1 1 1 2 2 2 |2 1 2 2 1 3 2 3 2 1 3 |1 2 2 2 2 1 2 2 2 2 2 2 3 2 1 1 2 |

=============第2个最优解如下=============
最大目标值出现代数：
922
最大目标值为：
11.384122376666483
最佳分配方案：
4 2 2 1 3 3 1 3 3 |1 2 1 2 3 2 |2 3 1 2 1 1 2 3 3 |1 2 2 2 1 3 3 2 2 1 3 |1 2 2 1 2 1 1 2 1 1 1 2 3 2 1 1 3 |

=============第3个最优解如下=============
最大目标值出现代数：
877
最大目标值为：
11.214897594486207
最佳分配方案：
3 1 3 1 3 3 2 3 3 |1 2 1 3 3 2 |2 3 1 1 1 1 2 2 3 |2 1 2 1 1 3 2 2 2 1 3 |1 3 2 2 3 1 2 2 1 2 1 1 3 2 1 1 2 |

=============第4个最优解如下=============
最大目标值出现代数：
975
最大目标值为：
11.096539122934729
最佳分配方案：
3 1 3 2 3 3 2 3 3 |2 2 1 2 2 2 |2 3 1 1 1 1 2 2 3 |1 1 2 1 1 3 2 2 2 1 3 |1 3 2 2 2 1 2 3 1 1 2 2 3 2 1 1 2 |

=============第5个最优解如下=============
最大目标值出现代数：
772
最大目标值为：
11.098915458490731
最佳分配方案：
2 2 3 1 3 3 2 3 3 |2 3 1 2 3 2 |2 3 1 1 2 1 2 2 2 |2 1 1 1 1 3 2 2 2 1 3 |1 2 2 1 2 2 2 2 1 2 1 2 3 2 1 1 3 |

=============第6个最优解如下=============
最大目标值出现代数：
941
最大目标值为：
10.70734029635954
最佳分配方案：
3 2 2 1 2 3 1 2 3 |1 2 1 2 2 2 |2 3 1 1 2 1 2 2 2 |2 1 2 2 1 3 2 2 2 1 3 |1 3 2 2 3 1 2 2 2 2 2 2 3 2 1 2 2 |

=============第7个最优解如下=============
最大目标值出现代数：
895
最大目标值为：
11.007824715200538
最佳分配方案：
3 1 2 2 2 3 2 2 3 |1 2 2 2 3 2 |2 3 1 1 2 1 2 3 2 |2 1 2 1 1 3 2 2 2 1 3 |1 3 2 2 2 1 2 2 2 2 1 2 3 2 1 1 2 |

=============第8个最优解如下=============
最大目标值出现代数：
970
最大目标值为：
10.952970099318067
最佳分配方案：
2 1 2 2 2 3 1 3 3 |1 2 2 2 3 2 |2 3 1 1 1 1 2 3 2 |2 1 2 1 1 3 2 2 2 1 3 |1 3 3 1 2 1 2 2 2 2 1 2 3 2 1 2 3 |

=============第9个最优解如下=============
最大目标值出现代数：
840
最大目标值为：
11.22319959349693
最佳分配方案：
2 1 4 1 2 4 2 3 4 |2 1 1 2 3 2 |2 3 1 1 1 1 2 2 3 |2 1 1 1 1 4 2 2 2 2 3 |1 2 2 2 2 1 2 2 1 2 1 1 3 2 1 2 2 |

=============第10个最优解如下=============
最大目标值出现代数：
830
最大目标值为：
10.821511858815438
最佳分配方案：
3 2 2 1 2 2 2 3 4 |2 2 1 2 2 2 |2 2 1 1 1 1 2 2 3 |1 1 2 1 1 3 2 2 2 2 3 |1 3 3 2 2 1 2 2 2 2 1 2 3 2 1 2 2 |

=============第11个最优解如下=============
最大目标值出现代数：
686
最大目标值为：
11.07907874027589
最佳分配方案：
3 1 3 1 2 3 1 3 3 |1 1 1 2 3 2 |1 3 1 1 1 1 2 2 3 |2 1 2 2 1 3 2 3 2 2 3 |1 3 2 2 2 2 2 3 1 2 1 2 3 2 1 1 2 |

=============第12个最优解如下=============
最大目标值出现代数：
777
最大目标值为：
11.251717699747866
最佳分配方案：
3 1 3 2 2 3 2 3 3 |2 2 1 2 2 2 |2 3 1 1 1 1 2 2 2 |2 1 1 1 1 3 2 3 2 1 3 |1 3 3 2 3 2 2 2 1 1 1 2 3 2 1 1 2 |

=============第13个最优解如下=============
最大目标值出现代数：
951
最大目标值为：
11.044732903315785
最佳分配方案：
3 2 3 1 2 3 2 3 3 |2 3 1 2 2 2 |2 3 1 1 1 1 2 2 2 |1 1 2 1 1 3 2 2 2 1 3 |1 3 2 2 3 1 2 2 2 2 1 2 3 2 1 1 2 |

=============第14个最优解如下=============
最大目标值出现代数：
860
最大目标值为：
11.021515447160253
最佳分配方案：
3 1 3 1 2 3 2 3 3 |1 2 1 2 3 2 |2 3 1 1 1 1 2 2 3 |2 1 2 2 1 3 2 2 2 1 2 |1 2 2 2 2 1 1 2 2 2 1 2 3 3 1 2 3 |

=============第15个最优解如下=============
最大目标值出现代数：
874
最大目标值为：
11.323431305720788
最佳分配方案：
3 2 2 1 2 3 1 3 3 |1 2 1 1 3 2 |1 3 1 1 2 1 2 2 3 |1 1 2 1 1 3 2 2 2 1 3 |1 2 2 3 2 2 2 2 2 2 2 2 3 3 1 1 3 |

=============第16个最优解如下=============
最大目标值出现代数：
880
最大目标值为：
11.154488454012174
最佳分配方案：
3 1 3 1 3 3 1 3 3 |1 2 1 2 3 2 |2 3 1 2 2 1 2 2 3 |1 1 1 1 1 3 2 2 1 1 3 |1 3 2 2 2 1 2 3 2 2 2 1 3 2 1 1 3 |

=============第17个最优解如下=============
最大目标值出现代数：
866
最大目标值为：
10.902147014286122
最佳分配方案：
3 2 3 1 2 3 2 3 3 |1 2 1 1 2 2 |2 3 1 1 2 1 2 2 3 |2 1 2 1 1 3 2 2 2 1 3 |1 2 2 2 3 1 2 3 1 2 2 2 2 2 1 2 2 |

=============第18个最优解如下=============
最大目标值出现代数：
492
最大目标值为：
11.109906349002786
最佳分配方案：
3 1 4 1 2 4 2 3 4 |1 2 1 2 2 2 |2 3 1 1 1 1 1 3 2 |2 1 2 2 1 3 2 2 2 1 3 |1 3 3 2 2 1 2 2 1 2 1 2 2 2 1 1 2 |

=============第19个最优解如下=============
最大目标值出现代数：
961
最大目标值为：
11.019915921302218
最佳分配方案：
2 1 3 1 3 4 1 4 3 |1 2 2 2 3 2 |2 3 1 1 1 1 2 3 3 |1 1 2 1 1 3 2 2 1 1 2 |1 3 2 2 2 1 2 2 1 2 2 2 3 2 1 2 2 |

=============第20个最优解如下=============
最大目标值出现代数：
871
最大目标值为：
11.125729062469242
最佳分配方案：
3 2 3 1 2 3 2 3 3 |2 1 2 2 3 2 |2 3 1 1 1 1 2 2 3 |2 1 2 2 1 3 2 2 2 1 3 |1 2 2 2 2 1 1 2 1 2 1 1 3 2 1 2 3 |

=============第21个最优解如下=============
最大目标值出现代数：
994
最大目标值为：
11.241287240716371
最佳分配方案：
3 1 3 1 2 3 3 3 3 |1 3 1 2 3 2 |2 3 1 1 1 1 2 2 3 |1 1 1 1 1 3 3 3 2 1 3 |1 3 2 2 2 1 3 2 1 1 1 2 3 2 1 1 2 |

=============第22个最优解如下=============
最大目标值出现代数：
884
最大目标值为：
10.900708686864109
最佳分配方案：
2 1 3 1 2 3 2 3 3 |1 2 2 2 3 2 |2 3 1 1 2 1 2 2 3 |2 1 2 2 1 3 2 2 1 1 2 |1 2 2 2 2 1 2 3 1 2 1 2 3 2 2 1 3 |

=============第23个最优解如下=============
最大目标值出现代数：
835
最大目标值为：
11.100413051223851
最佳分配方案：
3 1 3 1 2 3 1 3 3 |1 2 1 2 3 2 |2 3 1 1 1 1 2 2 3 |2 2 2 2 1 3 2 2 2 1 3 |1 3 2 2 2 1 1 3 1 2 2 2 3 2 1 1 2 |

=============第24个最优解如下=============
最大目标值出现代数：
739
最大目标值为：
11.195816874744926
最佳分配方案：
3 1 3 1 2 3 2 2 4 |2 2 1 2 3 2 |2 3 1 1 1 1 2 3 3 |1 1 2 1 1 3 2 2 2 1 3 |1 3 1 2 2 1 2 2 1 2 1 2 3 2 1 2 3 |

=============第25个最优解如下=============
最大目标值出现代数：
960
最大目标值为：
11.180173430384254
最佳分配方案：
3 2 3 1 2 3 1 3 3 |1 2 1 2 3 2 |2 3 1 1 1 1 2 3 3 |2 1 2 2 1 3 2 2 2 2 2 |1 2 2 1 2 1 2 2 2 2 1 2 3 2 1 1 3 |

=============第26个最优解如下=============
最大目标值出现代数：
980
最大目标值为：
11.031915127567254
最佳分配方案：
3 2 3 1 3 3 2 3 3 |1 2 1 2 3 2 |2 3 1 1 1 1 3 3 3 |1 1 2 2 1 3 2 2 2 1 3 |1 2 2 2 2 1 2 2 1 2 1 2 2 2 1 1 2 |

=============第27个最优解如下=============
最大目标值出现代数：
911
最大目标值为：
11.04115632519221
最佳分配方案：
3 1 3 2 3 3 2 3 3 |1 2 1 2 3 2 |2 3 1 1 1 1 2 2 3 |1 1 1 2 1 3 2 2 2 2 2 |1 3 2 1 1 1 2 2 2 2 2 2 3 2 1 1 3 |

=============第28个最优解如下=============
最大目标值出现代数：
990
最大目标值为：
10.85720115982975
最佳分配方案：
3 1 3 1 2 3 1 3 3 |1 2 1 2 2 2 |2 3 1 2 2 1 2 2 2 |2 1 2 1 1 3 2 2 2 2 3 |1 3 2 2 2 1 2 3 1 2 1 2 2 2 1 2 3 |

=============第29个最优解如下=============
最大目标值出现代数：
826
最大目标值为：
11.021070843518284
最佳分配方案：
3 1 3 2 3 3 2 3 3 |1 2 1 2 2 2 |2 3 1 1 1 1 2 2 3 |2 1 2 2 1 3 2 2 2 1 3 |1 3 2 2 2 1 2 2 1 1 1 2 3 2 1 2 2 |

=============第30个最优解如下=============
最大目标值出现代数：
975
最大目标值为：
11.280592235195357
最佳分配方案：
3 2 2 1 2 4 2 3 3 |2 2 1 2 2 2 |2 3 1 1 1 1 2 2 3 |2 1 2 1 1 3 2 2 2 1 2 |1 2 2 2 2 1 2 2 1 2 1 2 3 3 1 2 3 |

=============第31个最优解如下=============
最大目标值出现代数：
993
最大目标值为：
10.862452427051725
最佳分配方案：
3 1 2 1 2 3 2 3 3 |2 2 1 2 2 2 |2 3 1 1 1 1 1 3 3 |2 1 2 1 1 3 2 2 2 1 2 |1 3 2 2 2 2 2 3 1 2 2 2 3 3 1 1 2 |

=============第32个最优解如下=============
最大目标值出现代数：
821
最大目标值为：
11.025090058016147
最佳分配方案：
3 2 2 1 2 3 2 3 3 |1 2 1 2 3 2 |2 3 1 1 1 1 2 3 3 |2 1 2 1 1 3 2 2 2 2 3 |2 3 2 1 2 1 2 2 1 1 1 2 3 2 1 2 2 |

=============第33个最优解如下=============
最大目标值出现代数：
958
最大目标值为：
10.940773122668643
最佳分配方案：
3 1 2 1 2 3 2 3 3 |2 2 1 2 3 3 |1 3 1 1 1 1 2 2 2 |2 1 2 2 1 3 2 2 2 1 3 |1 3 2 2 3 2 2 2 1 1 1 2 3 2 1 2 2 |

=============第34个最优解如下=============
最大目标值出现代数：
878
最大目标值为：
10.955436449270055
最佳分配方案：
3 1 2 1 2 3 2 3 3 |2 2 2 2 3 2 |2 3 1 1 2 1 2 2 2 |2 1 2 1 1 3 2 2 2 1 3 |1 2 2 2 2 1 2 2 2 2 1 2 3 2 1 2 2 |

=============第35个最优解如下=============
最大目标值出现代数：
781
最大目标值为：
11.011644783260781
最佳分配方案：
3 1 3 1 2 3 2 2 3 |1 2 2 1 3 2 |2 3 1 1 2 1 3 2 3 |2 1 2 1 1 3 2 2 2 1 3 |1 2 2 2 2 1 2 2 2 2 1 2 3 2 1 1 3 |

=============第36个最优解如下=============
最大目标值出现代数：
947
最大目标值为：
11.168955238062773
最佳分配方案：
3 1 3 1 2 3 2 2 3 |2 2 1 2 3 2 |2 3 1 1 1 1 2 2 3 |2 1 2 1 1 3 2 2 2 1 3 |1 3 2 2 2 1 2 2 1 2 1 2 3 2 1 2 3 |

=============第37个最优解如下=============
最大目标值出现代数：
979
最大目标值为：
11.179468044099153
最佳分配方案：
4 1 2 2 2 3 2 3 4 |2 2 1 2 2 2 |2 2 1 1 1 1 2 2 2 |1 1 1 2 1 3 2 2 2 1 3 |1 3 2 2 2 1 2 2 2 2 1 2 3 3 1 2 2 |

=============第38个最优解如下=============
最大目标值出现代数：
664
最大目标值为：
11.165084330760186
最佳分配方案：
4 1 1 2 2 3 1 3 3 |1 1 1 2 3 2 |2 3 1 1 1 1 2 2 3 |2 1 2 2 1 3 2 2 2 1 2 |1 3 2 2 3 1 2 2 2 1 1 2 3 3 1 2 3 |

=============第39个最优解如下=============
最大目标值出现代数：
935
最大目标值为：
11.124657941393192
最佳分配方案：
4 1 3 1 2 3 2 2 3 |1 2 1 2 3 2 |2 3 1 1 2 1 2 3 3 |2 1 2 1 1 3 2 2 2 2 3 |1 2 2 2 1 1 1 2 1 2 1 2 3 2 1 2 3 |

=============第40个最优解如下=============
最大目标值出现代数：
725
最大目标值为：
11.186332231425855
最佳分配方案：
3 1 3 1 3 3 2 3 3 |1 2 1 2 3 2 |2 3 1 1 1 1 2 2 3 |2 1 2 2 1 3 2 2 2 1 3 |1 3 2 2 2 1 2 2 1 2 1 2 3 2 1 1 2 |

=============第41个最优解如下=============
最大目标值出现代数：
843
最大目标值为：
10.885141610790363
最佳分配方案：
3 2 3 1 2 3 1 3 3 |1 1 1 2 2 2 |2 3 1 1 2 1 3 3 3 |2 1 1 2 1 3 2 2 2 1 2 |1 3 2 2 2 1 2 2 2 2 1 2 3 2 1 2 2 |

=============第42个最优解如下=============
最大目标值出现代数：
856
最大目标值为：
11.08318245265948
最佳分配方案：
3 1 2 1 3 4 2 4 4 |1 2 2 2 3 2 |2 3 1 1 1 1 2 3 2 |2 1 2 1 1 3 2 2 1 1 3 |1 2 2 1 2 1 2 2 1 2 2 2 2 2 1 1 3 |

=============第43个最优解如下=============
最大目标值出现代数：
921
最大目标值为：
11.140004148552345
最佳分配方案：
2 2 3 1 2 3 2 3 3 |1 3 1 3 3 2 |2 3 1 1 1 1 3 2 2 |2 1 2 1 1 3 2 2 2 1 2 |1 2 2 1 2 1 2 2 1 2 1 2 3 3 1 2 3 |

=============第44个最优解如下=============
最大目标值出现代数：
902
最大目标值为：
11.14163401179007
最佳分配方案：
3 1 4 1 4 3 1 3 3 |1 3 1 2 3 2 |2 3 1 1 1 1 3 3 3 |1 1 1 1 1 3 2 2 2 2 2 |1 2 1 2 2 1 2 2 2 1 1 2 3 2 1 2 2 |

=============第45个最优解如下=============
最大目标值出现代数：
904
最大目标值为：
11.013885342016525
最佳分配方案：
3 1 3 1 2 3 2 3 3 |1 2 1 2 3 2 |2 3 1 1 1 1 2 2 3 |1 1 2 2 1 3 2 2 2 1 2 |1 2 2 1 2 1 2 3 2 2 2 2 3 3 1 2 2 |

=============第46个最优解如下=============
最大目标值出现代数：
912
最大目标值为：
11.118048113784893
最佳分配方案：
3 1 2 1 2 3 1 3 3 |2 2 2 2 3 2 |2 3 1 1 1 1 1 3 3 |2 1 2 2 1 3 3 2 2 1 3 |1 2 2 2 2 1 2 2 2 1 1 1 3 2 1 2 3 |

=============第47个最优解如下=============
最大目标值出现代数：
975
最大目标值为：
11.023764433326
最佳分配方案：
3 1 3 2 2 3 1 3 3 |2 2 1 2 3 2 |3 3 1 1 2 1 2 2 3 |2 1 2 2 1 3 2 2 2 1 2 |1 2 2 1 2 1 2 2 2 2 1 1 3 2 1 1 3 |

=============第48个最优解如下=============
最大目标值出现代数：
999
最大目标值为：
11.08031375475275
最佳分配方案：
4 1 3 1 2 3 1 3 3 |1 2 2 2 3 2 |2 3 1 1 2 1 2 2 3 |2 1 2 1 1 3 2 2 2 1 3 |1 2 2 2 2 1 2 2 1 1 1 2 3 2 1 2 3 |

=============第49个最优解如下=============
最大目标值出现代数：
982
最大目标值为：
11.233307753893241
最佳分配方案：
3 2 3 1 3 3 2 3 3 |1 3 1 2 3 2 |2 3 1 1 1 1 1 3 3 |1 1 1 1 1 3 2 3 2 2 3 |1 3 2 2 2 1 2 2 1 2 1 1 3 2 1 1 2 |

=============第50个最优解如下=============
最大目标值出现代数：
731
最大目标值为：
10.904571676607159
最佳分配方案：
3 2 3 1 2 3 2 3 3 |1 2 1 1 3 2 |1 3 1 1 1 1 2 2 2 |2 1 2 1 1 3 2 2 2 1 3 |1 3 3 2 3 1 2 2 1 2 2 2 3 2 1 2 2 |

=============第51个最优解如下=============
最大目标值出现代数：
992
最大目标值为：
11.190091800661712
最佳分配方案：
3 1 2 1 3 3 2 3 3 |1 2 1 2 3 2 |2 3 1 1 1 1 2 3 3 |2 1 2 1 1 3 2 2 2 1 3 |1 3 2 2 2 1 2 2 1 2 2 2 3 2 1 1 2 |

=============第52个最优解如下=============
最大目标值出现代数：
868
最大目标值为：
10.745534818333603
最佳分配方案：
3 2 3 1 2 3 2 3 3 |2 2 1 2 2 2 |2 2 1 1 1 1 2 2 3 |1 1 2 2 1 3 2 2 2 1 3 |1 2 2 2 2 1 2 2 2 2 2 2 3 2 1 2 2 |

=============第53个最优解如下=============
最大目标值出现代数：
921
最大目标值为：
11.053044527090389
最佳分配方案：
3 1 3 1 2 3 2 3 3 |2 1 1 3 3 2 |2 3 1 1 1 1 2 2 2 |2 1 2 2 1 3 2 2 2 1 3 |1 3 2 2 2 1 2 2 2 2 1 2 3 2 1 1 2 |

=============第54个最优解如下=============
最大目标值出现代数：
813
最大目标值为：
11.790764676520174
最佳分配方案：
3 1 3 1 2 4 1 4 4 |1 2 1 2 3 2 |2 3 1 1 1 1 2 2 3 |1 1 1 1 1 3 2 3 2 2 3 |1 3 2 2 2 1 2 2 1 2 1 2 3 2 1 1 2 |

=============第55个最优解如下=============
最大目标值出现代数：
998
最大目标值为：
11.219612064960588
最佳分配方案：
3 2 2 1 2 3 1 3 3 |2 2 1 2 2 2 |2 3 1 1 2 1 2 2 3 |2 2 2 1 1 3 2 2 2 2 3 |1 2 2 2 2 1 2 2 1 2 1 2 3 2 1 1 3 |

=============第56个最优解如下=============
最大目标值出现代数：
991
最大目标值为：
11.072815921742466
最佳分配方案：
3 2 3 1 1 4 1 3 3 |1 3 1 2 3 2 |2 3 1 1 2 1 2 3 2 |2 1 1 1 1 3 2 2 2 1 3 |2 3 2 2 2 1 2 2 1 2 1 2 3 2 1 1 2 |

=============第57个最优解如下=============
最大目标值出现代数：
964
最大目标值为：
11.348898994351742
最佳分配方案：
4 1 3 1 2 3 2 3 3 |1 2 1 2 3 2 |2 3 1 1 1 1 2 3 3 |1 1 2 1 1 3 2 2 2 2 3 |1 3 2 2 2 1 2 2 1 2 1 1 3 2 1 2 2 |

=============第58个最优解如下=============
最大目标值出现代数：
822
最大目标值为：
11.134531497395734
最佳分配方案：
3 1 3 1 2 3 2 3 3 |1 2 2 2 2 2 |2 3 1 1 1 1 3 3 2 |1 1 2 2 1 3 3 2 2 1 3 |1 2 2 2 2 1 2 2 1 2 1 2 3 2 1 1 3 |

=============第59个最优解如下=============
最大目标值出现代数：
866
最大目标值为：
11.268664944326112
最佳分配方案：
3 2 3 1 2 3 1 3 3 |1 1 1 2 3 2 |2 3 1 1 1 1 2 2 3 |2 2 2 1 1 3 2 2 1 1 3 |1 3 2 2 2 1 2 2 1 2 2 2 3 2 1 2 3 |

=============第60个最优解如下=============
最大目标值出现代数：
724
最大目标值为：
11.095610699027459
最佳分配方案：
3 2 3 2 3 3 2 2 4 |1 2 1 2 2 2 |2 3 1 2 1 1 2 2 2 |2 1 2 1 1 3 2 2 2 1 2 |1 2 2 2 2 1 2 2 1 1 1 2 3 2 2 2 3 |

最大适应度：11.790764676520174
最小适应度：10.70734029635954
平均适应度：11.092538583885744
估计标准差值：0.16823541214672547
最佳分配：
3 1 3 1 2 4 1 4 4 |1 2 1 2 3 2 |2 3 1 1 1 1 2 2 3 |1 1 1 1 1 3 2 3 2 2 3 |1 3 2 2 2 1 2 2 1 2 1 2 3 2 1 1 2 |
GA算法运行求解巡逻调度问题耗时：0小时，1分钟，27秒
