=============第1个最优解如下=============
最大目标值出现代数：
1837
最大目标值为：
11.413715272884357
最佳分配方案：
3 1 2 1 2 3 2 3 4 |1 2 1 1 2 2 |2 3 1 1 1 1 2 3 3 |1 1 2 1 1 3 2 2 2 1 3 |1 3 3 2 2 1 2 2 1 2 2 2 3 2 1 2 3 |

=============第2个最优解如下=============
最大目标值出现代数：
1661
最大目标值为：
11.312740715490722
最佳分配方案：
3 1 2 1 2 3 2 3 3 |2 2 1 2 2 2 |2 3 1 1 1 1 2 2 3 |1 1 2 1 1 3 2 2 2 1 3 |1 3 2 2 2 1 2 2 2 2 2 2 3 2 1 2 3 |

=============第3个最优解如下=============
最大目标值出现代数：
1826
最大目标值为：
11.17837457147009
最佳分配方案：
3 2 3 1 2 3 2 3 3 |1 2 2 2 3 2 |2 3 1 1 1 1 2 2 2 |1 1 2 1 1 3 2 2 2 1 2 |1 3 2 2 2 1 2 2 2 2 2 2 3 2 1 1 3 |

=============第4个最优解如下=============
最大目标值出现代数：
1221
最大目标值为：
11.249879267495624
最佳分配方案：
3 1 3 1 2 3 2 3 3 |2 2 1 2 3 2 |2 3 1 1 1 1 2 2 3 |1 1 2 1 1 3 2 2 2 1 3 |1 3 2 2 2 1 2 2 1 1 1 2 3 3 1 2 3 |

=============第5个最优解如下=============
最大目标值出现代数：
1230
最大目标值为：
11.194564967467565
最佳分配方案：
3 2 3 2 2 3 2 3 3 |2 2 1 2 2 2 |2 3 1 1 2 1 2 2 3 |1 1 2 1 1 3 2 2 2 1 2 |1 2 2 2 2 1 2 2 1 1 2 2 3 2 1 2 3 |

=============第6个最优解如下=============
最大目标值出现代数：
1283
最大目标值为：
10.758534426176643
最佳分配方案：
3 2 2 1 2 3 2 3 3 |2 2 2 2 2 2 |2 2 1 1 1 1 2 2 2 |2 1 2 2 1 3 2 2 2 1 2 |1 2 2 2 2 1 2 2 2 2 2 2 3 2 1 2 3 |

=============第7个最优解如下=============
最大目标值出现代数：
1734
最大目标值为：
11.171032699734159
最佳分配方案：
3 1 3 2 2 3 2 3 3 |1 2 1 2 2 2 |2 3 1 1 1 1 2 3 3 |1 1 1 1 1 3 2 2 2 1 3 |1 2 2 2 2 2 2 2 2 2 1 2 3 2 1 2 3 |

=============第8个最优解如下=============
最大目标值出现代数：
1270
最大目标值为：
10.972346443510062
最佳分配方案：
3 2 3 1 2 3 2 3 3 |2 2 1 2 2 2 |2 3 1 1 1 1 2 3 3 |1 1 2 1 1 3 2 2 2 1 3 |1 2 2 2 2 1 2 2 2 2 1 2 3 2 1 2 2 |

=============第9个最优解如下=============
最大目标值出现代数：
1701
最大目标值为：
11.272448605962921
最佳分配方案：
2 1 3 1 2 3 2 3 3 |2 2 2 2 3 2 |2 3 1 1 1 1 2 2 3 |1 1 2 2 1 3 2 2 2 1 3 |1 3 2 1 2 1 2 2 2 2 1 2 3 2 1 1 3 |

=============第10个最优解如下=============
最大目标值出现代数：
1552
最大目标值为：
11.090989625718812
最佳分配方案：
3 1 3 1 2 3 2 3 3 |2 2 2 2 2 2 |2 3 1 1 1 1 2 2 3 |1 1 2 1 1 3 2 2 2 1 3 |1 2 2 2 2 1 2 2 2 2 1 2 3 3 1 2 2 |

=============第11个最优解如下=============
最大目标值出现代数：
1904
最大目标值为：
11.222777225531438
最佳分配方案：
3 1 2 2 2 3 2 3 4 |2 2 1 2 2 2 |2 3 1 1 1 1 2 3 3 |2 1 2 1 1 3 2 2 2 1 3 |1 3 2 2 3 1 2 2 1 1 1 2 3 2 1 1 2 |

=============第12个最优解如下=============
最大目标值出现代数：
1592
最大目标值为：
11.093512489100027
最佳分配方案：
3 1 2 1 3 3 2 3 3 |2 2 1 2 3 2 |2 3 1 1 1 1 2 2 3 |1 1 2 1 1 3 2 2 2 2 2 |1 2 2 2 2 1 2 2 1 2 2 1 3 2 2 2 3 |

=============第13个最优解如下=============
最大目标值出现代数：
1849
最大目标值为：
11.018821518006181
最佳分配方案：
3 2 3 2 2 3 2 3 3 |2 2 1 2 2 2 |2 3 1 1 1 1 2 2 2 |1 1 2 1 1 3 2 2 2 1 2 |1 3 3 2 2 1 2 2 2 2 1 2 3 2 1 2 2 |

=============第14个最优解如下=============
最大目标值出现代数：
1817
最大目标值为：
11.125527189119003
最佳分配方案：
3 2 3 2 2 3 2 3 3 |2 2 1 2 3 2 |2 3 1 1 1 1 2 2 3 |2 1 2 1 1 3 2 2 2 1 2 |1 2 2 2 2 1 2 2 1 2 2 2 3 2 1 1 2 |

=============第15个最优解如下=============
最大目标值出现代数：
1581
最大目标值为：
10.980235727510147
最佳分配方案：
3 1 2 1 2 3 2 3 3 |2 2 2 2 3 2 |2 3 1 1 1 1 2 2 3 |2 1 2 1 1 3 2 2 2 1 3 |1 2 2 2 2 1 2 2 2 2 1 2 3 2 1 2 2 |

=============第16个最优解如下=============
最大目标值出现代数：
1768
最大目标值为：
10.897397043645412
最佳分配方案：
3 2 3 2 2 3 2 3 3 |2 2 2 2 2 2 |2 3 1 1 1 1 2 2 2 |2 1 2 1 1 3 2 2 2 1 3 |1 2 2 2 2 1 2 2 2 1 1 2 3 2 1 2 2 |

=============第17个最优解如下=============
最大目标值出现代数：
1943
最大目标值为：
11.136849858379739
最佳分配方案：
3 1 3 2 2 3 2 3 3 |2 2 1 2 2 2 |2 3 1 1 1 1 2 2 3 |1 1 2 1 1 3 2 2 2 1 3 |1 3 2 2 2 1 1 2 1 2 2 2 3 2 1 2 3 |

=============第18个最优解如下=============
最大目标值出现代数：
1795
最大目标值为：
11.11530012899598
最佳分配方案：
4 2 2 1 2 3 2 3 3 |2 2 2 2 2 2 |2 3 1 1 2 1 2 2 2 |1 1 2 2 1 3 2 2 2 1 2 |1 2 2 2 2 1 2 2 2 2 1 2 3 2 1 1 3 |

=============第19个最优解如下=============
最大目标值出现代数：
1528
最大目标值为：
11.14744707689362
最佳分配方案：
3 1 3 1 2 3 2 3 3 |1 2 1 2 3 2 |2 3 1 1 1 1 2 2 3 |2 1 2 1 1 3 2 2 2 1 3 |1 2 2 2 2 1 2 2 2 2 2 2 3 2 1 1 3 |

=============第20个最优解如下=============
最大目标值出现代数：
1004
最大目标值为：
11.046298368552163
最佳分配方案：
3 2 2 1 2 4 2 3 3 |1 2 1 2 2 2 |2 3 1 1 1 1 2 2 3 |2 1 2 2 1 3 2 2 2 1 3 |1 2 2 1 2 1 2 2 2 2 1 2 3 2 1 2 3 |

=============第21个最优解如下=============
最大目标值出现代数：
1814
最大目标值为：
11.002700661672431
最佳分配方案：
3 1 3 1 2 3 2 3 3 |2 2 1 2 3 2 |2 3 1 1 2 1 2 2 3 |1 1 2 2 1 3 2 2 2 1 3 |1 2 2 2 2 1 2 2 1 2 1 2 3 2 1 2 2 |

=============第22个最优解如下=============
最大目标值出现代数：
1973
最大目标值为：
11.017927457362292
最佳分配方案：
3 2 3 1 2 3 2 3 3 |2 2 1 2 2 2 |2 3 1 1 1 1 2 2 3 |1 1 2 1 1 3 2 2 2 1 3 |1 3 2 2 2 1 2 3 2 2 1 2 3 2 1 1 2 |

=============第23个最优解如下=============
最大目标值出现代数：
1451
最大目标值为：
11.094131029330132
最佳分配方案：
3 1 3 2 2 3 2 3 3 |2 2 1 2 2 2 |2 3 1 1 1 1 2 2 3 |1 1 2 1 1 3 2 2 2 1 3 |1 3 2 2 2 1 2 2 2 2 2 2 3 2 1 1 2 |

=============第24个最优解如下=============
最大目标值出现代数：
1825
最大目标值为：
11.211814992230996
最佳分配方案：
3 1 3 1 2 3 2 3 3 |2 2 1 2 3 2 |2 3 1 1 1 1 2 2 3 |2 1 2 2 1 3 2 2 2 1 3 |1 2 2 2 2 1 2 2 1 1 1 2 3 2 1 2 3 |

=============第25个最优解如下=============
最大目标值出现代数：
1508
最大目标值为：
11.386525859661749
最佳分配方案：
3 1 3 1 2 3 1 3 3 |2 2 1 2 3 2 |2 3 1 1 1 1 2 3 3 |2 1 2 1 1 3 2 2 2 1 3 |1 3 2 2 2 1 2 2 1 2 1 2 3 2 1 1 3 |

=============第26个最优解如下=============
最大目标值出现代数：
1809
最大目标值为：
11.26412801789021
最佳分配方案：
3 1 3 1 2 3 2 3 3 |2 2 1 2 3 2 |2 3 2 1 1 1 2 2 2 |1 1 2 2 1 3 2 2 2 1 3 |1 3 2 2 2 1 2 2 1 1 1 2 3 2 1 2 3 |

=============第27个最优解如下=============
最大目标值出现代数：
1145
最大目标值为：
11.286165615739831
最佳分配方案：
3 2 3 1 3 3 2 3 3 |1 1 1 2 3 2 |2 3 1 1 1 1 2 3 3 |1 1 2 1 1 3 2 2 2 2 2 |1 3 2 2 2 1 2 2 1 2 1 2 3 2 1 1 3 |

=============第28个最优解如下=============
最大目标值出现代数：
1756
最大目标值为：
11.329609950131658
最佳分配方案：
3 1 3 1 2 3 2 3 3 |2 2 1 2 3 2 |2 3 1 1 1 1 2 2 3 |1 1 2 2 1 3 2 2 2 1 3 |1 3 2 2 2 1 2 2 1 2 1 2 3 2 1 1 3 |

=============第29个最优解如下=============
最大目标值出现代数：
1241
最大目标值为：
11.422222668311008
最佳分配方案：
4 1 3 1 2 3 1 3 3 |2 2 1 2 2 2 |2 3 1 1 1 1 2 2 3 |2 1 2 1 1 3 2 2 2 2 3 |1 2 2 2 2 1 2 2 2 2 1 2 3 2 1 1 3 |

=============第30个最优解如下=============
最大目标值出现代数：
1737
最大目标值为：
11.211165186320146
最佳分配方案：
3 1 3 1 3 3 2 3 3 |1 2 1 2 3 2 |1 3 1 1 1 1 2 2 3 |2 1 2 2 1 3 2 2 2 1 3 |1 3 2 2 2 1 2 2 1 2 1 2 3 2 1 2 2 |

=============第31个最优解如下=============
最大目标值出现代数：
1474
最大目标值为：
11.248091907266241
最佳分配方案：
3 1 3 1 3 3 2 3 4 |1 2 1 1 3 2 |2 3 2 1 1 1 3 2 3 |1 1 2 1 1 3 2 2 1 1 3 |1 3 2 2 2 1 2 2 2 2 1 2 2 2 1 1 3 |

=============第32个最优解如下=============
最大目标值出现代数：
1857
最大目标值为：
10.837173208138116
最佳分配方案：
2 1 3 1 2 3 2 3 3 |2 2 2 2 3 2 |2 3 1 1 1 1 2 2 2 |1 1 2 1 1 3 2 2 2 2 3 |1 3 2 2 2 1 2 2 2 2 2 2 3 1 1 1 3 |

=============第33个最优解如下=============
最大目标值出现代数：
1823
最大目标值为：
11.618495906787423
最佳分配方案：
3 1 3 1 2 3 2 3 3 |1 2 1 2 3 2 |2 4 1 1 1 1 2 3 3 |1 1 2 1 1 3 2 2 2 1 3 |1 2 2 2 2 1 2 2 1 2 1 2 4 2 1 1 3 |

=============第34个最优解如下=============
最大目标值出现代数：
1525
最大目标值为：
11.130749505950144
最佳分配方案：
3 2 2 1 2 3 2 3 3 |2 2 2 2 2 2 |2 3 1 1 1 1 2 2 3 |2 1 2 2 1 3 2 2 2 2 3 |1 2 2 1 2 1 2 2 1 2 1 2 3 2 1 1 3 |

=============第35个最优解如下=============
最大目标值出现代数：
1724
最大目标值为：
11.112538604984206
最佳分配方案：
3 1 3 1 3 3 2 3 3 |1 2 1 1 3 2 |2 3 1 1 1 1 2 2 3 |1 1 2 1 1 3 2 2 2 1 3 |1 3 3 2 2 1 2 2 2 2 2 2 3 2 1 1 2 |

=============第36个最优解如下=============
最大目标值出现代数：
1999
最大目标值为：
11.223447848669405
最佳分配方案：
3 1 3 1 3 3 2 3 3 |1 2 2 2 3 2 |2 3 1 1 1 1 2 3 3 |1 1 1 1 1 3 1 2 2 1 3 |1 3 2 2 2 1 1 3 2 2 1 2 3 2 1 1 3 |

=============第37个最优解如下=============
最大目标值出现代数：
1076
最大目标值为：
11.224392582536304
最佳分配方案：
3 1 3 1 2 3 2 3 3 |2 3 1 2 3 2 |2 3 1 1 1 1 2 2 3 |2 1 2 1 1 3 2 2 2 1 3 |1 3 2 2 2 1 2 2 1 2 1 2 3 2 1 1 2 |

=============第38个最优解如下=============
最大目标值出现代数：
1575
最大目标值为：
10.792918607068202
最佳分配方案：
3 2 2 2 2 3 2 3 3 |2 2 2 2 2 2 |2 2 1 1 1 1 2 2 2 |2 1 2 1 1 3 2 2 2 1 2 |1 2 2 2 2 1 2 2 2 2 2 2 3 2 1 2 3 |

=============第39个最优解如下=============
最大目标值出现代数：
1672
最大目标值为：
11.193570490369746
最佳分配方案：
4 1 3 1 2 3 2 3 3 |1 2 1 2 2 2 |2 3 1 1 1 1 2 2 2 |2 1 2 1 1 3 2 2 2 1 3 |1 3 2 1 2 1 2 2 2 2 2 2 3 2 1 2 3 |

=============第40个最优解如下=============
最大目标值出现代数：
1687
最大目标值为：
11.10872101051948
最佳分配方案：
3 1 3 2 2 3 2 3 3 |2 2 2 2 2 2 |2 3 1 1 1 1 2 2 3 |2 1 2 2 1 3 2 2 2 1 2 |1 2 2 1 2 1 2 2 2 2 1 2 3 2 1 1 3 |

=============第41个最优解如下=============
最大目标值出现代数：
1443
最大目标值为：
10.958867206203228
最佳分配方案：
3 1 3 1 3 3 2 3 3 |2 2 1 2 2 2 |2 3 1 1 1 1 2 2 3 |1 1 2 1 1 3 2 2 2 1 3 |1 2 2 2 2 1 2 2 2 2 1 2 3 2 1 2 3 |

=============第42个最优解如下=============
最大目标值出现代数：
1870
最大目标值为：
11.160055747573466
最佳分配方案：
3 1 3 1 2 3 2 3 3 |2 2 1 2 2 2 |2 3 1 1 1 1 2 2 3 |2 1 2 2 1 3 2 2 2 1 3 |1 3 2 2 2 1 2 2 2 2 1 2 3 2 1 1 2 |

=============第43个最优解如下=============
最大目标值出现代数：
1803
最大目标值为：
11.318512532995957
最佳分配方案：
3 2 3 1 2 3 2 3 3 |1 2 1 2 3 3 |2 3 1 1 2 1 2 2 3 |1 1 1 1 1 3 2 2 2 1 3 |1 3 2 2 2 1 2 2 1 2 1 2 3 2 1 1 3 |

=============第44个最优解如下=============
最大目标值出现代数：
1811
最大目标值为：
11.43435958006816
最佳分配方案：
3 1 3 1 3 3 2 3 4 |1 2 1 2 3 2 |2 3 1 1 1 1 2 3 3 |1 1 1 1 1 3 2 3 2 1 3 |1 3 3 1 2 1 2 2 1 2 1 2 3 2 1 1 2 |

=============第45个最优解如下=============
最大目标值出现代数：
1488
最大目标值为：
11.42394788765909
最佳分配方案：
4 1 3 1 2 4 2 3 3 |2 2 1 2 2 2 |2 3 1 1 1 1 2 2 2 |1 1 1 1 1 3 2 2 2 1 3 |1 3 2 2 2 1 2 2 1 2 1 2 3 2 2 2 3 |

=============第46个最优解如下=============
最大目标值出现代数：
1686
最大目标值为：
11.23055039455878
最佳分配方案：
3 1 3 1 2 3 2 3 3 |2 2 1 2 3 2 |2 3 1 1 1 1 2 2 3 |1 1 2 1 1 3 2 2 2 1 3 |1 3 3 2 2 1 2 2 2 2 1 1 3 2 1 1 3 |

=============第47个最优解如下=============
最大目标值出现代数：
1752
最大目标值为：
11.229090401220422
最佳分配方案：
3 1 3 1 2 3 2 3 3 |1 2 1 2 3 2 |2 3 1 1 1 1 2 2 3 |1 1 2 2 1 3 2 2 2 1 3 |1 2 2 2 2 1 2 3 1 2 1 2 3 3 1 1 3 |

=============第48个最优解如下=============
最大目标值出现代数：
1918
最大目标值为：
11.01734490096636
最佳分配方案：
3 2 2 1 2 3 2 3 3 |1 2 2 2 3 2 |2 3 1 1 1 1 2 2 3 |2 1 2 2 1 3 2 2 2 1 2 |1 3 2 2 2 1 2 2 1 1 2 2 3 2 1 1 3 |

=============第49个最优解如下=============
最大目标值出现代数：
1334
最大目标值为：
11.257942353217862
最佳分配方案：
3 2 2 1 2 4 2 3 4 |2 2 1 2 2 2 |2 3 1 1 1 1 2 2 3 |1 1 2 1 1 3 2 2 2 1 3 |1 2 2 2 2 1 2 2 2 2 1 2 3 3 1 1 2 |

=============第50个最优解如下=============
最大目标值出现代数：
1879
最大目标值为：
11.094640811985533
最佳分配方案：
3 1 2 1 3 3 2 3 3 |2 2 1 2 2 2 |2 3 1 1 1 1 2 3 2 |1 1 2 1 1 3 3 2 2 2 3 |1 3 2 2 2 1 2 2 1 2 1 2 3 2 2 1 2 |

=============第51个最优解如下=============
最大目标值出现代数：
1804
最大目标值为：
11.20605478771809
最佳分配方案：
3 2 3 1 2 3 1 3 3 |2 2 1 2 2 2 |2 3 1 1 1 1 2 3 3 |1 1 2 2 1 3 2 2 2 1 3 |1 2 2 2 2 1 2 3 1 2 1 2 3 2 1 1 3 |

=============第52个最优解如下=============
最大目标值出现代数：
1667
最大目标值为：
11.325751501319937
最佳分配方案：
4 1 3 1 2 3 2 3 3 |1 2 2 2 3 2 |2 3 1 1 1 1 2 3 2 |1 1 1 1 1 3 2 2 2 1 3 |1 2 2 2 2 1 2 3 2 2 1 2 3 2 1 1 3 |

=============第53个最优解如下=============
最大目标值出现代数：
1898
最大目标值为：
11.254216024834935
最佳分配方案：
3 1 3 1 3 3 2 3 3 |1 2 1 2 3 2 |2 3 1 1 1 1 2 2 3 |2 1 2 1 1 3 2 2 2 1 3 |1 3 2 2 2 1 2 2 1 2 1 2 3 2 1 1 3 |

=============第54个最优解如下=============
最大目标值出现代数：
1595
最大目标值为：
11.270854960181437
最佳分配方案：
4 1 2 1 2 2 2 3 3 |2 2 1 2 2 2 |2 3 1 1 1 1 2 3 3 |2 1 2 1 1 3 2 2 2 1 3 |1 3 2 1 2 1 2 2 1 2 1 2 3 2 1 2 4 |

=============第55个最优解如下=============
最大目标值出现代数：
1920
最大目标值为：
11.13123138218392
最佳分配方案：
3 1 3 1 2 3 2 3 3 |1 2 1 2 3 2 |2 3 1 1 1 1 2 2 3 |1 1 2 1 1 3 2 2 2 1 3 |1 3 2 2 2 1 2 2 2 2 2 2 3 2 1 1 3 |

=============第56个最优解如下=============
最大目标值出现代数：
1930
最大目标值为：
10.96522424156596
最佳分配方案：
3 1 3 1 2 3 2 3 3 |2 2 1 2 3 2 |2 3 1 1 1 1 2 2 3 |2 1 2 1 1 3 2 2 2 1 3 |1 2 2 2 2 1 2 2 2 2 1 2 3 2 1 2 2 |

=============第57个最优解如下=============
最大目标值出现代数：
1947
最大目标值为：
11.157446323967873
最佳分配方案：
3 1 2 2 2 3 2 3 3 |2 2 1 2 2 2 |2 3 1 1 1 1 2 2 3 |1 1 2 1 1 3 2 2 2 1 3 |1 3 2 2 2 1 2 2 2 2 1 2 3 2 1 2 3 |

=============第58个最优解如下=============
最大目标值出现代数：
1677
最大目标值为：
11.15158471032025
最佳分配方案：
2 2 3 1 2 3 2 3 4 |1 2 1 1 3 2 |2 3 1 1 1 1 2 2 3 |2 1 2 1 1 3 2 2 2 1 3 |1 3 2 2 2 1 2 2 2 2 1 2 3 2 1 1 3 |

=============第59个最优解如下=============
最大目标值出现代数：
1617
最大目标值为：
11.227784430669793
最佳分配方案：
3 2 2 1 2 3 2 3 3 |2 2 2 2 3 3 |2 3 1 1 1 1 2 2 3 |1 1 2 1 1 3 2 2 2 1 3 |1 2 2 2 2 1 2 2 1 2 1 2 3 2 1 1 3 |

=============第60个最优解如下=============
最大目标值出现代数：
1826
最大目标值为：
11.228242783118652
最佳分配方案：
3 2 3 1 2 3 2 3 3 |2 2 1 2 2 2 |2 3 1 1 1 1 2 2 3 |2 1 2 1 1 3 2 2 2 1 2 |1 3 2 2 2 1 2 2 2 2 1 2 3 2 1 1 3 |

最大适应度：11.618495906787423
最小适应度：10.758534426176643
平均适应度：11.169316454915235
估计标准差值：0.15986717997527194
最佳分配：
3 1 3 1 2 3 2 3 3 |1 2 1 2 3 2 |2 4 1 1 1 1 2 3 3 |1 1 2 1 1 3 2 2 2 1 3 |1 2 2 2 2 1 2 2 1 2 1 2 4 2 1 1 3 |
GA算法运行求解巡逻调度问题耗时：0小时，2分钟，58秒
