=============第1个最优解如下=============
最大目标值出现代数：
368
最大目标值为：
10.973043637428663
最佳分配方案：
4 1 3 1 1 4 3 3 4 |1 3 2 2 2 2 |2 2 1 2 1 1 2 2 3 |2 2 1 1 1 3 2 2 1 1 3 |1 2 2 1 2 1 1 2 2 1 1 2 2 2 2 2 3 |

=============第2个最优解如下=============
最大目标值出现代数：
446
最大目标值为：
11.012892537061804
最佳分配方案：
3 2 3 2 2 3 1 3 3 |1 1 1 2 3 2 |2 3 1 1 1 1 3 2 2 |1 1 1 2 2 3 2 2 2 2 3 |1 3 3 1 2 2 2 2 1 2 1 2 3 2 1 1 2 |

=============第3个最优解如下=============
最大目标值出现代数：
478
最大目标值为：
11.048013722466502
最佳分配方案：
3 2 2 1 2 3 2 3 3 |2 2 1 2 2 2 |1 3 1 1 2 1 2 2 2 |1 2 1 2 2 3 2 2 2 2 3 |1 2 3 1 2 1 2 2 1 1 2 2 3 2 1 2 3 |

=============第4个最优解如下=============
最大目标值出现代数：
475
最大目标值为：
10.955132076954978
最佳分配方案：
3 2 3 1 2 3 2 3 4 |1 1 1 2 3 2 |2 3 1 1 2 1 2 3 3 |2 1 1 1 1 3 2 2 2 2 3 |2 2 2 2 1 1 1 3 1 2 1 2 2 2 1 2 2 |

=============第5个最优解如下=============
最大目标值出现代数：
145
最大目标值为：
11.15978080518417
最佳分配方案：
3 1 3 1 2 4 1 4 4 |1 3 1 2 2 3 |2 3 1 2 2 1 2 2 3 |1 1 2 2 1 3 2 2 2 1 3 |1 2 2 1 2 1 1 2 1 1 1 1 3 2 2 2 2 |

=============第6个最优解如下=============
最大目标值出现代数：
339
最大目标值为：
10.741090596843089
最佳分配方案：
3 1 3 2 2 3 2 3 3 |1 1 1 2 2 2 |1 3 1 1 1 1 2 2 3 |2 2 2 2 2 3 2 2 1 1 3 |1 2 3 1 2 1 2 3 2 2 1 2 3 2 2 1 2 |

=============第7个最优解如下=============
最大目标值出现代数：
372
最大目标值为：
11.081999016173913
最佳分配方案：
3 1 2 2 2 3 1 3 3 |1 2 1 1 2 1 |2 3 2 2 2 1 2 3 3 |1 1 2 2 1 3 2 2 2 1 3 |1 3 2 1 2 1 2 2 2 2 2 1 3 2 1 2 3 |

=============第8个最优解如下=============
最大目标值出现代数：
378
最大目标值为：
10.97349545189427
最佳分配方案：
3 2 3 1 3 3 1 3 3 |2 1 1 3 3 3 |1 3 1 1 1 1 2 2 3 |1 1 2 1 1 3 2 2 2 2 2 |1 2 2 2 2 2 2 2 1 2 1 2 3 2 1 1 3 |

=============第9个最优解如下=============
最大目标值出现代数：
419
最大目标值为：
11.062689299785657
最佳分配方案：
2 2 2 2 2 3 1 3 3 |1 2 1 1 3 2 |2 3 1 2 2 1 3 2 3 |1 1 2 1 1 3 2 3 2 1 3 |1 2 2 2 2 1 2 2 2 2 1 2 3 2 1 1 3 |

=============第10个最优解如下=============
最大目标值出现代数：
328
最大目标值为：
10.898760602403135
最佳分配方案：
3 2 2 2 2 3 2 3 3 |1 2 2 2 3 2 |2 3 1 1 2 1 2 2 3 |1 1 2 1 2 3 2 2 2 2 3 |1 2 2 1 1 1 1 2 1 2 2 2 3 2 1 2 2 |

=============第11个最优解如下=============
最大目标值出现代数：
245
最大目标值为：
11.03998195634615
最佳分配方案：
2 2 2 1 2 3 2 3 3 |1 3 1 1 3 3 |1 3 1 1 1 1 3 3 3 |2 1 2 2 1 2 2 2 2 1 3 |1 3 2 2 2 2 2 2 1 2 1 2 3 2 1 1 2 |

=============第12个最优解如下=============
最大目标值出现代数：
446
最大目标值为：
10.960311583207966
最佳分配方案：
3 2 3 1 3 3 2 3 3 |1 3 1 2 2 2 |2 3 1 1 1 1 3 2 2 |1 1 2 2 1 3 2 2 2 1 2 |1 3 3 1 2 1 1 2 2 2 2 2 3 2 1 1 2 |

=============第13个最优解如下=============
最大目标值出现代数：
379
最大目标值为：
10.986262492833966
最佳分配方案：
2 2 3 1 3 3 1 3 3 |3 2 1 2 3 3 |2 3 1 1 1 1 2 2 3 |1 1 1 1 1 3 2 2 2 1 2 |2 2 2 2 2 1 2 3 2 2 1 2 3 2 1 1 2 |

=============第14个最优解如下=============
最大目标值出现代数：
497
最大目标值为：
10.823793734404871
最佳分配方案：
3 2 3 3 2 3 2 3 3 |1 2 1 2 2 2 |2 3 1 1 1 1 2 2 2 |2 1 1 2 1 3 2 2 2 2 3 |1 2 2 2 3 1 2 2 1 1 1 2 3 2 2 1 2 |

=============第15个最优解如下=============
最大目标值出现代数：
472
最大目标值为：
10.880871283695974
最佳分配方案：
3 1 3 1 3 3 1 3 3 |1 1 1 2 2 3 |2 3 2 2 2 1 2 2 2 |2 1 2 1 1 3 2 2 2 1 3 |1 3 3 2 2 1 1 2 1 2 2 2 3 2 1 1 2 |

=============第16个最优解如下=============
最大目标值出现代数：
450
最大目标值为：
10.98888316582874
最佳分配方案：
3 1 2 1 2 3 2 2 3 |1 2 2 2 3 2 |2 2 1 1 2 1 3 3 3 |1 1 1 1 1 3 1 1 1 1 3 |2 2 2 2 3 2 2 2 2 2 2 2 3 2 2 1 3 |

=============第17个最优解如下=============
最大目标值出现代数：
379
最大目标值为：
10.912080610545779
最佳分配方案：
3 1 2 2 2 3 2 3 3 |1 2 2 2 2 2 |2 3 1 1 1 1 2 2 3 |1 1 2 1 1 3 3 2 2 2 3 |2 3 2 2 3 1 2 2 1 2 1 2 2 2 1 1 2 |

=============第18个最优解如下=============
最大目标值出现代数：
497
最大目标值为：
11.2507299534727
最佳分配方案：
2 1 3 1 3 3 1 3 3 |1 2 1 2 3 1 |2 3 1 2 1 1 2 3 3 |2 1 2 1 1 3 2 2 2 1 3 |1 3 2 1 1 2 2 2 2 2 2 2 3 2 1 1 3 |

=============第19个最优解如下=============
最大目标值出现代数：
486
最大目标值为：
10.817277392631723
最佳分配方案：
3 2 2 2 2 3 2 3 3 |2 1 1 1 2 2 |2 3 1 1 2 1 3 3 2 |2 1 2 1 1 3 2 2 2 2 2 |1 3 2 1 2 2 2 2 1 2 1 2 3 2 1 1 3 |

=============第20个最优解如下=============
最大目标值出现代数：
365
最大目标值为：
10.969101896731173
最佳分配方案：
3 2 3 1 2 3 1 3 3 |1 3 1 1 3 3 |2 3 1 1 1 1 1 2 3 |1 1 3 2 2 3 2 3 2 1 3 |1 3 3 1 2 1 2 2 1 2 1 2 2 2 1 1 2 |

=============第21个最优解如下=============
最大目标值出现代数：
455
最大目标值为：
10.769672492287935
最佳分配方案：
3 2 2 1 3 3 2 3 3 |2 2 1 2 3 2 |2 2 1 1 2 1 2 2 2 |2 1 2 2 1 3 3 2 2 1 2 |1 3 2 1 2 2 2 2 1 2 1 1 3 2 1 2 2 |

=============第22个最优解如下=============
最大目标值出现代数：
374
最大目标值为：
10.914765557882037
最佳分配方案：
3 1 3 1 1 3 2 3 3 |1 2 2 2 3 2 |2 3 1 2 2 2 2 2 2 |2 1 2 2 1 3 2 2 2 1 2 |1 2 2 2 2 1 2 2 2 1 1 1 3 2 1 2 3 |

=============第23个最优解如下=============
最大目标值出现代数：
499
最大目标值为：
10.70290823630705
最佳分配方案：
3 1 2 1 2 3 2 2 3 |2 2 2 2 2 2 |2 3 1 1 2 1 2 2 3 |2 1 2 2 2 3 3 2 2 1 3 |1 3 2 1 2 1 2 3 2 1 1 2 2 2 1 1 2 |

=============第24个最优解如下=============
最大目标值出现代数：
323
最大目标值为：
11.162122280543363
最佳分配方案：
3 2 3 1 3 3 1 3 3 |1 2 1 1 3 2 |1 3 1 1 2 1 2 3 3 |2 1 2 2 1 3 2 2 2 1 3 |1 3 2 2 2 1 2 2 2 1 1 2 3 2 1 1 2 |

=============第25个最优解如下=============
最大目标值出现代数：
386
最大目标值为：
11.10686342746251
最佳分配方案：
2 1 3 1 2 3 2 2 3 |1 1 1 2 3 2 |2 3 1 1 1 1 2 2 3 |2 1 2 2 1 3 3 3 2 1 2 |1 3 2 1 2 1 1 2 2 2 1 2 3 3 2 2 3 |

=============第26个最优解如下=============
最大目标值出现代数：
265
最大目标值为：
10.902308774916008
最佳分配方案：
3 2 2 1 1 3 2 3 3 |1 2 1 2 3 2 |2 3 2 1 2 1 1 2 3 |1 1 2 1 1 3 2 2 2 2 3 |2 2 2 2 3 1 2 1 1 2 2 2 3 2 1 1 3 |

=============第27个最优解如下=============
最大目标值出现代数：
475
最大目标值为：
11.40890813278937
最佳分配方案：
4 1 3 1 2 4 1 3 4 |1 1 1 2 2 2 |2 3 1 1 2 1 2 3 3 |1 1 2 1 1 3 2 2 2 1 3 |1 2 3 2 2 1 2 2 2 2 1 1 3 2 1 2 2 |

=============第28个最优解如下=============
最大目标值出现代数：
481
最大目标值为：
11.239409580954138
最佳分配方案：
3 2 3 1 2 3 1 3 3 |1 2 1 2 3 1 |2 3 1 1 2 1 2 3 3 |3 1 2 1 1 3 2 2 2 1 3 |1 2 2 2 2 1 2 2 2 2 1 2 3 2 1 1 2 |

=============第29个最优解如下=============
最大目标值出现代数：
483
最大目标值为：
11.060756354312357
最佳分配方案：
3 2 3 1 2 3 1 3 3 |1 3 1 2 3 2 |2 3 1 1 1 1 2 3 3 |2 1 2 2 1 2 2 2 2 2 3 |1 2 2 2 2 1 2 2 1 1 2 2 2 2 1 1 3 |

=============第30个最优解如下=============
最大目标值出现代数：
425
最大目标值为：
10.899622253942814
最佳分配方案：
3 2 3 2 3 3 1 3 3 |2 2 1 2 3 2 |2 3 1 1 1 1 2 2 3 |2 1 1 1 1 3 2 3 2 2 3 |1 2 2 1 3 1 2 2 1 2 1 1 2 2 1 2 2 |

=============第31个最优解如下=============
最大目标值出现代数：
424
最大目标值为：
10.968998435941732
最佳分配方案：
3 3 3 2 2 3 2 3 3 |1 1 1 2 2 2 |2 3 1 1 1 1 2 2 3 |2 1 2 1 1 3 2 3 2 1 3 |1 3 2 2 2 1 3 2 1 2 1 2 2 2 1 1 2 |

=============第32个最优解如下=============
最大目标值出现代数：
479
最大目标值为：
11.08063901684124
最佳分配方案：
3 1 4 1 2 3 2 3 3 |1 1 4 1 3 2 |1 3 1 1 1 1 2 3 2 |2 1 2 2 1 3 2 3 2 1 3 |1 3 2 2 2 1 1 2 1 2 1 2 3 2 1 1 2 |

=============第33个最优解如下=============
最大目标值出现代数：
484
最大目标值为：
11.094008546833033
最佳分配方案：
3 2 2 1 2 3 2 3 3 |2 3 1 1 2 2 |2 3 1 1 1 1 2 2 3 |2 1 2 2 1 3 1 2 2 1 3 |1 3 2 1 2 1 1 3 2 2 2 2 3 2 1 1 3 |

=============第34个最优解如下=============
最大目标值出现代数：
486
最大目标值为：
11.09209645727402
最佳分配方案：
3 2 3 2 2 3 3 3 3 |2 2 1 2 2 2 |2 3 1 1 1 1 2 2 2 |2 1 1 1 1 3 2 2 2 1 3 |1 2 2 2 2 2 2 2 2 1 1 2 3 2 1 1 3 |

=============第35个最优解如下=============
最大目标值出现代数：
447
最大目标值为：
10.806393786192437
最佳分配方案：
2 2 3 1 3 3 2 3 3 |2 2 1 3 3 2 |1 3 1 1 2 1 2 3 2 |2 1 2 2 1 3 2 2 2 1 3 |1 2 2 2 2 1 2 2 1 2 1 2 2 2 1 1 2 |

=============第36个最优解如下=============
最大目标值出现代数：
455
最大目标值为：
10.876558322514757
最佳分配方案：
3 2 1 1 3 3 3 3 3 |1 1 1 2 3 2 |3 3 1 1 1 1 2 3 3 |1 1 2 1 1 2 2 2 2 2 3 |1 3 2 2 2 1 1 2 2 2 2 2 2 2 1 1 3 |

=============第37个最优解如下=============
最大目标值出现代数：
481
最大目标值为：
10.601233674983835
最佳分配方案：
3 1 2 2 2 3 1 3 3 |1 3 1 2 3 2 |2 2 1 1 1 1 2 3 3 |2 1 2 2 1 3 2 2 2 2 3 |1 2 2 2 3 2 2 2 1 1 1 2 2 2 1 2 2 |

=============第38个最优解如下=============
最大目标值出现代数：
290
最大目标值为：
11.269081936402396
最佳分配方案：
4 2 3 1 2 3 2 2 3 |1 2 1 1 2 3 |2 3 1 1 1 1 2 2 3 |2 1 3 1 1 3 2 2 2 2 3 |1 3 2 2 2 1 2 2 1 2 1 2 3 2 1 1 2 |

=============第39个最优解如下=============
最大目标值出现代数：
265
最大目标值为：
10.794641068549462
最佳分配方案：
3 2 3 1 2 3 2 3 3 |2 2 1 3 2 2 |2 3 1 1 2 1 3 2 2 |2 2 1 1 1 2 2 2 1 1 3 |1 3 2 2 2 1 2 2 2 2 1 2 3 2 1 1 2 |

=============第40个最优解如下=============
最大目标值出现代数：
494
最大目标值为：
10.931748442944235
最佳分配方案：
3 2 3 1 1 3 2 3 3 |2 1 1 2 3 2 |2 3 1 1 1 1 2 3 3 |2 1 2 1 1 3 2 3 2 1 3 |1 3 2 3 1 1 2 3 1 1 1 2 2 2 1 2 2 |

=============第41个最优解如下=============
最大目标值出现代数：
471
最大目标值为：
10.880746820709673
最佳分配方案：
3 1 3 1 3 4 1 3 3 |1 3 2 2 3 2 |2 2 1 1 1 1 2 3 3 |1 1 2 1 1 3 2 3 2 1 2 |2 2 2 2 2 1 1 2 2 2 2 1 3 2 1 1 2 |

=============第42个最优解如下=============
最大目标值出现代数：
489
最大目标值为：
11.012287494462193
最佳分配方案：
3 2 3 1 1 3 2 3 3 |1 2 1 3 3 2 |2 3 1 1 1 1 3 3 3 |2 1 2 2 1 3 2 2 2 1 2 |2 2 1 1 2 1 2 2 1 1 1 2 3 2 1 2 3 |

=============第43个最优解如下=============
最大目标值出现代数：
470
最大目标值为：
10.707131036068976
最佳分配方案：
3 2 2 1 2 2 1 3 3 |2 2 2 3 2 3 |2 3 1 1 2 1 2 2 2 |2 1 2 2 1 3 2 2 2 2 3 |1 3 2 2 2 1 1 1 1 1 1 2 3 2 2 2 2 |

=============第44个最优解如下=============
最大目标值出现代数：
411
最大目标值为：
10.967536266994044
最佳分配方案：
4 1 3 1 2 3 2 3 3 |1 2 2 2 2 2 |2 2 1 1 1 1 2 2 3 |2 1 1 1 1 3 2 3 2 2 3 |1 3 2 2 2 1 2 3 2 2 1 2 2 2 1 1 2 |

=============第45个最优解如下=============
最大目标值出现代数：
397
最大目标值为：
11.099201998757144
最佳分配方案：
3 2 3 1 2 3 2 3 3 |1 2 1 1 3 2 |2 2 1 1 1 1 2 2 2 |1 1 2 2 2 3 2 2 2 1 3 |1 3 2 1 2 1 2 2 2 3 2 2 3 3 1 1 2 |

=============第46个最优解如下=============
最大目标值出现代数：
497
最大目标值为：
10.736745415964302
最佳分配方案：
2 2 3 2 2 3 1 3 3 |1 2 1 2 2 2 |2 3 1 1 1 1 2 3 2 |1 1 2 1 1 3 2 2 2 2 3 |1 2 2 2 2 1 3 3 1 2 2 2 3 2 1 2 2 |

=============第47个最优解如下=============
最大目标值出现代数：
497
最大目标值为：
10.782769588501562
最佳分配方案：
4 2 4 2 2 2 2 3 3 |1 2 2 2 2 2 |2 2 1 1 2 1 2 2 2 |2 1 1 1 1 3 2 2 2 1 2 |2 2 2 2 2 2 2 2 2 2 1 2 3 2 1 1 2 |

=============第48个最优解如下=============
最大目标值出现代数：
321
最大目标值为：
10.985126627711521
最佳分配方案：
3 2 3 1 2 3 2 3 3 |2 2 2 2 2 2 |2 3 2 1 2 1 2 2 2 |1 1 1 1 1 3 2 1 2 2 3 |1 2 2 1 2 1 2 3 2 2 1 2 3 2 1 2 2 |

=============第49个最优解如下=============
最大目标值出现代数：
476
最大目标值为：
10.892848866333507
最佳分配方案：
3 1 2 1 3 3 1 3 3 |2 1 2 3 2 1 |1 2 1 1 2 2 2 2 2 |1 1 2 2 1 2 2 2 2 1 3 |1 3 2 1 2 1 2 3 2 2 2 2 3 3 1 2 3 |

=============第50个最优解如下=============
最大目标值出现代数：
492
最大目标值为：
11.272980556046592
最佳分配方案：
3 1 3 1 1 3 2 3 3 |1 2 2 2 3 2 |2 3 1 1 1 1 3 2 2 |1 1 1 1 1 3 2 2 2 1 3 |1 3 2 2 2 2 2 2 2 2 1 2 3 3 1 1 3 |

=============第51个最优解如下=============
最大目标值出现代数：
454
最大目标值为：
10.891372970318368
最佳分配方案：
3 2 3 1 1 3 2 3 3 |2 2 2 2 3 2 |2 3 1 1 1 1 3 3 3 |2 1 1 2 1 3 2 2 2 1 3 |1 2 2 1 2 1 2 2 1 1 1 2 3 2 1 2 2 |

=============第52个最优解如下=============
最大目标值出现代数：
464
最大目标值为：
10.991054390869202
最佳分配方案：
3 2 3 2 2 3 2 3 3 |1 2 2 2 2 2 |2 3 1 1 1 1 2 3 3 |2 1 2 2 1 3 2 2 1 1 3 |1 1 3 2 2 1 2 3 1 1 1 2 3 2 1 1 2 |

=============第53个最优解如下=============
最大目标值出现代数：
435
最大目标值为：
10.834958169683556
最佳分配方案：
2 1 3 1 1 3 3 3 3 |1 3 1 2 3 2 |2 2 1 1 2 1 2 2 3 |1 1 2 2 1 3 2 2 2 1 3 |1 3 2 2 2 1 2 2 2 2 1 2 3 3 1 1 2 |

=============第54个最优解如下=============
最大目标值出现代数：
407
最大目标值为：
10.427003397280618
最佳分配方案：
3 2 2 1 2 2 3 3 3 |2 2 1 2 3 2 |2 3 1 1 2 1 2 2 2 |2 2 1 1 1 3 1 2 2 1 2 |1 2 2 2 3 1 3 3 3 2 1 2 2 2 1 1 2 |

=============第55个最优解如下=============
最大目标值出现代数：
498
最大目标值为：
10.954963479598609
最佳分配方案：
3 1 3 1 2 3 1 3 3 |2 2 2 3 3 3 |1 3 1 1 1 1 1 3 3 |2 2 2 2 1 3 2 2 2 1 3 |1 3 2 2 2 1 2 2 1 1 1 2 2 2 1 1 2 |

=============第56个最优解如下=============
最大目标值出现代数：
345
最大目标值为：
10.885237689309061
最佳分配方案：
3 3 3 1 1 3 1 2 3 |1 2 1 1 3 2 |2 3 2 1 2 1 2 2 3 |1 1 2 2 2 3 2 2 2 1 3 |1 3 2 2 2 2 2 2 1 2 1 2 3 2 1 1 2 |

=============第57个最优解如下=============
最大目标值出现代数：
488
最大目标值为：
11.173591413088557
最佳分配方案：
3 1 3 1 2 3 1 3 3 |2 2 1 2 3 2 |3 3 1 1 1 1 2 2 3 |1 2 2 1 1 3 2 2 2 1 3 |1 3 2 1 2 1 2 2 2 2 1 2 3 3 1 1 2 |

=============第58个最优解如下=============
最大目标值出现代数：
482
最大目标值为：
11.109744384077352
最佳分配方案：
4 1 4 1 2 3 1 2 3 |1 2 1 2 3 2 |2 3 1 1 2 1 2 3 2 |1 1 2 1 1 3 2 2 2 2 3 |1 3 2 2 2 2 2 3 2 1 1 2 2 2 1 1 2 |

=============第59个最优解如下=============
最大目标值出现代数：
481
最大目标值为：
10.988560066442515
最佳分配方案：
3 1 2 1 2 3 1 3 3 |1 2 1 2 3 2 |2 3 1 2 1 1 2 2 2 |1 1 2 1 1 3 3 3 2 2 3 |1 3 3 1 2 1 2 2 2 2 1 2 3 2 1 2 2 |

=============第60个最优解如下=============
最大目标值出现代数：
463
最大目标值为：
10.753990680146522
最佳分配方案：
3 1 2 2 3 3 2 3 3 |2 2 1 2 2 2 |2 2 2 1 1 2 2 2 3 |1 1 2 2 1 3 2 2 2 1 3 |1 2 2 2 3 1 1 2 2 2 1 1 2 2 2 1 3 |

最大适应度：11.40890813278937
最小适应度：10.427003397280618
平均适应度：10.959446331802228
估计标准差值：0.17288497427119562
最佳分配：
4 1 3 1 2 4 1 3 4 |1 1 1 2 2 2 |2 3 1 1 2 1 2 3 3 |1 1 2 1 1 3 2 2 2 1 3 |1 2 3 2 2 1 2 2 2 2 1 1 3 2 1 2 2 |
GA算法运行求解巡逻调度问题耗时：0小时，0分钟，44秒
