===============第1个全局最优解================
最佳代数：
113542
最佳分配：
1 1 1 1 1 1 1 1 1 1 1 1 1 6 1 6 6 1 |1 1 1 6 1 1 1 6 1 1 1 |1 1 1 1 1 1 1 6 1 1 1 1 |1 1 1 1 6 1 1 1 1 6 6 6 1 1 1 1 |1 1 1 1 1 1 1 1 5 1 |1 1 1 1 1 1 1 1 1 1 1 1 1 1 1 6 1 |1 1 1 1 1 6 1 1 1 1 1 1 1 1 1 1 4 1 |1 1 4 1 1 1 1 |1 1 1 1 1 1 1 1 1 1 1 1 1 1 1 1 1 1 |1 1 1 1 1 1 4 1 1 1 1 1 1 1 1 1 1 1 1 |1 1 1 1 1 1 |1 1 1 1 1 1 1 1 1 1 |1 1 1 6 1 6 1 1 1 1 6 1 1 6 1 1 1 1 1 |1 1 6 6 1 5 1 6 1 |1 1 1 1 6 1 |1 1 6 1 1 1 1 1 1 1 6 1 1 1 1 1 1 |6 1 1 2 1 1 1 1 1 1 1 1 1 1 |1 1 1 1 1 1 1 1 |1 1 1 6 1 1 1 |1 1 1 1 1 1 1 1 1 1 1 1 1 1 1 1 |1 1 1 1 1 1 1 1 1 1 1 1 1 1 1 |1 6 1 1 1 1 1 1 1 1 1 1 1 1 1 1 1 4 |1 1 1 1 5 1 1 1 6 1 1 1 1 1 1 1 |1 1 1 1 1 1 1 1 1 1 1 1 1 1 |6 1 1 1 1 1 1 1 1 |1 1 1 1 6 6 1 1 1 1 1 1 1 1 1 1 1 1 1 1 |1 1 1 1 1 1 1 1 1 1 1 1 1 |5 1 1 1 1 1 1 1 1 1 1 5 5 1 1 1 1 1 1 1 |1 1 1 1 3 6 |6 1 1 1 1 1 6 1 1 1 1 1 |
最佳适应度：
111.29976706081807

===============第2个全局最优解================
最佳代数：
64021
最佳分配：
1 1 1 1 1 1 1 1 1 1 1 1 1 6 1 6 5 1 |1 1 1 6 1 1 1 6 1 1 1 |1 1 1 1 1 4 1 6 1 1 1 1 |1 1 1 1 6 1 5 1 1 1 5 5 1 1 1 1 |1 1 1 1 1 1 1 1 1 1 |5 1 1 1 1 1 1 1 1 1 1 1 1 6 1 6 1 |1 1 3 1 1 6 1 1 1 1 1 1 1 1 1 1 1 1 |1 1 1 1 1 1 1 |2 1 1 1 1 1 1 1 1 1 1 1 1 1 1 1 4 1 |1 1 1 1 1 1 1 1 1 3 1 1 1 1 1 1 1 1 1 |1 1 1 1 1 1 |1 1 1 1 1 1 1 1 1 1 |1 1 1 5 1 6 1 1 1 1 6 1 1 5 1 1 6 1 1 |1 1 6 6 1 1 1 6 1 |1 1 1 1 6 1 |1 1 6 1 1 1 1 1 1 1 6 1 1 1 1 1 1 |6 1 1 1 1 1 1 1 1 1 1 1 1 1 |1 1 1 1 1 1 1 1 |1 1 1 6 1 1 1 |1 1 1 1 1 1 1 1 1 1 1 1 1 1 1 1 |1 1 1 1 1 1 1 1 1 1 1 1 1 1 1 |1 6 1 1 1 1 1 1 1 1 1 1 1 1 1 1 1 1 |1 1 1 1 1 1 1 1 1 1 1 6 1 1 1 1 |1 1 1 4 1 1 1 1 1 1 1 1 5 1 |6 1 1 1 1 1 5 1 1 |1 1 1 1 1 1 1 1 5 1 1 1 1 1 1 1 1 1 6 1 |1 1 1 1 1 1 1 1 1 1 1 1 1 |5 1 1 1 1 1 1 1 1 1 1 3 6 1 1 1 1 1 1 1 |1 1 1 1 1 6 |5 1 1 1 1 1 6 1 1 1 1 1 |
最佳适应度：
111.76999832707743

===============第3个全局最优解================
最佳代数：
110560
最佳分配：
1 1 1 1 1 1 1 1 1 1 1 1 1 1 1 6 4 1 |1 1 1 6 1 4 1 6 1 1 1 |1 1 1 1 1 3 1 6 1 1 1 1 |1 1 1 1 6 1 6 1 1 1 6 1 1 1 1 1 |1 1 1 1 1 1 1 1 1 1 |6 1 1 1 1 1 1 1 1 1 1 1 1 1 1 6 1 |1 1 1 1 1 6 1 1 1 1 1 1 1 1 1 1 1 1 |1 1 1 1 1 1 1 |1 1 1 1 1 1 1 1 1 1 1 1 1 1 1 1 1 1 |1 1 1 1 1 1 4 1 1 6 1 1 1 1 1 1 1 1 1 |1 1 1 1 1 6 |1 1 1 1 1 1 1 1 1 1 |1 1 1 6 1 6 1 1 1 1 6 1 1 4 1 1 4 1 1 |1 1 6 6 1 1 1 1 1 |1 1 1 1 1 1 |1 1 6 1 1 1 1 1 1 1 6 1 1 1 1 1 1 |6 1 1 1 1 1 6 1 1 1 1 1 1 1 |1 1 1 1 1 1 1 1 |1 1 1 1 1 1 1 |1 1 1 1 1 1 1 1 1 1 1 1 1 1 1 1 |1 1 1 1 1 1 1 1 1 1 1 1 1 1 1 |1 6 1 1 1 1 1 1 1 1 1 1 1 5 1 1 1 1 |1 1 1 1 1 1 1 1 1 1 1 5 1 1 1 1 |1 1 1 5 1 1 1 1 1 1 1 1 3 1 |6 1 1 1 1 1 1 1 1 |1 1 1 1 6 6 1 1 6 1 1 1 1 1 1 1 1 1 6 1 |1 1 1 1 1 1 1 1 1 1 1 1 1 |6 1 1 1 1 6 1 1 1 1 1 4 6 1 1 1 1 1 1 1 |1 1 1 1 1 6 |6 1 1 1 1 1 6 1 1 1 1 1 |
最佳适应度：
110.96173323857997

===============第4个全局最优解================
最佳代数：
98351
最佳分配：
1 1 1 1 1 1 1 1 1 1 1 1 1 6 1 6 5 1 |1 1 1 6 1 6 1 6 1 1 1 |1 1 1 1 1 5 1 6 1 1 1 1 |1 1 1 1 6 1 1 1 1 1 6 1 1 1 1 1 |1 1 1 1 1 1 1 1 6 1 |6 1 1 1 1 1 1 1 1 1 1 1 1 6 1 6 1 |1 1 1 1 1 1 1 1 2 1 1 1 6 1 1 1 3 1 |1 1 1 1 1 1 1 |1 1 1 1 1 1 1 1 1 1 1 1 1 1 1 1 1 1 |1 1 1 1 1 1 1 1 1 6 1 1 1 1 1 1 1 1 1 |1 1 1 1 1 1 |1 1 1 1 1 1 1 1 1 1 |1 1 1 6 1 1 1 1 1 1 6 1 1 1 1 1 1 1 1 |1 1 1 6 1 1 1 6 1 |1 1 1 1 6 1 |1 1 6 1 1 1 1 1 1 1 6 1 1 1 1 1 1 |6 1 1 3 1 1 6 1 1 1 1 1 1 1 |1 1 1 1 1 1 1 1 |1 1 1 6 1 1 1 |1 1 2 1 1 1 1 1 1 1 1 1 1 1 1 1 |1 1 1 1 1 1 1 1 1 1 1 1 1 1 1 |1 1 1 1 1 1 1 1 1 1 1 1 1 6 1 1 1 1 |1 1 1 1 1 1 1 1 1 1 1 6 1 1 1 1 |1 1 1 6 1 1 1 1 1 1 1 1 1 1 |6 1 1 1 1 1 1 1 1 |1 1 1 1 6 6 1 1 6 1 1 1 1 1 1 1 1 1 6 1 |1 1 1 1 1 1 1 1 1 1 1 1 1 |1 1 1 1 1 6 1 1 1 1 1 1 6 1 1 1 1 1 1 1 |1 1 1 1 1 6 |6 1 1 1 1 1 6 1 1 1 1 1 |
最佳适应度：
110.98848398182031

===============第5个全局最优解================
最佳代数：
118214
最佳分配：
1 1 1 1 1 1 1 1 1 1 1 1 1 6 1 6 1 1 |1 1 1 6 1 3 1 6 1 1 1 |1 1 1 1 1 1 1 5 1 1 1 1 |1 1 1 1 6 1 6 1 1 4 6 1 1 1 1 1 |1 1 1 1 1 1 1 1 4 1 |5 1 1 1 1 1 1 1 1 1 1 1 1 5 1 6 1 |1 1 1 1 1 6 1 1 1 1 1 1 4 1 1 1 1 1 |1 1 1 1 1 1 1 |1 1 1 1 1 1 1 1 1 1 1 1 1 1 1 1 1 1 |1 1 1 1 1 1 4 1 1 6 1 1 1 1 1 1 1 1 1 |1 1 1 1 1 5 |1 1 1 1 1 1 1 1 1 1 |1 1 1 6 1 4 1 1 1 1 6 1 1 1 1 1 1 1 1 |1 1 6 6 1 4 1 6 1 |1 1 1 1 1 1 |1 1 6 1 1 1 1 1 1 1 6 1 1 1 1 1 1 |6 1 1 1 1 1 4 1 1 1 1 1 1 1 |1 1 1 1 1 1 1 1 |1 1 1 6 1 1 1 |1 1 1 1 1 1 1 1 1 1 1 1 1 1 1 1 |1 1 1 1 1 1 1 1 1 1 1 1 1 1 1 |1 6 1 1 1 1 1 1 1 1 1 1 1 1 1 1 1 2 |1 1 1 1 1 1 1 1 1 1 1 6 1 1 3 1 |1 1 1 1 1 1 1 1 1 1 1 1 5 1 |6 1 1 1 1 1 1 1 1 |1 1 1 1 6 6 1 1 1 1 1 1 1 1 1 1 1 1 6 1 |1 1 1 1 1 1 1 1 1 1 1 1 1 |6 1 1 1 1 5 1 1 1 1 1 5 6 1 1 1 1 1 1 1 |1 1 1 1 1 6 |1 1 1 1 1 1 6 1 1 1 1 1 |
最佳适应度：
112.46142328353378

===============第6个全局最优解================
最佳代数：
98454
最佳分配：
1 1 1 1 1 1 1 1 1 1 1 1 1 5 1 6 4 1 |1 1 1 6 1 1 1 6 1 1 1 |1 1 1 1 1 1 1 6 1 1 1 1 |1 1 1 1 6 1 1 1 1 1 6 1 1 1 1 1 |1 1 1 1 1 1 1 1 1 1 |1 1 1 1 1 1 1 1 1 1 1 1 1 5 1 6 1 |1 1 1 1 1 6 1 1 1 3 1 1 1 1 1 1 4 1 |1 1 6 1 1 1 1 |1 1 1 1 1 1 1 1 1 1 6 1 1 1 1 1 1 1 |1 1 1 1 1 1 4 1 1 5 1 1 1 1 1 1 1 1 1 |1 1 1 1 1 4 |1 1 1 1 1 1 1 1 1 1 |1 1 1 6 1 6 1 1 1 1 6 1 1 1 1 1 6 1 1 |1 1 6 6 1 1 1 6 1 |1 1 1 1 6 1 |1 1 6 1 1 1 1 1 1 1 5 1 1 1 1 1 1 |6 1 1 1 1 1 5 1 1 1 1 1 1 1 |1 1 1 1 1 1 1 1 |1 1 1 6 1 1 1 |1 1 1 1 1 1 1 1 1 1 1 1 1 1 1 1 |1 1 1 1 1 1 1 1 1 1 1 1 1 1 1 |1 1 1 1 1 3 1 1 1 1 1 1 1 1 1 1 1 1 |1 1 1 1 1 1 1 1 1 1 1 1 1 1 1 1 |1 1 1 5 1 1 1 1 1 1 1 1 5 1 |6 1 1 1 1 1 1 1 1 |1 1 1 1 6 6 1 1 6 1 1 1 1 1 1 1 1 1 6 1 |1 1 1 1 1 1 1 1 1 1 1 1 1 |6 1 1 1 1 6 1 1 1 1 1 1 6 1 1 1 1 1 1 1 |1 1 1 1 1 6 |1 1 1 1 1 1 6 1 1 1 1 1 |
最佳适应度：
111.57087924104486

===============第7个全局最优解================
最佳代数：
114362
最佳分配：
1 1 1 1 1 1 1 1 1 1 1 1 1 6 1 6 1 1 |1 1 1 6 1 1 1 6 1 1 1 |4 1 1 1 1 6 1 6 1 1 1 1 |1 1 1 1 6 1 6 1 1 3 6 5 1 1 1 1 |1 1 1 1 1 1 1 1 5 1 |1 1 1 1 1 1 1 1 1 1 1 1 1 6 1 6 1 |1 1 1 1 1 6 1 1 1 1 1 1 4 1 1 1 1 1 |1 1 1 1 1 1 1 |1 1 1 1 1 2 1 1 1 1 1 1 1 1 1 1 2 1 |1 1 1 1 1 1 1 1 1 4 1 1 1 1 1 1 1 1 1 |1 1 1 1 1 1 |1 1 1 1 1 1 1 1 1 1 |1 1 1 6 1 1 1 1 1 1 6 1 1 1 1 1 6 1 1 |1 1 1 6 1 3 1 6 1 |1 1 1 1 6 1 |1 1 1 1 1 1 1 1 1 1 1 1 1 1 1 1 1 |6 1 1 1 1 1 1 1 1 1 1 1 1 1 |1 1 1 1 1 1 1 1 |1 1 1 6 1 1 1 |1 1 1 1 1 1 1 1 1 1 1 1 1 1 1 1 |1 1 1 1 1 1 1 1 1 1 1 1 1 1 1 |1 6 1 1 1 1 1 1 1 1 1 1 1 6 1 1 1 1 |1 1 1 1 1 1 1 1 6 1 1 4 1 1 1 1 |1 1 1 3 1 1 1 1 1 1 1 1 5 1 |6 1 1 1 1 1 1 1 1 |1 1 1 1 6 6 1 1 6 1 1 1 1 1 1 1 1 1 6 1 |1 1 1 1 1 1 1 1 1 1 1 1 1 |6 1 1 1 1 6 1 1 1 1 1 3 6 1 1 1 1 1 1 1 |1 1 1 1 1 6 |6 1 1 1 1 1 1 1 1 1 1 1 |
最佳适应度：
110.52252613483645

===============第8个全局最优解================
最佳代数：
76714
最佳分配：
1 1 1 1 1 1 1 1 1 1 1 1 1 6 1 6 6 1 |1 1 1 6 1 1 1 6 1 1 1 |1 1 1 1 1 1 1 6 1 1 1 1 |1 1 1 1 6 1 6 1 1 1 6 1 1 1 1 1 |1 1 1 1 1 1 1 1 1 1 |1 1 1 1 1 1 1 1 1 1 1 1 1 6 1 6 1 |1 1 1 1 1 5 1 1 1 1 1 1 6 1 1 1 4 1 |1 1 1 1 1 1 1 |1 1 1 1 1 1 1 1 1 1 6 1 1 1 1 1 1 1 |1 1 1 1 1 1 1 1 1 1 1 1 1 1 1 1 1 1 1 |1 1 1 1 1 4 |1 1 1 1 1 1 1 1 1 1 |1 3 1 6 1 6 1 1 1 1 6 1 1 1 1 1 1 1 1 |1 1 1 6 1 1 1 6 1 |1 1 1 1 1 1 |1 1 1 1 1 1 1 1 1 1 6 1 1 1 1 1 1 |6 1 1 1 1 1 1 1 1 1 1 1 1 1 |1 1 1 1 1 1 1 1 |1 1 1 6 1 1 1 |1 1 1 1 1 1 1 1 1 1 1 1 1 1 1 1 |1 1 1 1 1 1 1 1 1 1 1 1 1 1 1 |1 6 1 1 1 1 1 1 1 1 2 1 1 6 1 1 1 4 |1 1 1 1 4 1 1 1 5 1 1 5 1 1 2 1 |1 1 1 1 1 1 1 1 1 1 1 1 5 1 |6 1 1 1 1 1 1 1 1 |1 1 1 1 6 6 1 1 5 1 1 1 1 1 1 1 1 4 6 1 |1 1 1 1 1 1 1 1 1 1 1 1 1 |6 1 1 1 1 5 1 1 1 1 1 2 6 1 1 1 1 1 1 1 |1 1 1 1 1 6 |1 1 1 1 1 1 6 1 1 1 1 1 |
最佳适应度：
112.59185744122198

===============第9个全局最优解================
最佳代数：
105327
最佳分配：
1 1 1 1 1 1 1 1 1 1 1 1 1 6 1 6 6 1 |1 1 1 6 1 1 1 1 1 1 1 |4 1 1 1 1 3 1 1 1 1 1 1 |1 1 1 1 6 1 1 1 1 5 1 5 1 1 1 1 |1 1 1 1 1 1 1 1 6 1 |1 1 1 1 1 1 1 1 1 1 1 1 1 1 1 6 1 |1 1 1 1 1 1 2 1 1 1 1 1 2 1 1 1 4 1 |1 1 1 1 1 1 5 |1 1 1 1 1 5 1 1 1 1 6 1 1 1 1 1 1 1 |1 1 1 1 1 1 5 1 1 1 1 1 1 1 1 1 1 1 1 |1 1 1 1 1 6 |1 1 1 1 1 1 1 1 1 1 |1 1 1 6 1 5 1 1 1 1 1 1 1 1 1 1 6 1 1 |1 1 6 6 1 1 1 6 1 |1 1 1 1 6 1 |1 1 6 1 1 1 1 1 1 1 1 1 1 1 1 1 1 |6 1 1 1 1 1 1 1 1 1 1 1 1 1 |1 1 1 1 1 1 1 1 |1 1 1 6 1 1 1 |1 1 1 1 1 1 1 1 1 1 1 1 1 1 1 1 |1 1 1 1 1 1 1 1 1 1 1 1 1 1 1 |1 6 1 1 1 1 1 1 1 1 1 1 1 5 1 1 1 4 |1 1 1 1 1 1 1 1 1 1 1 5 1 1 4 1 |1 1 1 4 1 1 1 1 1 1 1 1 4 1 |6 1 1 1 1 1 1 3 1 |1 1 1 1 5 6 1 1 6 1 1 1 1 1 1 1 1 2 6 1 |1 1 1 1 1 1 1 1 1 1 1 1 1 |1 1 1 1 1 1 1 1 1 1 1 4 6 1 1 1 1 1 1 1 |1 1 1 1 1 6 |6 1 1 1 1 1 6 1 1 1 1 1 |
最佳适应度：
110.50708190655838

===============第10个全局最优解================
最佳代数：
118736
最佳分配：
1 1 1 1 1 1 1 1 1 1 1 1 1 5 1 6 5 1 |1 1 1 6 1 2 1 6 1 1 1 |1 1 1 1 1 1 1 1 1 1 1 1 |1 1 1 1 6 1 1 1 1 4 6 6 1 1 1 1 |1 1 1 1 1 1 1 1 1 1 |6 1 1 1 1 1 1 1 1 1 1 1 1 1 1 6 1 |1 1 1 1 1 1 1 1 1 4 1 1 4 1 1 1 1 1 |1 1 4 1 1 1 1 |1 1 1 1 1 1 1 1 1 1 6 1 1 1 1 1 1 1 |1 1 1 1 1 1 1 1 1 1 1 1 1 1 1 1 1 1 1 |1 1 1 1 1 2 |1 1 1 1 1 1 1 1 1 1 |1 1 1 6 1 6 1 1 1 1 6 1 1 5 1 1 1 1 1 |1 1 5 6 1 3 1 6 1 |1 1 1 1 6 1 |1 1 6 1 1 1 1 1 1 1 6 1 1 1 1 1 1 |6 1 1 4 1 1 2 1 1 1 1 1 1 1 |1 1 1 1 1 1 1 1 |1 1 1 6 1 1 1 |1 1 1 1 1 1 1 1 1 1 1 1 1 1 1 1 |1 1 1 1 1 1 1 1 1 1 1 1 1 1 1 |1 6 1 1 1 1 1 1 1 1 3 1 1 1 1 1 1 1 |1 1 1 1 1 1 1 1 1 1 1 6 1 1 1 1 |1 1 1 4 1 1 1 1 1 1 1 1 5 1 |6 1 1 1 1 1 5 1 1 |1 1 1 1 6 6 1 1 1 1 1 1 1 1 1 1 1 3 6 1 |1 1 1 1 1 1 1 1 1 1 1 1 1 |5 1 1 1 1 6 1 1 1 1 1 1 5 1 1 1 1 1 1 1 |1 1 1 1 1 6 |6 1 1 1 1 1 1 1 1 1 1 1 |
最佳适应度：
111.78729731154108

===============第11个全局最优解================
最佳代数：
116356
最佳分配：
1 1 1 1 1 1 1 1 1 1 1 1 1 5 1 6 3 1 |1 1 1 6 1 4 1 1 1 1 1 |1 1 1 1 1 1 1 6 1 1 1 1 |1 1 1 1 5 1 6 1 3 3 6 1 1 1 1 1 |1 1 1 1 1 1 1 1 1 1 |1 1 1 1 1 1 1 1 1 1 1 1 1 4 1 6 1 |1 1 1 1 1 6 1 1 1 3 1 1 4 1 1 1 1 1 |1 1 3 1 1 1 1 |1 1 1 1 1 1 1 1 1 1 5 1 1 1 1 1 1 1 |1 1 1 1 1 1 4 1 1 1 1 1 1 1 1 1 1 1 1 |1 1 1 1 1 5 |1 1 1 1 1 1 1 1 1 1 |1 1 1 6 1 5 1 1 1 1 6 1 1 5 1 1 6 1 1 |1 1 6 6 1 4 1 6 1 |1 1 1 1 4 1 |1 1 1 1 1 1 1 1 1 1 6 1 1 1 1 1 1 |6 1 1 4 1 1 1 1 1 1 1 1 1 1 |1 1 1 1 1 1 1 1 |1 1 1 6 1 1 1 |1 1 1 1 1 1 1 1 1 1 1 1 1 1 1 1 |1 1 1 1 1 1 1 1 1 1 1 1 1 1 1 |1 6 1 1 1 1 1 1 1 1 1 1 1 1 1 1 1 3 |1 1 1 1 1 1 1 1 1 1 1 6 1 1 1 1 |1 1 1 5 1 1 1 1 1 1 1 1 1 1 |6 1 1 1 1 1 1 1 1 |1 1 1 1 6 1 1 1 6 1 1 1 1 1 1 1 1 1 6 1 |1 1 1 1 1 1 1 1 1 1 1 1 1 |5 1 1 1 1 5 1 1 1 1 1 1 6 1 1 1 1 1 1 1 |1 1 1 1 1 6 |6 1 1 1 1 1 6 1 1 1 1 1 |
最佳适应度：
111.81501928630668

===============第12个全局最优解================
最佳代数：
98869
最佳分配：
1 1 1 1 1 1 1 1 1 1 1 1 1 6 1 6 5 1 |1 1 1 6 1 1 1 6 1 1 1 |1 1 1 1 1 1 1 6 1 1 1 1 |1 1 1 1 6 1 6 1 1 6 6 1 1 1 1 1 |1 1 1 1 1 1 1 1 1 1 |6 1 1 1 1 1 1 1 1 1 1 1 1 6 1 6 1 |1 1 1 1 1 6 1 1 1 1 1 1 1 1 1 1 3 1 |1 1 1 1 1 1 1 |1 1 1 1 1 1 1 1 1 1 6 1 1 1 1 1 3 1 |1 1 1 1 1 1 1 1 1 6 1 1 1 1 1 1 1 1 1 |1 1 1 1 1 6 |1 1 1 1 1 1 1 1 1 1 |1 1 1 6 1 6 1 1 1 1 1 1 1 1 1 1 1 1 1 |1 1 6 6 1 4 1 6 1 |1 1 1 1 6 1 |1 1 6 1 1 1 1 1 1 1 5 1 1 1 1 1 1 |6 1 1 1 1 1 1 1 1 1 1 1 1 1 |1 1 1 1 1 1 1 1 |1 1 1 6 1 1 1 |1 1 1 1 1 1 1 1 1 1 1 1 1 1 1 1 |1 1 1 1 1 1 1 1 1 1 1 1 1 1 1 |1 6 1 1 1 1 1 1 1 1 1 1 1 1 1 1 1 1 |1 1 1 1 1 1 1 1 1 1 1 6 1 1 5 1 |1 1 1 5 1 1 1 1 1 1 1 1 1 1 |6 1 1 1 1 1 1 1 1 |1 1 1 1 6 6 1 1 1 1 1 1 1 1 1 1 1 1 1 1 |1 1 1 1 1 1 1 1 1 1 1 1 1 |6 1 1 1 1 6 1 1 1 1 1 1 1 1 1 1 1 1 1 1 |1 1 1 4 1 1 |6 1 1 1 1 1 6 1 4 1 1 1 |
最佳适应度：
110.67485811930398

===============第13个全局最优解================
最佳代数：
110160
最佳分配：
1 1 1 1 1 1 1 1 1 1 1 1 1 6 1 6 1 1 |1 1 1 6 1 1 1 6 1 1 1 |1 1 1 1 1 1 1 6 1 1 1 1 |1 1 1 1 6 1 6 1 1 1 6 4 1 1 1 1 |1 1 1 2 1 1 1 1 5 1 |1 1 1 1 1 1 1 1 1 1 1 1 1 4 1 6 1 |1 1 1 1 1 1 1 1 1 1 1 1 5 1 1 1 1 1 |1 1 1 1 1 1 3 |1 1 1 1 1 1 1 1 1 1 6 1 1 1 1 1 5 1 |1 1 1 1 1 1 1 1 1 4 1 1 1 1 1 1 1 1 1 |1 1 1 1 1 1 |1 1 1 1 1 1 1 1 1 1 |1 1 1 6 1 5 1 1 1 1 6 1 1 6 1 1 1 1 1 |1 1 1 6 1 6 1 6 5 |1 1 1 1 6 1 |1 1 1 1 1 1 1 1 1 1 6 1 1 1 1 1 1 |6 1 1 1 1 1 5 1 1 1 1 1 1 1 |1 1 1 1 1 1 1 1 |1 1 1 1 1 1 1 |1 1 1 1 1 1 1 1 1 1 1 1 1 1 1 1 |1 1 1 1 1 1 1 1 1 1 1 1 1 1 1 |1 6 1 1 1 1 1 1 1 1 1 1 1 1 1 1 1 4 |1 1 1 1 1 1 1 1 1 1 1 6 1 1 1 1 |1 1 1 3 1 1 1 1 1 1 1 1 1 1 |6 1 1 1 1 1 4 1 1 |1 1 1 1 6 6 1 1 1 1 1 1 1 1 1 1 1 1 6 1 |1 1 1 1 1 1 1 1 1 1 1 1 1 |6 1 1 1 1 6 1 1 1 1 1 6 6 1 1 1 1 1 1 1 |1 1 1 1 1 6 |1 1 1 1 1 1 6 1 1 1 1 1 |
最佳适应度：
111.03406982305843

===============第14个全局最优解================
最佳代数：
119037
最佳分配：
1 1 1 1 1 1 1 1 1 1 1 1 1 1 1 6 1 1 |1 1 1 5 1 1 1 1 1 1 1 |1 1 1 1 1 3 1 6 1 1 1 1 |1 1 1 1 6 1 6 1 1 4 6 1 1 1 1 1 |1 1 1 1 1 1 1 1 1 1 |1 1 1 1 1 2 1 1 1 1 1 1 1 5 1 6 1 |1 1 1 1 1 6 1 1 1 1 1 1 1 1 1 1 4 1 |1 1 1 1 1 1 1 |5 1 1 1 4 1 1 1 1 1 4 1 1 1 1 1 1 1 |1 1 1 1 1 1 6 1 1 5 1 1 1 1 1 1 1 1 1 |1 1 1 1 1 1 |1 1 1 1 1 1 1 1 1 1 |1 1 1 6 1 5 1 1 1 1 1 1 1 5 1 1 1 1 1 |1 1 1 6 1 6 1 6 1 |1 1 1 1 6 1 |1 1 5 1 1 1 1 1 1 1 1 1 1 1 1 1 1 |6 1 1 1 1 1 3 1 1 1 1 1 1 1 |1 1 1 1 1 1 1 1 |1 1 1 6 1 1 1 |3 1 1 1 1 1 1 1 1 1 1 1 1 1 1 1 |1 1 1 1 1 1 1 1 1 1 1 1 1 1 1 |1 6 1 1 1 3 1 1 1 1 1 1 1 5 1 1 1 4 |1 1 1 1 3 1 1 1 1 1 1 6 1 1 1 1 |1 1 1 1 1 1 1 1 1 1 1 1 5 1 |6 1 1 1 1 1 1 1 1 |1 1 1 1 1 6 1 1 1 1 1 1 1 1 1 1 1 5 5 1 |1 1 1 1 1 1 1 1 4 1 1 1 1 |1 1 1 1 1 6 1 1 1 1 1 5 6 1 3 1 1 1 1 1 |1 1 1 6 1 6 |6 1 1 1 1 1 1 1 1 1 1 1 |
最佳适应度：
108.52699368851196

===============第15个全局最优解================
最佳代数：
67136
最佳分配：
1 1 1 1 1 1 1 1 1 1 1 1 1 6 1 6 4 1 |1 1 1 6 1 1 1 6 1 1 1 |2 1 1 1 1 1 1 6 1 1 1 1 |1 1 1 1 6 1 6 1 1 1 6 1 1 1 1 1 |1 1 1 1 1 1 1 1 5 1 |5 1 1 1 1 1 1 1 1 1 1 1 1 1 1 6 1 |1 1 1 1 1 6 1 1 1 1 1 1 1 1 1 1 1 1 |1 1 2 1 1 1 1 |1 1 1 1 1 1 1 1 1 1 3 1 1 1 1 1 1 1 |1 1 1 1 1 1 1 1 1 6 1 1 1 1 1 1 1 1 1 |1 1 1 1 1 1 |1 1 1 1 1 1 1 1 1 1 |1 1 1 6 1 4 1 1 1 1 5 1 1 1 1 1 6 1 1 |1 1 6 6 1 1 1 6 1 |1 1 1 1 5 1 |1 1 6 1 1 1 1 1 1 1 6 1 1 1 1 1 1 |6 1 1 1 1 1 1 1 1 1 1 1 1 1 |1 1 1 1 1 1 1 1 |1 1 1 6 1 1 1 |1 1 1 1 1 1 1 1 1 1 1 1 1 1 1 1 |1 1 1 1 1 1 1 1 1 1 1 1 1 1 1 |1 6 1 1 1 1 1 1 1 1 2 1 1 4 1 1 1 4 |1 1 1 1 1 1 1 1 4 1 1 6 1 1 1 1 |1 1 1 6 1 1 1 1 1 1 1 1 1 1 |6 1 1 1 1 1 1 3 1 |1 1 1 1 1 6 1 1 5 1 1 1 1 1 1 1 1 4 1 1 |1 1 1 1 1 1 1 1 1 1 1 1 1 |6 1 1 1 1 4 1 1 1 1 1 1 6 1 1 1 1 1 1 1 |1 1 1 2 1 6 |6 1 1 1 1 1 6 1 1 1 1 1 |
最佳适应度：
112.94950815901689

===============第16个全局最优解================
最佳代数：
118877
最佳分配：
1 1 1 1 1 1 1 1 1 1 1 1 1 6 1 6 6 1 |1 1 1 6 1 1 1 6 1 1 1 |1 1 1 1 1 1 1 6 1 1 1 1 |1 1 1 1 6 1 6 1 3 5 6 1 1 1 1 1 |1 1 1 1 1 1 1 1 1 1 |1 1 1 1 1 1 1 1 1 1 1 1 1 5 1 1 1 |1 1 1 1 1 6 1 1 5 1 1 1 1 1 1 1 1 1 |1 1 1 1 1 1 1 |1 1 1 1 1 1 1 1 1 1 6 1 1 1 1 1 6 1 |1 1 1 1 1 1 5 1 1 6 1 1 1 1 1 1 1 1 1 |1 1 1 1 1 6 |1 1 1 1 1 1 1 1 1 1 |1 1 1 6 1 1 1 1 1 1 6 1 1 1 1 1 1 1 1 |1 1 6 6 1 1 1 6 1 |1 1 1 1 1 1 |1 1 1 1 1 1 1 1 1 1 5 1 1 1 1 1 1 |6 1 1 1 1 1 1 1 1 1 1 1 1 1 |1 1 1 1 1 1 1 1 |1 1 1 6 1 1 1 |1 1 3 1 1 1 1 1 1 1 1 1 1 1 1 1 |1 1 1 1 1 1 1 1 1 1 1 1 1 1 1 |1 6 1 1 1 2 1 1 1 1 1 1 1 1 1 1 1 4 |1 1 1 1 5 1 1 1 1 1 1 6 1 1 4 1 |1 1 1 6 1 1 1 1 1 1 1 1 1 1 |6 1 1 1 1 1 1 1 1 |1 1 1 1 6 6 1 1 6 1 1 1 1 1 1 1 1 4 1 1 |1 1 1 1 1 1 1 1 1 1 1 1 1 |1 1 1 1 1 1 1 1 1 1 1 4 6 1 1 1 1 1 1 1 |1 1 1 1 4 6 |1 1 1 1 1 1 6 1 1 1 1 1 |
最佳适应度：
110.34926689975481

===============第17个全局最优解================
最佳代数：
119228
最佳分配：
1 1 1 1 1 1 1 1 1 1 1 1 1 6 1 6 1 1 |1 1 1 1 1 5 1 6 1 1 1 |1 1 1 1 1 3 1 6 1 1 1 1 |1 1 1 1 6 1 6 1 1 5 6 5 1 1 1 1 |1 1 1 1 1 1 1 1 5 1 |5 1 1 1 1 1 1 1 1 1 1 1 1 1 1 6 1 |1 1 1 1 1 6 1 1 1 1 1 1 1 1 1 1 1 1 |1 1 1 1 1 1 1 |1 1 1 1 1 6 1 1 1 1 1 1 1 1 1 1 1 1 |1 1 1 1 1 1 6 1 1 3 1 1 1 1 1 1 1 1 1 |1 1 1 1 1 5 |1 1 1 1 1 1 1 1 1 1 |1 1 1 6 1 1 1 1 1 1 6 1 1 6 1 1 1 1 1 |1 1 1 6 1 1 1 6 1 |1 1 1 1 6 1 |1 1 1 1 1 1 1 1 1 1 1 1 1 1 1 1 1 |6 1 1 1 1 1 1 1 1 1 1 1 1 1 |1 1 1 1 1 1 1 1 |1 1 1 6 1 1 1 |1 1 1 1 1 1 1 1 1 1 1 1 1 1 1 1 |1 1 1 1 1 1 1 1 1 1 1 1 1 1 1 |1 6 1 1 1 1 1 1 2 1 1 1 1 6 1 1 1 1 |1 1 1 1 1 1 1 1 6 1 1 5 1 1 1 2 |1 1 1 1 1 1 1 1 1 1 1 1 1 1 |6 1 1 1 1 1 1 1 1 |1 1 1 1 6 6 1 1 6 1 1 1 1 1 1 1 1 2 6 1 |1 1 1 1 1 1 1 1 1 1 1 1 1 |1 1 1 1 1 6 1 1 1 1 1 5 6 1 1 1 1 1 1 1 |1 1 1 1 1 6 |6 1 1 1 1 1 6 1 1 1 1 1 |
最佳适应度：
111.7844282498716

===============第18个全局最优解================
最佳代数：
111668
最佳分配：
1 1 1 1 1 1 1 1 1 1 1 1 1 6 1 6 5 1 |1 1 1 6 1 4 1 1 1 1 1 |1 1 1 1 1 4 1 1 1 1 1 1 |1 1 1 1 6 1 6 1 2 6 6 4 1 1 1 1 |1 1 1 1 1 1 1 1 1 1 |6 1 1 1 1 1 1 1 1 1 1 1 1 5 1 6 1 |1 1 1 1 1 1 1 1 1 1 1 1 3 1 1 1 1 1 |1 1 1 1 1 1 1 |4 1 1 1 1 1 1 1 1 1 1 1 1 1 1 1 1 1 |1 1 1 1 1 1 3 1 1 1 1 1 1 1 1 1 1 1 1 |1 1 1 1 1 5 |1 1 1 1 1 1 1 1 1 1 |1 1 1 5 1 5 1 1 1 1 5 1 1 6 1 1 6 1 1 |1 1 6 6 1 4 1 6 1 |1 1 1 1 5 1 |1 1 6 1 1 1 1 1 1 1 1 1 1 1 1 1 1 |6 1 1 1 1 1 1 1 1 1 1 1 1 1 |1 1 1 1 1 1 1 1 |1 1 1 6 1 1 1 |1 1 1 1 1 1 1 1 1 1 1 1 1 1 1 1 |1 1 1 1 1 1 1 1 1 1 1 1 1 1 1 |1 6 1 1 1 1 1 1 1 1 1 1 1 4 1 1 1 1 |1 1 1 1 1 1 1 1 1 1 1 5 1 1 4 1 |1 1 1 1 1 1 1 1 1 1 1 1 5 1 |6 1 1 1 1 1 1 1 1 |1 1 1 1 6 6 1 1 5 1 1 1 1 1 1 1 1 1 1 1 |1 1 1 1 1 1 1 1 1 1 1 1 1 |6 1 1 1 1 5 1 1 1 1 1 1 6 1 1 1 1 1 1 1 |1 1 1 1 1 6 |5 1 1 1 1 1 6 1 1 1 1 1 |
最佳适应度：
111.45596030763622

===============第19个全局最优解================
最佳代数：
109550
最佳分配：
1 1 1 1 1 1 1 1 1 1 1 1 1 5 1 6 1 1 |1 1 1 6 1 3 1 6 1 1 1 |1 1 1 1 1 1 1 6 1 1 1 1 |1 1 1 1 6 1 6 1 1 1 5 1 1 1 1 1 |1 1 1 1 1 1 1 1 1 1 |6 1 1 1 1 1 1 1 1 1 1 1 1 5 1 6 1 |1 1 1 1 1 6 1 1 1 2 1 1 4 1 1 1 1 1 |1 1 1 1 1 1 1 |1 1 1 1 1 1 1 1 1 1 1 1 1 1 1 1 1 1 |1 1 1 1 1 1 1 1 1 1 1 1 1 1 1 1 1 1 1 |1 1 1 1 1 1 |1 1 1 1 1 1 1 1 1 1 |1 1 1 6 1 6 1 1 1 1 6 1 1 3 1 1 1 1 1 |1 1 6 6 1 1 1 6 1 |1 1 1 1 5 1 |1 1 5 1 1 1 1 1 1 1 6 1 1 1 1 1 1 |6 1 1 1 1 1 3 1 1 1 1 1 1 1 |1 1 1 1 1 1 1 1 |1 1 1 6 1 1 1 |1 1 1 1 1 1 1 1 1 1 1 1 1 1 1 1 |1 1 1 1 1 1 1 1 1 1 1 1 1 1 1 |1 6 1 1 1 1 1 1 1 1 5 1 1 4 1 1 1 1 |1 1 1 1 2 1 1 1 6 1 1 6 1 1 4 1 |1 1 1 1 1 1 1 1 1 1 1 1 3 1 |6 1 1 1 1 1 6 2 1 |1 1 1 1 1 6 1 1 1 1 1 1 1 1 1 1 1 1 6 1 |1 1 1 1 1 1 1 1 1 1 1 1 1 |6 1 1 1 1 6 1 1 1 1 1 3 6 1 1 1 1 1 1 1 |1 1 1 1 1 6 |4 1 1 1 1 1 6 1 1 1 1 1 |
最佳适应度：
112.97156142167069

===============第20个全局最优解================
最佳代数：
82422
最佳分配：
1 1 1 1 1 1 1 1 1 1 1 1 1 6 1 6 6 1 |1 1 1 6 1 1 1 6 1 1 1 |1 1 1 1 1 1 1 6 1 1 1 1 |1 1 1 1 5 1 6 1 1 5 6 1 1 1 1 1 |1 1 1 1 1 1 1 1 1 1 |1 1 1 1 1 1 1 1 1 1 1 1 1 1 1 6 1 |1 1 1 1 1 6 1 1 1 2 1 1 1 1 1 1 3 1 |1 1 2 1 1 1 6 |1 1 1 1 1 4 1 1 1 1 1 1 1 1 1 1 4 1 |1 1 1 1 1 1 1 1 1 1 1 1 1 1 1 1 1 1 1 |1 1 1 1 1 6 |1 1 1 1 1 1 1 1 1 1 |1 1 1 6 1 1 1 1 1 1 6 1 1 1 1 1 1 1 1 |1 1 6 6 1 5 1 6 1 |1 1 1 1 6 1 |2 1 6 1 1 1 1 1 1 1 6 1 1 1 1 1 1 |6 1 1 3 1 1 1 1 1 1 1 1 1 1 |1 1 1 1 1 1 1 1 |1 1 1 1 1 1 1 |1 1 1 1 1 1 1 1 1 1 1 1 1 1 1 1 |1 1 1 1 1 1 1 1 1 1 1 1 1 1 1 |1 6 1 1 1 5 1 1 1 1 1 1 1 6 1 1 1 1 |1 1 1 1 6 1 1 1 6 1 1 1 1 1 1 2 |1 1 1 6 1 1 1 1 1 1 1 1 1 1 |6 1 1 1 1 1 1 1 1 |1 1 1 1 6 1 1 1 6 1 1 1 1 1 1 1 1 1 1 1 |1 1 1 2 1 1 1 1 1 1 1 1 1 |1 1 1 1 1 6 1 1 1 1 1 4 1 1 1 1 1 1 1 1 |1 1 1 1 1 6 |6 1 1 1 1 1 6 1 1 1 1 1 |
最佳适应度：
109.62979372045776

===============第21个全局最优解================
最佳代数：
115533
最佳分配：
1 1 1 1 1 1 1 1 1 1 1 1 1 6 1 6 5 1 |1 1 1 6 1 2 1 6 1 1 1 |1 1 1 1 1 1 1 6 1 1 1 1 |1 1 1 1 6 1 6 1 1 6 6 6 1 1 1 1 |1 1 1 1 1 1 1 1 5 1 |1 1 1 1 1 1 1 1 1 1 1 1 1 1 1 6 1 |1 1 1 1 1 6 1 1 1 1 1 1 1 1 1 1 3 1 |1 1 1 1 1 1 5 |2 1 1 1 1 1 1 1 1 1 1 1 1 1 1 1 3 1 |1 1 1 1 1 1 1 1 1 1 1 1 1 1 1 1 1 1 1 |1 1 1 1 1 1 |1 1 1 1 1 1 1 1 1 1 |1 1 1 6 1 6 1 1 1 1 6 1 1 1 1 1 1 1 1 |1 1 6 6 1 1 1 6 2 |1 1 1 1 6 1 |1 1 6 1 1 1 1 1 1 1 6 1 1 1 1 1 1 |6 1 1 1 1 1 1 1 1 1 1 1 1 1 |1 1 1 1 1 1 1 1 |1 1 1 6 1 1 1 |1 1 1 1 1 1 1 1 1 1 1 1 1 1 1 1 |1 1 1 1 1 1 1 1 1 1 1 1 1 1 1 |1 6 1 1 1 1 1 1 1 1 1 1 1 6 1 1 1 1 |1 1 1 1 1 1 1 1 6 1 1 5 1 1 1 1 |1 1 1 1 1 1 1 1 1 1 1 1 1 1 |6 1 1 1 1 1 1 1 1 |1 1 1 1 1 6 1 1 6 1 1 1 1 1 1 1 1 1 6 1 |1 1 1 1 1 1 1 1 5 1 1 1 1 |1 1 1 1 1 1 1 1 1 1 1 1 6 1 1 1 1 1 1 1 |1 1 1 1 3 6 |6 1 1 1 1 1 6 1 1 1 1 1 |
最佳适应度：
111.42143333879149

===============第22个全局最优解================
最佳代数：
112699
最佳分配：
1 1 1 1 1 1 1 1 1 1 1 1 1 1 1 6 1 1 |1 1 1 6 1 1 1 6 1 1 1 |1 1 1 1 1 6 1 6 1 1 1 1 |1 1 1 1 1 1 6 1 1 6 1 6 1 1 1 1 |1 1 1 1 1 1 1 1 1 1 |6 1 1 1 1 1 1 1 1 1 1 1 1 5 1 6 1 |1 1 1 1 1 1 1 1 1 2 1 1 1 1 1 1 6 1 |1 1 1 1 1 1 4 |2 1 1 1 1 1 1 1 1 1 1 1 1 1 1 1 3 1 |1 1 1 1 1 1 6 1 1 1 1 1 1 1 1 1 1 1 1 |1 1 1 1 1 5 |1 1 1 1 1 1 1 1 1 1 |1 1 1 6 1 6 1 1 1 1 6 1 1 5 1 1 6 1 1 |1 1 5 6 1 1 1 6 1 |1 1 1 1 1 1 |1 1 6 1 1 1 1 1 1 1 1 1 1 1 1 1 1 |6 1 1 1 1 1 1 1 1 1 1 1 1 1 |1 1 1 1 1 1 1 1 |1 1 1 1 1 1 1 |1 1 1 1 1 1 1 1 1 1 1 1 1 1 1 1 |1 1 1 1 1 1 1 1 1 3 1 1 1 1 1 |1 6 1 1 1 1 1 1 1 1 1 1 1 5 1 1 1 3 |1 1 1 1 1 1 1 1 5 1 1 1 1 1 1 1 |1 1 1 6 1 1 1 1 1 1 1 1 4 1 |6 1 1 1 1 1 1 1 1 |1 1 1 1 6 6 1 1 5 1 1 1 1 1 1 1 1 1 6 1 |1 1 1 1 1 1 1 1 1 1 1 1 1 |6 1 1 1 1 1 1 1 1 1 1 5 1 1 1 1 1 1 1 1 |1 1 1 1 1 6 |5 1 1 1 1 1 6 1 5 1 1 1 |
最佳适应度：
109.61772860515418

===============第23个全局最优解================
最佳代数：
99673
最佳分配：
1 1 1 1 1 1 1 1 1 1 1 1 1 6 1 6 5 1 |1 1 1 1 1 5 1 6 1 1 1 |1 1 1 1 1 1 1 6 1 1 1 1 |1 1 1 1 6 1 6 1 1 1 6 1 1 1 1 1 |1 1 1 1 1 1 1 1 4 1 |6 1 1 1 1 1 1 1 1 1 1 1 1 5 1 6 1 |1 1 1 1 1 6 1 1 1 1 1 1 1 1 1 1 1 1 |1 1 1 1 1 1 1 |1 1 1 1 1 1 1 1 1 1 1 1 1 1 1 1 1 1 |1 1 1 1 1 1 1 1 1 5 1 1 1 1 1 1 1 1 1 |1 1 1 1 1 1 |1 1 1 1 1 1 1 1 1 1 |1 1 1 1 1 6 1 1 1 1 6 1 1 1 1 1 6 1 1 |1 1 6 6 1 3 1 6 1 |1 1 1 1 1 1 |1 1 6 1 1 1 1 1 1 1 6 1 1 1 1 1 1 |6 1 1 1 1 1 1 1 1 1 1 1 1 1 |1 1 1 1 1 1 1 1 |1 1 1 6 1 1 1 |1 1 1 1 1 1 1 1 1 1 1 1 1 1 1 1 |1 1 1 1 1 1 1 1 1 1 1 1 1 1 1 |1 6 1 1 1 1 1 1 1 1 1 1 1 1 1 1 1 5 |1 1 1 1 1 1 1 1 1 1 1 6 1 1 1 1 |1 1 1 5 1 1 1 1 1 1 1 1 4 1 |6 1 1 1 1 1 1 1 1 |1 1 1 1 6 6 1 1 6 1 1 1 1 1 1 1 1 4 6 1 |1 1 1 1 1 1 1 1 1 1 1 1 1 |6 1 1 1 1 6 1 1 1 1 1 5 6 1 1 1 1 1 1 1 |1 1 1 1 1 6 |1 1 1 1 1 1 6 1 1 1 1 1 |
最佳适应度：
112.91337938468774

===============第24个全局最优解================
最佳代数：
92266
最佳分配：
1 1 1 1 1 1 1 1 1 1 1 1 1 6 1 6 1 1 |1 1 1 6 1 1 1 6 1 1 1 |1 1 1 1 1 1 1 6 1 1 1 1 |1 1 1 1 6 1 6 1 1 4 6 1 1 1 1 1 |1 1 1 1 1 1 1 1 6 1 |1 1 1 1 1 1 1 1 1 1 1 1 1 6 1 6 1 |1 1 1 1 1 1 1 1 1 5 1 1 1 1 1 1 1 1 |1 1 5 1 1 1 1 |5 1 1 1 1 1 1 1 1 1 1 1 1 1 1 1 6 1 |1 1 1 3 1 1 6 1 1 1 1 1 1 1 1 1 1 1 1 |1 1 1 1 1 6 |1 1 1 1 1 1 1 1 1 1 |1 1 1 1 1 1 1 1 1 1 6 1 1 1 1 1 6 1 1 |1 1 1 6 1 1 1 6 6 |1 1 1 1 6 1 |1 1 6 1 1 1 1 1 1 1 1 1 1 1 1 1 1 |6 1 1 1 1 1 5 1 1 1 1 1 1 1 |1 1 1 1 1 1 1 1 |1 1 1 1 1 1 1 |1 1 1 1 1 1 1 1 1 1 1 1 1 1 1 1 |1 1 1 1 1 1 1 1 1 1 1 1 1 1 1 |1 6 1 1 1 1 1 1 1 1 3 1 1 1 1 1 1 4 |1 1 1 1 1 1 1 1 6 1 1 1 1 1 6 1 |1 1 1 1 1 1 1 1 1 1 1 1 1 1 |6 1 1 1 1 1 4 1 1 |1 1 1 1 6 6 1 1 1 1 1 1 1 1 1 1 1 5 6 1 |1 1 1 1 1 1 1 1 1 1 1 1 1 |1 1 1 1 1 1 1 1 1 1 1 5 6 1 3 1 1 1 1 1 |1 1 1 1 1 1 |6 1 1 1 1 1 6 1 1 1 1 1 |
最佳适应度：
109.16547969612076

===============第25个全局最优解================
最佳代数：
98222
最佳分配：
1 1 1 1 1 1 1 1 1 1 1 1 1 6 1 6 6 1 |1 1 1 6 1 1 1 6 1 1 1 |3 1 1 1 1 1 1 6 1 1 1 1 |1 1 1 1 6 1 6 1 1 1 6 6 1 1 1 1 |1 1 1 1 1 1 1 1 4 1 |6 1 1 1 1 1 1 1 1 1 1 1 1 1 1 6 1 |1 1 1 1 1 1 1 1 1 1 1 1 1 1 1 1 4 1 |1 1 4 1 1 1 1 |1 1 1 1 1 4 1 1 1 1 1 1 1 1 1 1 1 1 |1 1 1 1 1 1 1 1 1 1 1 1 1 1 1 1 1 1 1 |1 1 1 1 1 5 |1 1 1 1 1 1 1 1 1 1 |1 1 1 6 1 6 1 1 1 1 1 1 1 1 1 1 5 1 1 |1 1 6 6 1 3 1 6 1 |1 1 1 1 6 1 |1 1 6 1 1 1 1 1 1 1 6 1 1 1 1 1 1 |6 1 1 1 1 1 1 1 1 1 1 1 1 1 |1 1 1 1 1 1 1 1 |1 1 1 6 1 1 1 |1 1 1 1 1 1 1 1 1 1 1 1 1 1 1 1 |1 1 1 1 1 1 1 1 1 1 1 1 1 1 1 |1 6 1 1 1 1 1 1 1 1 1 1 1 1 1 1 1 2 |1 1 1 1 1 1 1 1 4 1 1 6 1 1 1 1 |1 1 1 4 1 1 1 1 1 1 1 1 1 1 |6 1 1 1 1 1 1 4 1 |1 1 1 1 1 6 1 1 5 1 1 1 1 1 1 1 1 3 6 1 |1 1 1 1 1 1 1 1 1 1 1 1 1 |5 1 1 1 1 1 1 1 1 1 1 5 5 1 1 1 1 1 1 1 |1 1 1 1 1 6 |3 1 1 1 1 1 6 1 1 1 1 1 |
最佳适应度：
112.39543491875118

===============第26个全局最优解================
最佳代数：
111628
最佳分配：
1 1 1 1 1 1 1 1 1 1 1 1 1 6 1 6 5 1 |1 1 1 6 1 1 1 6 1 1 1 |1 1 1 1 1 2 1 6 1 1 1 1 |1 1 1 1 1 1 5 1 1 1 6 6 1 1 1 1 |1 1 1 1 1 1 1 1 5 1 |5 1 1 1 1 1 1 1 1 1 1 1 1 6 1 6 1 |1 1 1 1 1 6 1 1 1 2 1 1 4 1 1 1 1 1 |1 1 1 1 1 1 1 |1 1 1 1 1 1 1 1 1 1 6 1 1 1 1 1 1 1 |1 1 1 1 1 1 3 1 1 6 1 1 1 1 1 1 1 1 1 |1 1 1 1 1 4 |1 1 1 1 1 1 1 1 1 1 |1 1 1 1 1 5 1 1 1 1 6 1 1 6 1 1 6 1 1 |1 1 1 6 1 3 1 6 1 |1 1 1 1 6 1 |1 1 1 1 1 1 1 1 1 1 1 1 1 1 1 1 1 |6 1 1 1 1 1 4 1 1 1 1 1 1 1 |1 1 1 1 1 1 1 1 |1 1 1 6 1 1 1 |1 1 1 1 1 1 1 1 1 1 1 1 1 1 1 1 |1 1 1 1 1 1 1 1 1 1 1 1 1 1 1 |1 6 1 1 1 1 1 1 1 1 1 1 1 1 1 1 1 1 |1 1 1 1 1 1 1 1 6 1 1 6 1 1 5 1 |1 1 1 1 1 1 1 1 1 1 1 1 5 1 |6 1 1 1 1 1 1 1 1 |1 1 1 1 6 6 1 1 6 1 1 1 1 1 1 1 1 3 1 1 |1 1 1 1 1 1 1 1 1 1 1 1 1 |1 1 1 1 1 5 1 1 1 1 1 1 6 1 1 1 1 1 1 1 |1 1 1 1 1 6 |1 1 1 1 1 1 6 1 1 1 1 1 |
最佳适应度：
112.47548554770579

===============第27个全局最优解================
最佳代数：
118800
最佳分配：
1 1 1 1 1 1 1 1 1 1 1 1 1 1 1 6 5 1 |1 1 1 6 1 2 1 6 1 1 1 |1 1 1 1 1 4 1 6 1 1 1 1 |1 1 1 1 6 1 6 1 1 6 6 6 1 1 1 1 |1 1 1 1 1 1 1 1 5 1 |5 1 1 1 1 1 1 1 1 1 1 1 1 6 1 6 1 |1 1 1 1 1 1 1 1 1 1 1 1 1 1 1 1 1 1 |1 1 1 1 1 1 1 |1 1 1 1 1 2 1 1 1 1 1 1 1 1 1 1 1 1 |1 1 1 1 1 1 4 1 1 1 1 1 1 1 1 1 1 1 1 |1 1 1 1 1 5 |1 1 1 1 1 1 1 1 1 1 |1 1 1 6 1 6 1 1 1 1 6 1 1 6 1 1 6 1 1 |1 1 6 6 1 1 1 6 1 |1 1 1 1 6 1 |1 1 6 1 1 1 1 1 1 1 6 1 1 1 1 1 1 |6 1 1 1 1 1 1 1 1 1 1 1 1 1 |1 1 1 1 1 1 1 1 |1 1 1 1 1 1 1 |1 1 1 1 1 1 1 1 1 1 1 1 1 1 1 1 |1 1 1 1 1 1 1 1 1 1 1 1 1 1 1 |1 6 1 1 1 1 1 1 1 1 4 1 1 1 1 1 1 3 |1 1 1 1 1 1 1 1 1 1 1 6 1 1 1 1 |1 1 1 1 1 1 1 1 1 1 1 1 1 1 |6 1 1 1 1 1 1 1 1 |1 1 1 1 6 6 1 1 1 1 1 1 1 1 1 1 1 1 6 1 |1 1 1 1 1 1 1 1 1 1 1 1 1 |6 1 1 1 1 6 1 1 1 1 1 1 6 1 1 1 1 1 1 1 |1 1 1 1 1 6 |6 1 1 1 1 1 1 1 1 1 1 1 |
最佳适应度：
111.81280616244602

===============第28个全局最优解================
最佳代数：
106173
最佳分配：
1 1 1 1 1 1 1 1 1 1 1 1 1 1 1 6 1 1 |1 1 1 6 1 1 1 6 1 1 1 |5 1 1 1 1 1 1 6 1 1 1 1 |1 1 1 1 6 1 1 1 1 4 1 6 1 1 1 1 |1 1 1 1 1 1 1 1 6 1 |6 1 1 1 1 1 1 1 1 1 1 1 1 5 1 6 1 |1 1 1 1 1 1 1 1 1 1 1 1 1 1 1 1 1 1 |1 1 1 1 1 1 1 |1 1 1 1 1 4 1 1 1 1 5 1 1 1 1 1 1 1 |1 1 1 1 1 1 1 1 1 1 1 1 1 1 1 1 1 1 1 |1 1 1 1 1 6 |1 1 1 1 1 1 1 1 1 1 |1 1 1 6 1 6 1 1 1 1 6 1 1 1 1 1 6 1 1 |1 1 6 6 1 2 1 6 1 |1 1 1 1 6 1 |1 1 1 1 1 1 1 1 1 1 5 1 1 1 1 1 1 |6 1 1 1 1 1 1 1 1 1 1 1 1 1 |1 1 1 1 1 1 1 1 |1 1 1 6 1 1 1 |1 1 1 1 1 1 1 1 1 1 1 1 1 1 1 1 |1 1 1 1 1 1 1 1 1 1 1 1 1 1 1 |1 5 1 1 1 3 1 1 1 1 1 1 1 3 1 1 1 2 |1 1 1 1 4 1 1 1 6 1 1 6 1 1 1 1 |1 1 1 1 1 1 1 1 1 1 1 1 4 1 |6 1 1 1 1 1 1 3 1 |1 1 1 1 1 6 1 1 6 1 1 1 1 1 1 1 1 5 6 1 |1 1 1 1 1 1 1 1 1 1 1 1 1 |4 1 1 1 1 6 1 1 1 1 1 1 6 1 1 1 1 1 1 1 |1 1 1 3 1 6 |1 1 1 1 1 1 6 1 1 1 1 1 |
最佳适应度：
111.12880173028225

===============第29个全局最优解================
最佳代数：
107911
最佳分配：
1 1 1 1 1 1 1 1 1 1 1 1 1 6 1 6 6 1 |1 1 1 6 1 6 1 6 1 1 1 |1 1 1 1 1 4 1 6 1 1 1 1 |1 1 1 1 6 1 1 1 1 1 1 1 1 1 1 1 |1 1 1 1 1 1 1 1 5 1 |6 1 1 1 1 1 1 1 1 1 1 1 1 4 1 6 1 |1 1 1 1 1 6 5 1 1 1 1 1 1 1 1 1 1 1 |1 1 5 1 1 1 1 |1 1 1 1 1 1 1 1 1 1 1 1 1 1 1 1 5 1 |1 1 1 1 1 1 5 1 1 1 1 1 1 1 1 1 1 1 1 |1 1 1 1 1 1 |1 1 1 1 1 1 1 1 1 1 |1 1 1 5 1 6 1 1 1 1 6 1 1 1 1 1 1 1 1 |1 1 6 6 1 6 1 6 1 |1 1 1 1 1 1 |1 1 1 1 1 1 1 1 1 1 1 1 1 1 1 1 1 |6 1 1 1 1 1 1 1 1 1 1 1 1 1 |1 1 1 1 1 1 1 1 |1 1 1 6 1 1 1 |1 1 1 1 1 1 1 1 1 1 1 1 1 1 1 1 |1 1 1 1 1 1 1 1 1 1 1 1 1 1 1 |1 6 1 1 1 1 1 1 1 1 1 1 1 6 1 1 1 5 |1 1 1 1 5 1 1 1 1 1 1 1 1 1 1 1 |1 1 1 4 1 1 1 1 1 1 1 1 4 1 |6 1 1 1 1 1 1 1 1 |1 1 1 1 6 6 1 1 1 1 1 1 1 1 1 1 1 3 6 1 |1 1 1 1 1 1 1 1 1 1 1 1 1 |6 1 1 1 1 6 1 1 1 1 1 1 6 1 1 1 1 1 1 1 |1 1 1 1 4 6 |1 1 1 1 1 1 6 1 1 1 1 1 |
最佳适应度：
110.10668473218888

===============第30个全局最优解================
最佳代数：
112957
最佳分配：
1 1 1 1 1 1 1 1 1 1 1 1 1 6 1 6 5 1 |1 1 1 1 1 1 1 1 1 1 1 |1 1 1 1 1 3 1 6 1 1 1 1 |1 1 1 1 5 1 6 1 1 5 6 6 1 1 1 1 |1 1 1 1 1 1 1 1 1 1 |1 1 1 1 1 1 1 1 1 1 1 1 1 6 1 6 1 |1 1 1 1 1 1 4 1 1 4 1 1 1 1 1 1 1 1 |1 1 1 1 1 1 4 |1 1 1 1 1 6 1 1 1 1 1 1 1 1 1 1 1 1 |1 1 1 1 1 1 1 1 1 5 1 1 1 1 1 1 1 1 1 |1 1 1 1 1 6 |1 1 1 1 1 1 1 1 1 1 |1 1 1 1 1 6 1 1 1 1 1 1 1 1 1 1 6 1 1 |1 1 5 6 1 4 1 6 1 |1 1 1 1 6 1 |1 1 1 1 1 1 1 1 1 1 1 1 1 1 1 1 1 |6 1 1 1 1 1 1 1 1 1 1 1 1 1 |1 1 1 1 1 1 1 1 |1 1 1 6 1 1 1 |1 1 1 1 1 1 1 1 1 1 1 1 1 1 1 1 |1 1 1 1 1 1 1 1 1 1 1 1 1 1 1 |1 6 1 1 1 1 1 1 1 1 3 1 1 1 1 1 1 3 |1 1 1 1 6 1 1 1 6 1 1 1 1 1 4 1 |1 1 1 6 1 1 1 1 1 1 1 1 5 1 |6 1 1 1 1 1 1 1 1 |1 1 1 1 6 6 1 1 6 1 1 1 1 1 1 1 1 1 6 1 |1 1 1 1 1 1 1 1 1 1 1 1 1 |1 1 1 1 1 6 1 1 1 1 1 1 6 1 1 1 1 1 1 1 |1 1 1 1 1 6 |5 1 1 1 1 1 6 1 1 1 1 1 |
最佳适应度：
110.35552940729278

===============第31个全局最优解================
最佳代数：
86854
最佳分配：
1 1 1 1 1 1 1 1 1 1 1 1 1 6 1 6 1 1 |1 1 1 6 1 4 1 6 1 1 1 |1 1 1 1 1 1 1 6 1 1 1 1 |1 1 1 1 1 1 6 1 1 6 6 1 1 1 1 1 |1 1 1 1 1 1 1 1 1 1 |6 1 1 1 1 1 1 1 1 1 1 1 1 4 1 6 1 |1 1 1 1 1 1 2 1 1 1 1 1 1 1 1 1 1 1 |1 1 1 1 1 1 1 |4 1 1 1 1 1 1 1 1 1 1 1 1 1 1 1 4 1 |1 1 1 1 1 1 6 1 1 1 1 1 1 1 1 1 1 1 1 |1 1 1 1 1 1 |1 1 1 1 1 1 1 1 1 1 |1 1 1 6 1 1 1 1 1 1 1 1 1 5 1 1 1 1 1 |1 1 1 6 1 3 1 6 5 |1 1 1 1 1 1 |1 1 1 1 1 1 1 1 1 1 5 1 1 1 1 1 1 |6 1 1 1 1 1 1 1 1 1 1 1 1 1 |1 1 1 1 1 1 1 1 |1 1 1 6 1 1 1 |1 1 1 1 1 1 1 1 1 1 1 1 1 1 1 1 |1 1 1 1 1 1 1 1 1 1 1 1 1 1 1 |1 6 1 1 1 3 1 1 1 1 1 1 1 4 1 1 1 4 |1 1 1 1 1 1 1 1 6 1 1 6 1 1 6 1 |1 1 1 6 1 1 1 1 1 1 1 1 5 1 |6 1 1 1 1 1 1 1 1 |1 1 1 1 6 6 1 1 6 1 1 1 1 1 1 1 1 1 6 1 |1 1 1 1 1 1 1 1 1 1 1 1 1 |6 1 1 1 1 5 1 1 1 1 1 4 6 1 1 1 1 1 1 1 |1 1 1 1 4 6 |6 1 1 1 1 1 1 1 1 1 1 1 |
最佳适应度：
109.85326005086364

===============第32个全局最优解================
最佳代数：
105709
最佳分配：
1 1 1 1 1 1 1 1 1 1 1 1 1 1 1 6 1 1 |1 1 1 6 1 1 1 6 1 1 1 |1 1 1 1 1 1 1 6 1 1 1 1 |1 1 1 1 6 1 6 1 1 1 6 3 1 1 1 1 |1 1 1 1 1 1 1 1 5 1 |6 1 1 1 1 1 1 1 1 1 1 1 1 1 1 6 1 |1 1 1 1 1 6 1 1 1 1 1 1 4 1 1 1 4 1 |1 1 6 1 1 1 1 |1 1 1 1 1 1 1 1 1 1 4 1 1 1 1 1 1 1 |1 1 1 1 1 1 1 1 1 1 1 1 1 1 1 1 1 1 1 |1 1 1 1 1 5 |1 1 1 1 1 1 1 1 1 1 |1 1 1 1 1 6 1 1 1 1 6 1 1 6 1 1 6 1 1 |1 1 6 6 1 3 1 6 1 |1 1 1 1 1 1 |1 1 6 1 1 1 1 1 1 1 6 1 1 1 1 1 1 |1 1 1 1 1 1 3 1 1 1 1 1 1 1 |1 1 1 1 1 1 1 1 |1 1 1 6 1 1 1 |1 1 1 1 1 1 1 1 1 1 1 1 1 1 1 1 |1 1 1 1 1 1 1 1 1 1 1 1 1 1 1 |1 6 1 1 1 1 1 1 1 1 2 1 1 6 1 1 1 1 |1 1 1 1 1 1 1 1 1 1 1 1 1 1 4 1 |1 1 1 1 1 1 1 1 1 1 1 1 4 1 |6 1 1 1 1 1 1 1 1 |1 1 1 1 6 6 1 1 6 1 1 1 1 1 1 1 1 6 1 1 |1 1 1 1 1 1 1 1 1 1 1 1 1 |5 1 1 1 1 6 1 1 1 1 1 1 6 1 1 1 1 1 1 1 |1 1 1 1 1 6 |6 1 1 1 1 1 6 1 1 1 1 1 |
最佳适应度：
111.41299180405943

===============第33个全局最优解================
最佳代数：
71135
最佳分配：
1 1 1 1 1 1 1 1 1 1 1 1 1 6 1 6 1 1 |1 1 1 6 1 4 1 6 1 1 1 |2 1 1 1 1 1 1 6 1 1 1 1 |1 1 1 1 6 1 6 1 1 6 6 6 1 1 1 1 |1 1 1 1 1 1 1 1 5 1 |1 1 1 1 1 1 1 1 1 1 1 1 1 1 1 6 1 |1 1 1 1 1 6 1 1 1 1 1 1 1 1 1 1 1 1 |1 1 3 1 1 1 1 |1 1 1 1 1 1 1 1 1 1 6 1 1 1 1 1 1 1 |1 1 1 1 1 1 4 1 1 6 1 1 1 1 1 1 1 1 1 |1 1 1 1 1 6 |1 1 1 1 1 1 1 1 1 1 |1 4 1 6 1 6 1 1 1 1 6 1 1 4 1 1 1 1 1 |1 1 6 6 1 5 1 6 1 |1 1 1 1 1 1 |1 1 1 1 1 1 1 1 1 1 1 1 1 1 1 1 1 |6 1 1 1 1 1 1 1 1 1 1 1 1 1 |1 1 1 1 1 1 1 1 |1 1 1 6 1 1 1 |1 1 1 1 1 1 1 1 1 1 1 1 1 1 1 1 |1 1 1 1 1 1 1 1 1 1 1 1 1 1 1 |1 6 1 1 1 1 1 1 1 1 1 1 1 1 1 1 1 1 |1 1 1 1 1 1 1 1 1 1 1 6 1 1 1 1 |1 1 1 1 1 1 1 1 1 1 1 1 6 1 |6 1 1 1 1 1 1 1 1 |1 1 1 1 6 6 1 1 1 1 1 1 1 1 1 1 1 2 6 1 |1 1 1 1 1 1 1 1 1 1 1 1 1 |6 1 1 1 1 6 1 1 1 1 1 1 6 1 1 1 1 1 1 1 |1 1 1 1 1 1 |6 1 1 1 1 1 6 1 1 1 1 1 |
最佳适应度：
111.298721169812

===============第34个全局最优解================
最佳代数：
67411
最佳分配：
1 1 1 1 1 1 1 1 1 1 1 1 1 6 1 6 6 1 |1 1 1 6 1 4 1 6 1 1 1 |1 1 1 1 1 1 1 6 1 1 1 1 |1 1 1 1 1 1 6 1 1 4 6 1 1 1 1 1 |1 1 1 1 1 1 1 1 1 1 |1 1 1 1 1 1 1 1 1 1 1 1 1 1 1 6 1 |1 1 1 1 1 6 1 1 1 2 1 1 1 1 1 1 1 1 |1 1 1 1 1 1 1 |1 1 1 1 1 4 1 1 1 1 1 1 1 1 1 1 5 1 |1 1 1 1 1 1 2 1 1 3 1 1 1 1 1 1 1 1 1 |1 1 1 1 1 5 |1 1 1 1 1 1 1 1 1 1 |1 1 1 6 1 6 1 1 1 1 5 1 1 1 1 1 6 1 1 |1 1 1 6 1 3 1 6 3 |1 1 1 1 6 1 |1 1 6 1 1 1 1 1 1 1 2 1 1 1 1 1 1 |6 1 1 1 1 1 1 1 1 1 1 1 1 1 |1 1 1 1 1 1 1 1 |1 1 1 6 1 1 1 |1 1 1 1 1 1 1 1 1 1 1 1 1 1 1 1 |1 1 1 1 1 1 1 1 1 1 1 1 1 1 1 |1 6 1 1 1 1 1 1 1 1 1 1 1 5 1 1 1 1 |1 1 1 1 3 1 1 1 5 1 1 4 1 1 1 1 |1 1 1 1 1 1 1 1 1 1 1 1 5 1 |6 1 1 1 1 1 6 1 1 |1 1 1 1 6 6 1 1 4 1 1 1 1 1 1 1 1 4 6 1 |1 1 1 1 1 1 1 1 1 1 1 1 1 |1 1 1 1 1 1 1 1 1 1 1 3 6 1 1 1 1 1 1 1 |1 1 1 3 3 1 |5 1 1 1 1 1 6 1 2 1 1 1 |
最佳适应度：
111.12289034977677

===============第35个全局最优解================
最佳代数：
74436
最佳分配：
1 1 1 1 1 1 1 1 1 1 1 1 1 6 1 6 4 1 |1 1 1 5 1 2 1 6 1 1 1 |1 1 1 1 1 5 1 6 1 1 1 1 |1 1 1 1 6 1 6 1 1 1 1 5 1 1 1 1 |1 1 1 1 1 1 1 1 1 1 |5 1 1 1 1 1 1 1 1 1 1 1 1 6 1 6 1 |1 1 1 1 1 5 3 1 1 1 1 1 1 1 1 1 1 1 |1 1 1 1 1 1 4 |1 1 1 1 1 1 1 1 1 1 1 1 1 1 1 1 1 1 |1 1 1 1 1 1 1 1 1 4 1 1 1 1 1 1 1 1 1 |1 1 1 1 1 5 |1 1 1 1 1 1 1 1 1 1 |1 1 1 1 1 6 1 1 1 1 6 1 1 1 1 1 6 1 1 |1 1 1 6 1 1 1 6 1 |1 1 1 1 6 1 |1 1 6 1 1 1 1 1 1 1 4 1 1 1 1 1 1 |6 1 1 1 1 1 1 1 1 1 1 1 1 1 |1 1 1 1 1 1 1 1 |1 1 1 6 1 1 1 |1 1 1 1 1 1 1 1 1 1 1 1 1 1 1 1 |1 1 1 1 1 1 1 1 1 1 1 1 1 1 1 |1 6 1 1 1 3 1 1 1 1 1 1 1 6 1 1 1 1 |1 1 1 1 1 1 1 1 4 1 1 1 1 1 1 1 |1 1 1 5 1 1 1 1 1 1 1 1 4 1 |6 1 1 1 1 1 1 1 1 |1 1 1 1 6 6 1 1 6 1 1 1 1 1 1 1 1 1 6 1 |1 1 1 1 1 1 1 1 1 1 1 1 1 |5 1 1 1 1 6 1 1 1 1 1 5 6 1 1 1 1 1 1 1 |1 1 1 1 1 6 |1 1 1 1 1 1 6 1 1 1 1 1 |
最佳适应度：
111.00596404737736

===============第36个全局最优解================
最佳代数：
114165
最佳分配：
1 1 1 1 1 1 1 1 1 1 1 1 1 4 1 6 4 1 |1 1 1 6 1 4 1 1 1 1 1 |1 1 1 1 1 1 1 6 1 1 1 1 |1 1 1 1 5 1 6 1 3 6 6 4 1 1 1 1 |1 1 1 1 1 1 1 1 5 1 |5 1 1 1 1 1 1 1 1 1 1 1 1 6 1 6 1 |1 1 1 1 1 6 1 1 1 4 1 1 1 1 1 1 5 1 |1 1 1 1 1 1 1 |1 1 1 1 1 1 1 1 1 1 1 1 1 1 1 1 4 1 |1 1 1 1 1 1 1 1 1 1 1 1 1 1 1 1 1 1 1 |1 1 1 1 1 5 |1 1 1 1 1 1 1 1 1 1 |1 1 1 6 1 1 1 1 1 1 6 1 1 4 1 1 5 1 1 |1 1 6 6 1 3 1 6 1 |1 1 1 1 6 1 |1 1 6 1 1 1 1 1 1 1 5 1 1 1 1 1 1 |1 1 1 1 1 1 2 1 1 1 1 1 1 1 |1 1 1 1 1 1 1 1 |1 1 1 6 1 1 1 |1 1 1 1 1 1 1 1 1 1 1 1 1 1 1 1 |1 1 1 1 1 1 1 1 1 1 1 1 1 1 1 |1 6 1 1 1 1 1 1 1 1 1 1 1 4 1 1 1 1 |1 1 1 1 1 1 1 1 6 1 1 6 1 1 1 1 |1 1 1 6 1 1 1 1 1 1 1 1 5 1 |6 1 1 1 1 1 1 1 1 |1 1 1 1 6 6 1 1 1 1 1 1 1 1 1 1 1 1 6 1 |1 1 1 1 1 1 1 1 1 1 1 1 1 |3 1 1 1 1 5 1 1 1 1 1 3 1 1 1 1 1 1 1 1 |1 1 1 1 1 6 |1 1 1 1 1 1 1 1 1 1 1 1 |
最佳适应度：
111.10152197430567

===============第37个全局最优解================
最佳代数：
96405
最佳分配：
1 1 1 1 1 1 1 1 1 1 1 1 1 1 1 6 1 1 |1 1 1 6 1 1 1 6 1 1 1 |1 1 1 1 1 1 1 6 1 1 1 1 |1 1 1 1 6 1 6 1 1 1 6 1 1 1 1 1 |1 1 1 1 1 1 1 1 1 1 |1 1 1 1 1 1 1 1 1 1 1 1 1 6 1 6 1 |1 1 1 1 1 1 1 1 1 3 1 1 1 1 1 1 2 1 |1 1 4 1 1 1 1 |1 1 1 1 1 1 1 1 1 1 1 1 1 1 1 1 4 1 |1 1 1 1 1 1 2 1 1 4 1 1 1 1 1 1 1 1 1 |1 1 1 1 1 6 |1 1 1 1 1 1 1 1 1 1 |1 1 1 1 1 6 1 1 1 1 6 1 1 6 1 1 5 1 1 |1 1 6 6 1 1 1 6 1 |1 1 1 1 6 1 |1 1 6 1 1 1 1 1 1 1 6 1 1 1 1 1 1 |6 1 1 1 1 1 5 1 1 1 1 1 1 1 |1 1 1 1 1 1 1 1 |1 1 1 6 1 1 1 |1 1 1 1 1 1 1 1 1 1 1 1 1 1 1 1 |1 1 1 1 1 1 1 1 1 1 1 1 1 1 1 |1 6 1 1 1 1 1 1 1 1 1 1 1 5 1 1 1 3 |1 1 1 1 1 1 1 1 4 1 1 1 1 1 1 1 |1 1 1 5 1 1 1 1 1 1 1 1 1 1 |6 1 1 1 1 1 1 1 1 |1 1 1 1 6 5 1 1 5 1 1 1 1 1 1 1 1 1 6 1 |1 1 1 1 1 1 1 1 1 1 1 1 1 |6 1 1 1 1 6 1 1 1 1 1 4 6 1 1 1 1 1 1 1 |1 1 1 1 1 6 |5 1 1 1 1 1 6 1 1 1 1 1 |
最佳适应度：
112.30775172145637

===============第38个全局最优解================
最佳代数：
109192
最佳分配：
1 1 1 1 1 1 1 1 1 1 1 1 1 6 1 6 1 1 |1 1 1 6 1 1 1 1 1 1 1 |1 1 1 1 1 1 1 6 1 1 1 1 |1 1 1 1 6 1 6 1 1 3 6 4 1 1 1 1 |1 1 1 1 1 1 1 1 1 1 |5 1 1 1 1 1 1 1 1 1 1 1 1 5 1 6 1 |1 1 1 1 1 6 1 1 1 1 1 1 1 1 1 1 1 1 |1 1 1 1 1 1 1 |1 1 1 1 1 1 1 1 1 1 4 1 1 1 1 1 3 1 |1 1 1 1 1 1 1 1 1 5 1 1 1 1 1 1 1 1 1 |1 1 1 1 1 6 |1 1 1 1 1 1 1 1 1 1 |1 1 1 1 1 6 1 1 1 1 6 1 1 6 1 1 5 1 1 |1 1 1 6 1 1 1 6 3 |1 1 1 1 6 1 |1 1 5 1 1 1 1 1 1 1 6 1 1 1 1 1 1 |6 1 1 1 1 1 4 1 1 1 1 1 1 1 |1 1 1 1 1 1 1 1 |1 1 1 6 1 1 1 |1 1 1 1 1 1 1 1 1 1 1 1 1 1 1 1 |1 1 1 1 1 1 1 1 1 1 1 1 1 1 1 |1 6 1 1 1 1 1 1 1 1 1 1 1 1 1 1 1 5 |1 1 1 1 1 1 1 1 1 1 1 5 1 1 1 1 |1 1 1 1 1 1 1 1 1 1 1 1 1 1 |6 1 1 1 1 1 2 1 1 |1 1 1 1 6 6 1 1 6 1 1 1 1 1 1 1 1 1 6 1 |1 1 1 1 1 1 1 1 1 1 1 1 1 |4 1 1 1 1 6 1 1 1 1 1 3 6 1 1 1 1 1 1 1 |1 1 1 1 1 6 |6 1 1 1 1 1 6 1 1 1 1 1 |
最佳适应度：
111.98169110382938

===============第39个全局最优解================
最佳代数：
38500
最佳分配：
1 1 1 1 1 1 1 1 1 1 1 1 1 1 1 6 5 1 |1 1 1 6 1 3 1 6 1 1 1 |1 1 1 1 1 1 1 1 1 1 1 1 |1 1 1 1 6 1 1 1 1 1 6 6 1 1 1 1 |1 1 1 1 1 1 1 1 1 1 |6 1 1 1 1 1 1 1 1 1 1 1 1 6 1 6 1 |1 1 1 1 1 6 3 1 5 1 1 1 1 1 1 1 1 1 |1 1 1 1 1 1 4 |1 1 1 1 1 1 1 1 1 1 6 1 1 1 1 1 6 1 |1 1 1 1 1 1 1 1 1 1 1 1 1 1 1 1 1 1 1 |1 1 1 1 1 1 |1 1 1 1 1 1 1 1 1 1 |1 1 1 1 1 6 1 1 1 1 6 1 1 6 1 1 6 1 1 |1 1 1 6 1 3 1 6 1 |1 1 1 1 6 1 |1 1 1 1 1 1 1 1 1 1 1 1 1 1 1 1 1 |6 1 1 1 1 1 5 1 1 1 1 1 1 1 |1 1 1 1 1 1 1 1 |1 1 1 6 1 1 1 |1 1 1 1 1 1 1 1 1 1 1 2 1 1 1 1 |1 1 1 1 1 1 1 1 1 1 1 1 1 1 1 |1 6 1 1 1 1 1 1 1 1 4 1 1 4 1 1 1 6 |1 1 1 1 1 1 1 1 5 1 1 6 1 1 1 1 |1 1 1 1 1 1 1 1 1 1 1 1 1 1 |6 1 1 1 1 1 1 1 1 |1 1 1 1 6 6 1 1 6 1 1 1 1 1 1 1 1 6 6 1 |1 1 1 1 1 1 1 1 3 1 1 1 1 |1 1 1 1 1 1 1 1 1 1 1 1 6 1 1 1 1 1 1 1 |1 1 1 1 1 6 |1 1 1 1 1 1 6 1 1 1 1 1 |
最佳适应度：
109.97333426252813

===============第40个全局最优解================
最佳代数：
118452
最佳分配：
1 1 1 1 1 1 1 1 1 1 1 1 1 6 1 6 3 1 |1 1 1 1 1 4 1 6 1 1 1 |1 1 1 1 1 5 1 6 1 1 1 1 |1 1 1 1 5 1 6 1 1 5 6 1 1 1 1 1 |1 1 1 1 1 1 1 1 1 1 |5 1 1 1 1 1 1 1 1 1 1 1 1 6 1 6 1 |1 1 1 1 1 4 1 1 1 4 1 1 1 1 1 1 1 1 |1 1 1 1 1 1 1 |1 1 1 1 1 4 1 1 1 1 5 1 1 1 1 1 1 1 |1 1 1 1 1 1 4 1 1 1 1 1 1 1 1 1 1 1 1 |1 1 1 1 1 3 |1 1 1 1 1 1 1 1 1 1 |1 1 1 5 1 6 1 1 1 1 6 1 1 1 1 1 6 1 1 |1 1 6 6 1 1 1 6 1 |1 1 1 1 5 1 |1 1 1 1 1 1 1 1 1 1 6 1 1 1 1 1 1 |6 1 1 1 1 1 1 1 1 1 1 1 1 1 |1 1 1 1 1 1 1 1 |1 1 1 6 1 1 1 |1 1 1 1 1 1 1 1 1 1 1 1 1 1 1 1 |1 1 1 1 1 1 1 1 1 1 1 1 1 1 1 |1 1 1 1 1 1 1 1 1 1 1 1 1 5 1 1 1 5 |1 1 1 1 1 1 1 1 1 1 1 6 1 1 3 1 |1 1 1 6 1 1 1 1 1 1 1 1 4 1 |6 1 1 1 1 1 1 1 1 |1 1 1 1 6 6 1 1 6 1 1 1 1 1 1 1 1 1 1 1 |1 1 1 1 1 1 1 1 1 1 1 1 1 |5 1 1 1 1 6 1 1 1 1 1 1 6 1 1 1 1 1 1 1 |1 1 1 1 1 6 |1 1 1 1 1 1 6 1 1 1 1 1 |
最佳适应度：
110.83948487887098

===============第41个全局最优解================
最佳代数：
96939
最佳分配：
1 1 1 1 1 1 1 1 1 1 1 1 1 5 1 6 4 1 |1 1 1 6 1 1 1 6 1 1 1 |1 1 1 1 1 5 1 6 1 1 1 1 |1 1 1 1 6 1 5 1 1 1 5 1 1 1 1 1 |1 1 1 1 1 1 1 1 4 1 |3 1 1 1 1 1 1 1 1 1 1 1 1 6 1 6 1 |1 1 1 1 1 1 1 1 1 1 1 1 3 1 1 1 1 1 |1 1 1 1 1 1 1 |1 1 1 1 1 1 1 1 1 1 5 1 1 1 1 1 5 1 |1 1 1 1 1 1 3 1 1 4 1 1 1 1 1 1 1 1 1 |1 1 1 1 1 1 |1 1 1 1 1 1 1 1 1 1 |1 1 1 6 1 6 1 1 1 1 1 1 1 6 1 1 5 1 1 |1 1 5 6 1 1 1 6 4 |1 1 1 1 6 1 |1 1 1 1 1 1 1 1 1 1 4 1 1 1 1 1 1 |6 1 1 1 1 1 5 1 1 1 1 1 1 1 |1 1 1 1 1 1 1 1 |1 1 1 6 1 1 1 |1 1 1 1 1 1 1 1 1 1 1 1 1 1 1 1 |1 1 1 1 1 1 1 1 1 1 1 1 1 1 1 |1 1 1 1 1 1 1 1 1 1 1 1 1 1 1 1 1 1 |1 1 1 1 4 1 1 1 6 1 1 6 1 1 1 1 |1 1 1 1 1 1 1 1 1 1 1 1 1 1 |6 1 1 1 1 1 4 1 1 |1 1 1 1 6 6 1 1 6 1 1 1 1 1 1 1 1 2 6 1 |1 1 1 1 1 1 1 1 1 1 1 1 1 |1 1 1 1 1 5 1 1 1 1 1 2 6 1 1 1 1 1 1 1 |1 1 1 1 1 6 |6 1 1 1 1 1 6 1 1 1 1 1 |
最佳适应度：
110.6966919196523

===============第42个全局最优解================
最佳代数：
104730
最佳分配：
1 1 1 1 1 1 1 1 1 1 1 1 1 5 1 6 6 1 |1 1 1 1 1 1 1 6 1 1 1 |1 1 1 1 1 1 1 6 1 1 1 1 |1 1 1 1 6 1 6 1 1 5 6 1 1 1 1 1 |1 1 1 1 1 1 1 1 1 1 |6 1 1 1 1 1 1 1 1 1 1 1 1 5 1 6 1 |1 1 1 1 1 1 1 1 1 1 1 1 1 1 1 1 1 1 |1 1 1 1 1 1 1 |1 1 1 1 1 1 1 1 1 1 5 1 1 1 1 1 1 1 |1 1 1 1 1 1 2 1 1 3 1 1 1 1 1 1 1 1 1 |1 1 1 1 1 1 |1 1 1 1 1 1 1 1 1 1 |1 1 1 6 1 6 1 1 1 1 6 1 1 6 1 1 6 1 1 |1 1 5 6 1 3 1 6 1 |1 1 1 1 6 1 |1 1 6 1 1 1 1 1 1 1 1 1 1 1 1 1 1 |6 1 1 1 1 1 5 1 1 1 1 1 1 1 |1 1 1 1 1 1 1 1 |1 1 1 6 1 1 1 |1 1 1 1 1 1 1 1 1 1 1 1 1 1 1 1 |1 1 1 1 1 1 1 1 1 1 1 1 1 1 1 |1 6 1 1 1 2 1 1 1 1 2 1 1 6 1 1 1 3 |1 1 1 1 1 1 1 1 5 1 1 5 1 1 1 1 |1 1 1 1 1 1 1 1 1 1 1 1 4 1 |6 1 1 1 1 1 4 1 1 |1 1 1 1 1 1 1 1 6 1 1 1 1 1 1 1 1 1 6 1 |1 1 1 1 1 1 1 1 1 1 1 1 1 |6 1 1 1 1 6 1 1 1 1 1 1 6 1 1 1 1 1 1 1 |1 1 1 3 1 6 |6 1 1 1 1 1 1 1 1 1 1 1 |
最佳适应度：
111.54486665060733

===============第43个全局最优解================
最佳代数：
106129
最佳分配：
1 1 1 1 1 1 1 1 1 1 1 1 1 1 1 6 5 1 |1 1 1 6 1 1 1 6 1 1 1 |3 1 1 1 1 1 1 6 1 1 1 1 |1 1 1 1 6 1 6 1 1 1 6 1 1 1 1 1 |1 1 1 1 1 1 1 1 1 1 |5 1 1 1 1 1 1 1 1 1 1 1 1 1 1 6 1 |1 1 1 1 1 5 1 1 1 1 1 1 1 1 1 1 1 1 |1 1 1 1 1 1 1 |1 1 1 1 1 1 1 1 1 1 5 1 1 1 1 1 1 1 |1 1 1 1 1 1 3 1 1 1 1 1 1 1 1 1 1 1 1 |1 1 1 1 1 6 |1 1 1 1 1 1 1 1 1 1 |1 1 1 6 1 6 1 1 1 1 6 1 1 5 1 1 1 1 1 |1 1 6 6 1 1 1 6 4 |1 1 1 1 5 1 |2 1 6 1 1 1 1 1 1 1 5 1 1 1 1 1 1 |6 1 1 3 1 1 5 1 1 1 1 1 1 1 |1 1 1 1 1 1 1 1 |1 1 1 6 1 1 1 |1 1 1 1 1 1 1 1 1 1 1 1 1 1 1 1 |1 1 1 1 1 1 1 1 1 1 1 1 1 1 1 |1 6 1 1 1 1 1 1 2 1 3 1 1 5 1 1 1 2 |1 1 1 1 1 1 1 1 1 1 1 1 1 1 4 1 |1 1 1 1 1 1 1 1 1 1 1 1 1 1 |6 1 1 1 1 1 1 1 1 |1 1 1 1 6 6 1 1 6 1 1 1 1 1 1 1 1 1 5 1 |1 1 1 1 1 1 1 1 1 1 1 1 1 |1 1 1 1 1 5 1 1 1 1 1 6 6 1 1 1 1 1 1 1 |1 1 1 1 1 6 |4 1 1 1 1 1 6 1 1 1 1 1 |
最佳适应度：
111.4358289399512

===============第44个全局最优解================
最佳代数：
108590
最佳分配：
1 1 1 1 1 1 1 1 1 1 1 1 1 1 1 6 5 1 |1 1 1 6 1 1 1 6 1 1 1 |1 1 1 1 1 1 1 6 1 1 1 1 |1 1 1 1 6 1 1 1 1 6 6 1 1 1 1 1 |1 1 1 1 1 1 1 1 1 1 |1 1 1 1 1 1 1 1 1 1 1 1 1 6 1 6 1 |1 1 1 1 1 6 1 1 1 1 1 1 1 1 1 1 1 1 |1 1 1 1 1 1 1 |1 1 1 1 1 1 1 1 1 1 5 1 1 1 1 1 1 1 |1 1 1 1 1 1 1 1 1 1 1 1 1 1 1 1 1 1 1 |1 1 1 1 1 6 |1 1 1 1 1 1 1 1 1 1 |1 1 1 6 1 6 1 1 1 1 6 1 1 4 1 1 6 1 1 |1 1 5 6 1 1 1 6 4 |1 1 1 1 5 1 |1 1 6 1 1 1 1 1 1 1 1 1 1 1 1 1 1 |6 1 1 1 1 1 1 1 1 1 1 1 1 1 |1 1 1 1 1 1 1 1 |1 1 1 1 1 1 1 |1 1 1 1 1 1 1 1 1 1 1 1 1 1 1 1 |1 1 1 1 1 1 1 1 1 1 1 1 1 1 1 |1 6 1 1 1 1 1 1 1 1 4 1 1 5 1 1 1 4 |1 1 1 1 1 1 1 1 1 1 1 5 1 1 1 2 |1 1 1 1 1 1 1 1 1 1 1 1 5 1 |6 1 1 1 1 1 4 3 1 |1 1 1 1 6 6 1 1 5 1 1 1 1 1 1 1 1 1 6 1 |1 1 1 1 1 1 1 1 1 1 1 1 1 |1 1 1 1 1 6 1 1 1 1 1 4 6 1 1 1 1 1 1 1 |1 1 1 3 1 6 |1 1 1 1 1 1 6 1 5 1 1 1 |
最佳适应度：
111.62029694813798

===============第45个全局最优解================
最佳代数：
119196
最佳分配：
1 1 1 1 1 1 1 1 1 1 1 1 1 6 1 6 6 1 |1 1 1 6 1 3 1 5 1 1 1 |1 1 1 1 1 1 1 6 1 1 1 1 |1 1 1 1 6 1 6 1 2 1 6 5 1 1 1 1 |1 1 1 1 1 1 1 1 4 1 |6 1 1 1 1 1 1 1 1 1 1 1 1 1 1 6 1 |1 1 1 1 1 6 1 1 1 1 1 1 1 1 1 1 1 1 |1 1 5 1 1 1 1 |1 1 1 1 1 5 1 1 1 1 1 1 1 1 1 1 1 1 |1 1 1 1 1 1 1 1 1 5 1 1 1 1 1 1 1 1 1 |1 1 1 1 1 6 |1 1 1 1 1 1 1 1 1 1 |1 1 1 6 1 6 1 1 1 1 6 1 1 1 1 1 1 1 1 |1 1 6 6 1 1 1 6 1 |1 1 1 1 1 1 |1 1 6 1 1 1 1 1 1 1 6 1 1 1 1 1 1 |6 1 1 1 1 1 4 1 1 1 1 1 1 1 |1 1 1 1 1 1 1 1 |1 1 1 6 1 1 1 |1 1 1 1 1 1 1 1 1 1 1 3 1 1 1 1 |1 1 1 1 1 1 1 1 1 1 1 1 1 1 1 |1 6 1 1 1 1 1 1 1 1 1 1 1 1 1 1 1 1 |1 1 1 1 4 1 1 1 1 1 1 6 1 1 3 2 |1 1 1 1 1 1 1 1 1 1 1 1 6 1 |6 1 1 1 1 1 1 1 1 |1 1 1 1 6 1 1 1 6 1 1 1 1 1 1 1 1 1 1 1 |1 1 1 1 1 1 1 1 1 1 1 1 1 |6 1 1 1 1 6 1 1 1 1 1 1 6 1 1 1 1 1 1 1 |1 1 1 1 3 6 |1 1 1 1 1 1 1 1 1 1 1 1 |
最佳适应度：
110.22326587621895

===============第46个全局最优解================
最佳代数：
87183
最佳分配：
1 1 1 1 1 1 1 1 1 1 1 1 1 5 1 6 5 1 |1 1 1 1 1 3 1 6 1 1 1 |2 1 1 1 1 1 1 6 1 1 1 1 |1 1 1 1 6 1 1 1 1 6 6 6 1 1 1 1 |1 1 1 1 1 1 1 1 1 1 |5 1 1 1 1 1 1 1 1 1 1 1 1 6 1 6 1 |1 1 1 1 1 5 1 1 1 1 1 1 4 1 1 1 1 1 |1 1 1 1 1 1 1 |1 1 1 1 1 3 1 1 1 1 5 1 1 1 1 1 1 1 |1 1 1 1 1 1 5 1 1 4 1 1 1 1 1 1 1 1 1 |1 1 1 1 1 1 |1 1 1 1 1 1 1 1 1 1 |1 1 1 1 1 6 1 1 1 1 6 1 1 1 1 1 1 1 1 |1 1 6 6 1 5 1 6 1 |1 1 1 1 1 1 |1 1 6 1 1 1 1 1 1 1 1 1 1 1 1 1 1 |6 1 1 1 1 1 4 1 1 1 1 1 1 1 |1 1 1 1 1 1 1 1 |1 1 1 6 1 1 1 |1 1 1 1 1 1 1 1 1 1 1 1 1 1 1 1 |1 1 1 1 1 1 1 1 1 1 1 1 1 1 1 |1 6 1 1 1 1 1 1 1 1 1 1 1 6 1 1 1 1 |1 1 1 1 1 1 1 1 6 1 1 5 1 1 1 1 |1 1 1 4 1 1 1 1 1 1 1 1 1 1 |6 1 1 1 1 1 1 1 1 |1 1 1 1 6 6 1 1 5 1 1 1 1 1 1 1 1 1 1 1 |1 1 1 1 1 1 1 1 1 1 1 1 1 |5 1 1 1 1 6 1 1 1 1 1 1 6 1 1 1 1 1 1 1 |1 1 1 1 3 6 |6 1 1 1 1 1 6 1 1 1 1 1 |
最佳适应度：
111.24278669909947

===============第47个全局最优解================
最佳代数：
106970
最佳分配：
1 1 1 1 1 1 1 1 1 1 1 1 1 6 1 6 1 1 |1 1 1 6 1 1 1 6 1 1 1 |4 1 1 1 1 1 1 1 1 1 1 1 |1 1 1 1 6 1 6 1 1 4 1 6 1 1 1 1 |1 1 1 1 1 1 1 1 5 1 |6 1 1 1 1 1 1 1 1 1 1 1 1 1 1 6 1 |1 1 1 1 1 6 1 1 1 1 1 1 4 1 1 1 1 1 |1 1 4 1 1 1 1 |1 1 1 1 1 1 1 1 1 1 1 1 1 1 1 1 4 1 |1 1 1 1 1 1 1 1 1 1 1 1 1 1 1 1 1 1 1 |1 1 1 1 1 1 |1 1 1 1 1 1 1 1 1 1 |1 1 1 6 1 6 1 1 1 1 6 1 1 4 1 1 6 1 1 |1 1 1 6 1 1 1 6 1 |1 1 1 1 5 1 |1 1 6 1 1 1 1 1 1 1 5 1 1 1 1 1 1 |6 1 1 1 1 1 1 1 1 1 1 1 1 1 |1 1 1 1 1 1 1 1 |1 1 1 6 1 1 1 |1 1 1 1 1 1 1 1 1 1 1 1 1 1 1 1 |1 1 1 1 1 1 1 1 1 1 1 1 1 1 1 |1 6 1 1 1 3 1 1 1 1 1 1 1 4 1 1 1 6 |1 1 1 1 1 1 1 1 1 1 1 1 1 1 5 1 |1 1 1 1 1 1 1 1 1 1 1 1 6 1 |6 1 1 1 1 1 1 1 1 |1 1 1 1 6 6 1 1 5 1 1 1 1 1 1 1 1 1 6 1 |1 1 1 1 1 1 1 1 4 1 1 1 1 |1 1 1 1 1 1 1 1 1 1 1 6 5 1 1 1 1 1 1 1 |1 1 1 1 1 6 |5 1 1 1 1 1 6 1 1 1 1 1 |
最佳适应度：
110.5767290267377

===============第48个全局最优解================
最佳代数：
102242
最佳分配：
1 1 1 1 1 1 1 1 1 1 1 1 1 1 1 6 1 1 |1 1 1 6 1 1 1 6 1 1 1 |1 1 1 1 1 1 1 6 1 1 1 1 |1 1 1 1 5 1 1 1 5 1 6 3 1 1 1 1 |1 1 1 1 1 1 1 1 1 1 |1 1 1 1 1 1 1 1 1 1 1 1 1 1 1 6 1 |1 1 1 1 1 6 1 1 1 5 1 1 2 1 1 1 2 1 |1 1 3 1 1 1 4 |1 1 1 1 1 6 1 1 1 1 5 1 1 1 1 1 5 1 |1 1 1 1 1 1 3 1 1 4 1 1 1 1 1 1 1 1 1 |1 1 1 1 1 1 |1 1 1 1 1 1 1 1 1 1 |1 1 1 6 1 5 1 1 1 1 6 1 1 1 1 1 1 1 1 |1 1 4 6 1 4 1 6 1 |1 1 1 1 6 1 |1 1 6 1 1 1 1 1 1 1 6 1 1 1 1 1 1 |6 1 1 1 1 1 1 1 1 1 1 1 1 1 |1 1 1 1 1 1 1 1 |1 1 1 6 1 1 1 |1 1 1 1 1 1 1 1 1 1 1 1 1 1 1 1 |1 1 1 1 1 1 1 1 1 1 1 1 1 1 1 |1 6 1 1 1 1 1 1 1 1 2 1 1 1 1 1 1 5 |1 1 1 1 5 1 1 1 5 1 1 6 1 1 1 1 |1 1 1 4 1 1 1 1 1 1 1 1 1 1 |6 1 1 1 1 1 2 1 1 |1 1 1 1 6 6 1 1 6 1 1 1 1 1 1 1 1 1 6 1 |1 1 1 1 1 1 1 1 1 1 1 1 1 |4 1 1 1 1 6 1 1 1 1 1 1 1 1 1 1 1 1 1 1 |1 1 1 1 1 6 |1 1 1 1 1 1 6 1 1 1 1 1 |
最佳适应度：
110.68810411455699

===============第49个全局最优解================
最佳代数：
107253
最佳分配：
1 1 1 1 1 1 1 1 1 1 1 1 1 6 1 6 1 1 |1 1 1 6 1 1 1 6 1 2 1 |1 1 1 1 1 5 1 6 1 1 1 1 |1 1 1 1 6 1 1 1 1 1 6 1 1 1 1 1 |1 1 1 1 1 1 1 1 6 1 |1 1 1 1 1 1 1 1 1 1 1 1 1 6 1 6 1 |1 1 1 1 1 1 1 1 1 1 1 1 5 1 1 1 3 1 |1 1 1 1 1 1 1 |1 1 1 1 2 2 1 1 1 1 1 1 1 1 1 1 1 1 |1 1 1 1 1 1 5 1 1 1 1 1 1 1 1 1 1 1 1 |1 1 1 1 1 1 |1 1 1 1 1 1 1 1 1 1 |1 2 1 6 1 6 1 1 1 1 1 1 1 6 1 1 6 1 1 |1 1 6 6 1 1 1 6 6 |1 1 1 1 6 1 |1 1 1 1 1 1 1 1 1 1 1 1 1 1 1 1 1 |6 1 1 1 1 1 1 1 1 1 1 1 1 1 |1 1 1 1 1 1 1 1 |1 1 1 6 1 1 1 |1 1 1 1 1 1 1 1 1 1 1 1 1 1 1 1 |1 1 1 1 1 1 1 1 1 1 1 1 1 1 1 |1 6 1 1 1 1 1 1 1 1 5 1 1 1 1 1 1 1 |1 1 1 1 1 1 1 1 1 1 1 6 1 1 1 1 |1 1 1 1 1 1 1 1 1 1 1 1 6 1 |6 1 1 1 1 1 1 1 1 |1 1 1 1 6 6 1 1 6 1 1 1 1 1 1 1 1 4 1 1 |1 1 1 3 1 1 1 1 1 1 1 1 1 |6 1 1 1 1 6 1 1 1 1 1 1 6 1 1 1 1 1 1 1 |1 1 1 1 3 6 |6 1 1 1 1 1 6 1 1 1 1 1 |
最佳适应度：
110.29345010057362

===============第50个全局最优解================
最佳代数：
67225
最佳分配：
1 1 1 1 1 1 1 1 1 1 1 1 1 1 1 6 1 1 |1 1 1 1 1 1 1 6 1 1 1 |1 1 1 1 1 1 1 6 1 1 1 1 |1 1 1 1 6 1 6 1 1 6 6 4 1 1 1 1 |1 1 1 1 1 1 1 1 4 1 |5 1 1 1 1 1 1 1 1 1 1 1 1 5 1 6 1 |1 1 1 1 1 1 1 1 5 1 1 1 1 1 1 1 1 1 |1 1 1 1 1 1 1 |1 1 1 1 1 1 1 1 1 1 1 1 1 1 1 1 6 1 |1 1 1 1 1 1 4 1 1 5 1 1 1 1 1 1 1 1 1 |1 1 1 1 1 5 |1 1 1 1 1 1 1 1 1 1 |1 1 1 1 1 6 1 1 1 1 6 1 1 1 1 1 6 1 1 |1 1 6 6 1 1 1 6 1 |1 1 1 1 1 1 |1 1 6 1 1 1 1 1 1 1 1 1 1 1 1 1 1 |6 1 1 3 1 1 1 1 1 1 1 1 1 1 |1 1 1 1 1 1 1 1 |1 1 1 6 1 1 1 |1 1 2 1 1 1 1 1 1 1 1 1 1 1 1 1 |1 1 1 1 1 1 1 1 1 1 1 1 1 1 1 |1 6 1 1 1 1 1 1 1 1 1 1 1 1 1 1 1 5 |1 1 1 1 1 1 1 1 5 1 1 6 1 1 3 1 |1 1 1 5 1 1 1 1 1 1 1 1 5 1 |6 1 1 1 1 1 1 1 1 |1 1 1 1 6 6 1 1 6 1 1 1 1 1 1 1 1 1 6 1 |1 1 1 1 1 1 1 1 1 1 1 1 1 |6 1 1 1 1 1 1 1 1 1 1 1 1 1 1 1 1 1 1 1 |1 1 1 1 5 6 |6 1 1 1 1 1 6 1 1 1 1 1 |
最佳适应度：
111.10505574281497

===============第51个全局最优解================
最佳代数：
115403
最佳分配：
1 1 1 1 1 1 1 1 1 1 1 1 1 6 1 6 5 1 |1 1 1 6 1 4 1 6 1 1 1 |1 1 1 1 1 1 1 1 1 1 1 1 |1 1 1 1 6 1 1 1 1 6 6 1 1 1 1 1 |1 1 1 1 1 1 1 1 6 1 |4 1 1 1 1 1 1 1 1 1 1 1 1 6 1 6 1 |1 1 1 1 1 1 1 1 1 1 1 1 1 1 1 1 1 1 |1 1 4 1 1 1 1 |2 1 1 1 3 5 1 1 1 1 5 1 1 1 1 1 1 1 |1 1 1 1 1 1 3 1 1 4 1 1 1 1 1 1 1 1 1 |1 1 1 1 1 5 |1 1 1 1 1 1 1 1 1 1 |1 1 1 1 1 6 1 1 1 1 6 1 1 6 1 1 6 1 1 |1 1 4 6 1 5 1 6 1 |1 1 1 1 6 1 |1 1 1 1 1 1 1 1 1 1 5 1 1 1 1 1 1 |6 1 1 1 1 1 5 1 1 1 1 1 1 1 |1 1 1 1 1 1 1 1 |1 1 1 5 1 1 1 |1 1 1 1 1 1 1 1 1 1 1 1 1 1 1 1 |1 1 1 1 1 1 1 1 1 1 1 1 1 1 1 |1 6 1 1 1 1 1 1 2 1 4 1 1 4 1 1 1 1 |1 1 1 1 1 1 1 1 1 1 1 1 1 1 4 1 |1 1 1 5 1 1 1 1 1 1 1 1 3 1 |6 1 1 1 1 1 1 1 1 |1 1 1 1 6 6 1 1 1 1 1 1 1 1 1 1 1 1 5 1 |1 1 1 1 1 1 1 1 1 1 1 1 1 |6 1 1 1 1 1 1 1 1 1 2 1 5 1 1 1 1 1 1 1 |1 1 1 1 1 6 |3 1 1 1 1 1 1 1 1 1 1 1 |
最佳适应度：
109.37399421879952

===============第52个全局最优解================
最佳代数：
113261
最佳分配：
1 1 1 1 1 1 1 1 1 1 1 1 1 6 1 6 5 1 |1 1 1 1 1 1 1 1 1 1 1 |1 1 1 1 1 1 1 6 1 1 1 1 |1 1 1 1 6 1 6 1 1 4 6 1 1 1 1 1 |1 1 1 1 1 1 1 1 1 1 |5 1 1 1 1 1 1 1 1 1 1 1 1 6 1 6 1 |1 1 1 1 1 6 3 1 1 6 1 1 1 1 1 1 1 1 |1 1 1 1 1 1 6 |1 1 1 1 1 1 1 1 1 1 5 1 1 1 1 1 6 1 |1 1 1 1 1 1 1 1 1 1 1 1 1 1 1 1 1 1 1 |1 1 1 1 1 1 |1 1 1 1 1 1 1 1 1 1 |1 1 1 5 1 1 1 1 1 1 1 1 1 1 1 1 1 1 1 |1 1 6 6 1 1 1 6 4 |1 1 1 1 6 1 |1 1 6 1 1 1 1 1 1 1 1 1 1 1 1 1 1 |6 1 1 1 1 1 4 1 1 1 1 1 1 1 |1 1 1 1 1 1 1 1 |1 1 1 6 1 1 1 |1 1 1 1 1 1 1 1 1 1 1 6 1 1 1 1 |1 1 1 1 1 1 1 1 1 1 1 1 1 1 1 |1 6 1 1 1 1 1 1 1 1 1 1 1 1 1 1 1 1 |1 1 1 1 1 1 1 1 6 1 1 6 1 1 5 1 |1 1 1 4 1 1 1 1 1 1 1 2 5 1 |6 1 1 1 1 1 1 1 1 |1 1 1 1 1 6 1 1 1 1 1 1 1 1 1 1 1 1 6 1 |1 1 1 1 1 1 1 1 1 1 1 1 1 |6 1 1 1 1 5 1 1 1 1 1 1 6 1 1 1 1 1 1 1 |1 1 1 3 1 6 |5 1 1 1 1 1 6 1 1 1 1 1 |
最佳适应度：
109.80979206698696

===============第53个全局最优解================
最佳代数：
119905
最佳分配：
1 1 1 1 1 1 1 1 1 1 1 1 1 6 1 6 4 1 |1 1 1 6 1 4 1 6 1 1 1 |1 1 1 1 1 6 1 6 1 1 1 1 |1 1 1 1 5 1 6 1 1 1 6 6 1 1 1 1 |1 1 1 1 1 1 1 1 5 1 |1 1 1 1 1 1 1 1 1 1 1 1 1 1 1 6 1 |1 1 1 1 1 1 1 1 1 1 1 1 4 1 1 1 1 1 |1 1 4 1 1 1 4 |1 1 1 1 1 1 1 1 1 1 1 1 1 1 1 1 1 1 |1 1 1 2 1 1 1 1 1 1 1 1 1 1 1 1 1 1 1 |1 1 1 1 1 1 |1 1 1 1 1 1 1 1 1 1 |1 1 1 6 1 1 1 1 1 1 5 1 1 1 1 1 6 1 1 |1 1 1 6 1 1 1 6 4 |1 1 1 1 6 1 |1 1 1 1 1 1 1 1 1 1 5 1 1 1 1 1 1 |1 1 1 1 1 1 6 1 1 1 1 1 1 1 |1 1 1 1 1 1 1 1 |1 1 1 6 1 1 1 |1 1 1 1 1 1 1 1 1 1 1 1 1 1 1 1 |1 1 1 1 1 1 1 1 1 1 1 1 1 1 1 |1 6 1 1 1 4 1 1 1 1 1 1 1 6 1 1 1 1 |1 1 1 1 1 1 1 1 6 1 1 5 1 1 3 1 |1 1 1 4 1 1 1 1 1 1 1 1 2 1 |6 1 1 1 1 1 2 1 1 |1 1 1 1 6 6 1 1 5 1 1 1 1 1 1 1 1 1 6 1 |1 1 1 1 1 1 1 1 5 1 1 1 1 |1 1 1 1 1 1 1 1 1 1 1 4 6 1 1 1 1 1 1 1 |1 1 1 1 1 6 |5 1 1 1 1 1 6 1 1 1 1 1 |
最佳适应度：
110.56868721484751

===============第54个全局最优解================
最佳代数：
111275
最佳分配：
1 1 1 1 1 1 1 1 1 1 1 1 1 6 1 6 5 1 |1 1 1 6 1 5 1 5 1 1 1 |1 1 1 1 1 3 1 6 1 1 1 1 |1 1 1 1 6 1 1 1 1 6 6 5 1 1 1 1 |1 1 1 1 1 1 1 1 2 1 |1 1 1 1 1 1 1 1 1 1 1 1 1 5 1 6 1 |1 1 1 1 1 4 1 1 1 1 1 1 3 1 1 1 1 1 |1 1 1 1 1 1 1 |2 1 1 1 1 1 1 1 1 1 5 1 1 1 1 1 1 1 |1 1 1 1 1 1 1 1 1 4 1 1 1 1 1 1 1 1 1 |1 1 1 1 1 5 |1 1 1 1 1 1 1 1 1 1 |1 1 1 5 1 6 1 1 1 1 6 1 1 4 1 1 6 1 1 |1 1 6 6 1 1 1 6 1 |1 1 1 1 1 1 |1 1 6 1 1 1 1 1 1 1 6 1 1 1 1 1 1 |6 1 1 1 1 1 1 1 1 1 1 1 1 1 |1 1 1 1 1 1 1 1 |1 1 1 6 1 1 1 |1 1 1 1 1 1 1 1 1 1 1 1 1 1 1 1 |1 1 1 1 1 1 1 1 1 1 1 1 1 1 1 |1 6 1 1 1 1 1 1 1 1 1 1 1 4 1 1 1 1 |1 1 1 1 1 1 1 1 5 1 1 1 1 1 1 1 |1 1 1 2 1 1 1 1 1 1 1 1 1 1 |6 1 1 1 1 1 1 1 1 |1 1 1 1 6 6 1 1 5 1 1 1 1 1 1 1 1 1 5 1 |1 1 1 1 1 1 1 1 1 1 1 1 1 |6 1 1 1 1 5 1 1 1 1 1 1 4 1 1 1 1 1 1 1 |1 1 1 1 1 6 |5 1 1 1 1 1 6 1 1 1 1 1 |
最佳适应度：
112.50982534789381

===============第55个全局最优解================
最佳代数：
109312
最佳分配：
1 1 1 1 1 1 1 1 1 1 1 1 1 6 1 6 5 1 |1 1 1 6 1 4 1 6 1 1 1 |6 1 1 1 1 3 1 6 1 1 1 1 |1 1 1 1 1 1 6 1 1 1 6 6 1 1 1 1 |1 1 1 1 1 1 1 1 1 1 |6 1 1 1 1 1 1 1 1 1 1 1 1 1 1 6 1 |1 1 1 1 1 6 3 1 1 3 1 1 1 1 1 1 1 1 |1 1 5 1 1 1 3 |1 1 1 1 1 3 1 1 1 1 1 1 1 1 1 1 1 1 |1 1 1 1 1 1 1 1 1 1 1 1 1 1 1 1 1 1 1 |1 1 1 1 1 1 |1 1 1 1 1 1 1 1 1 1 |1 1 1 1 1 1 1 1 1 1 6 1 1 1 1 1 1 1 1 |1 1 1 6 1 1 1 6 1 |1 1 1 1 6 1 |1 1 6 1 1 1 1 1 1 1 6 1 1 1 1 1 1 |1 1 1 1 1 1 1 1 1 1 1 1 1 1 |1 1 1 1 1 1 1 1 |1 1 1 6 1 1 1 |1 1 1 1 1 1 1 1 1 1 1 1 1 1 1 1 |1 1 1 1 1 1 1 1 1 1 1 1 1 1 1 |1 6 1 1 1 1 1 1 1 1 1 1 1 4 2 1 1 1 |1 1 1 1 1 1 1 1 1 1 1 6 1 1 6 1 |1 1 1 1 1 1 1 1 1 1 1 1 4 1 |6 1 1 1 1 1 4 5 1 |1 1 1 1 6 6 1 1 6 1 1 1 1 1 1 1 1 1 6 1 |1 1 1 1 1 1 1 1 1 1 1 1 1 |1 1 1 1 1 6 1 1 1 1 1 4 6 1 1 1 1 1 1 1 |1 1 1 1 2 6 |6 1 1 1 1 1 6 1 1 1 1 1 |
最佳适应度：
110.931452279743

===============第56个全局最优解================
最佳代数：
119754
最佳分配：
1 1 1 1 1 1 1 1 1 1 1 1 1 6 1 6 5 1 |1 1 1 4 1 4 1 6 1 1 1 |1 1 1 1 1 1 1 5 1 1 1 1 |1 1 1 1 6 1 6 1 1 5 6 1 1 1 1 1 |1 1 2 1 1 1 1 1 1 1 |4 1 1 1 1 1 1 1 1 1 1 1 1 4 1 6 1 |1 1 1 1 1 4 2 1 1 1 1 1 2 1 1 1 4 1 |1 1 6 1 1 1 1 |1 1 1 1 1 4 1 1 1 1 5 1 1 1 1 1 1 1 |1 1 1 1 1 1 6 1 1 1 1 1 1 1 1 1 1 1 1 |1 1 1 1 1 5 |1 1 1 1 1 1 1 1 1 1 |1 1 1 5 1 6 1 1 1 1 1 1 1 1 1 1 1 1 1 |1 1 1 6 1 1 1 5 1 |1 1 1 1 6 1 |1 1 1 1 1 1 1 1 1 1 5 1 1 1 1 1 1 |1 1 1 5 1 1 4 1 1 1 1 1 1 1 |1 1 1 1 1 1 1 1 |1 1 1 6 1 1 1 |1 1 1 1 1 1 1 1 1 1 1 3 1 1 1 1 |1 1 1 1 1 1 1 1 1 1 1 1 1 1 1 |1 6 1 1 1 1 1 1 1 1 1 1 1 5 1 1 1 4 |1 1 1 1 1 1 1 1 4 1 1 4 1 1 1 1 |1 1 1 1 1 1 1 1 1 1 1 1 5 1 |6 1 1 1 1 1 4 4 1 |1 1 1 1 1 6 1 1 1 1 1 1 1 1 1 1 1 1 6 1 |1 1 1 1 1 1 1 1 1 1 1 1 1 |1 1 1 1 1 6 1 1 1 1 1 4 6 1 1 1 1 1 1 1 |1 1 1 1 1 6 |5 1 1 1 1 1 5 1 1 1 1 1 |
最佳适应度：
109.94518456818713

===============第57个全局最优解================
最佳代数：
71580
最佳分配：
1 1 1 1 1 1 1 1 1 1 1 1 1 6 1 6 4 1 |1 1 1 1 1 5 1 6 1 1 1 |1 1 1 1 1 1 1 6 1 1 1 1 |1 1 1 1 6 1 1 1 1 5 6 6 1 1 1 1 |1 1 1 1 1 1 1 1 6 1 |6 1 1 1 1 1 1 1 1 1 1 1 1 6 1 6 1 |1 1 1 1 1 5 1 1 1 1 1 1 1 1 1 1 1 1 |1 1 1 1 1 1 1 |1 1 1 1 1 1 1 1 1 1 5 1 1 1 1 1 1 1 |1 1 1 1 1 1 3 1 1 1 1 1 1 1 1 1 1 1 1 |1 1 1 1 1 1 |1 1 1 1 1 1 1 1 1 1 |1 1 1 6 1 5 1 1 1 1 6 1 1 4 1 1 5 1 1 |1 1 5 6 1 3 1 6 1 |1 1 1 1 6 1 |1 1 6 1 1 1 1 1 1 1 1 1 1 1 1 1 1 |6 1 1 1 1 1 1 1 1 1 1 1 1 1 |1 1 1 1 1 1 1 1 |1 1 1 6 1 1 1 |1 1 1 1 1 1 1 1 1 1 1 1 1 1 1 1 |1 1 1 1 1 1 1 1 1 1 1 1 1 1 1 |1 6 1 1 1 1 1 1 1 1 1 1 1 5 1 1 1 1 |1 1 1 1 1 1 1 1 1 1 1 5 1 1 1 1 |1 1 1 5 1 1 1 1 1 1 1 1 3 1 |6 1 1 1 1 1 1 1 1 |1 1 1 1 1 6 1 1 5 1 1 1 1 1 1 1 1 1 6 1 |1 1 1 1 1 1 1 1 1 1 1 1 1 |6 1 1 1 1 6 1 1 1 1 1 4 6 1 1 1 1 1 1 1 |1 1 1 1 1 6 |1 1 1 1 1 1 6 1 1 1 1 1 |
最佳适应度：
111.62878446196993

===============第58个全局最优解================
最佳代数：
110433
最佳分配：
1 1 1 1 1 1 1 1 1 1 1 1 1 6 1 6 6 1 |1 1 1 6 1 6 1 6 1 1 1 |1 1 1 1 1 5 1 6 1 1 1 1 |1 1 1 1 6 1 1 1 1 5 1 1 1 1 1 1 |1 1 1 1 1 1 1 1 1 1 |6 1 1 1 1 1 1 1 1 1 1 1 1 6 1 6 1 |1 1 1 1 1 6 1 1 1 1 1 1 1 1 1 1 1 1 |1 1 1 1 1 1 3 |1 1 1 1 1 1 1 1 1 1 5 1 1 1 1 1 3 1 |1 1 1 1 1 1 1 1 1 1 1 1 1 1 1 1 1 1 1 |1 1 1 1 1 6 |1 1 1 1 1 1 1 1 1 1 |1 1 1 6 1 5 1 1 1 1 6 1 1 1 1 1 1 1 1 |1 1 6 6 1 1 1 6 1 |1 1 1 1 1 1 |2 1 6 1 1 1 1 1 1 1 1 1 1 1 1 1 1 |6 1 1 5 1 1 6 1 1 1 1 1 1 1 |1 1 1 1 1 1 1 1 |1 1 1 1 1 1 1 |1 1 1 1 1 1 1 1 1 1 1 3 1 1 1 1 |1 1 1 1 1 1 1 1 1 1 1 1 1 1 1 |1 6 1 1 1 1 1 1 1 1 1 1 1 1 1 1 1 4 |1 1 1 1 1 1 1 1 1 1 1 5 1 1 1 4 |1 1 1 1 1 1 1 1 1 1 1 1 1 1 |6 1 1 1 1 1 1 1 1 |1 1 1 1 6 6 1 1 6 1 1 1 1 1 1 1 1 3 5 1 |1 1 1 4 1 1 1 1 1 1 1 1 1 |1 1 1 1 1 6 1 1 1 1 1 5 6 1 1 1 1 1 1 1 |1 1 1 1 5 6 |1 1 1 1 1 1 1 1 1 1 1 1 |
最佳适应度：
109.51806357516426

===============第59个全局最优解================
最佳代数：
94628
最佳分配：
1 1 1 1 1 1 1 1 1 1 1 1 1 6 1 6 1 1 |1 1 1 6 1 1 1 6 1 1 1 |1 1 1 1 1 1 1 6 1 1 1 1 |1 1 1 1 6 1 6 1 1 1 6 1 1 1 1 1 |1 1 1 1 1 1 1 1 6 1 |6 1 1 1 1 1 1 1 1 1 1 1 1 6 1 6 1 |1 1 1 1 1 1 1 1 1 1 1 1 1 1 1 1 5 1 |1 1 1 1 1 1 1 |1 1 1 1 1 4 1 1 1 1 6 1 1 1 1 1 1 1 |1 1 1 1 1 1 1 1 1 1 1 1 1 1 1 1 1 1 1 |1 1 1 1 1 1 |1 1 1 1 1 1 1 1 1 1 |1 1 1 6 1 6 1 1 1 1 1 1 1 6 1 1 6 1 1 |1 1 6 6 1 1 1 6 1 |1 1 1 1 1 1 |1 1 6 1 1 1 1 1 1 1 1 1 1 1 1 1 1 |6 1 1 5 1 1 1 1 1 1 1 1 1 1 |1 1 1 1 1 1 1 1 |1 1 1 6 1 1 1 |1 1 1 1 1 1 1 1 1 1 1 1 1 1 1 1 |1 1 1 1 1 1 1 1 1 1 1 1 1 1 1 |1 6 1 1 1 4 1 1 1 1 1 1 1 6 1 1 1 6 |1 1 1 1 6 1 1 1 6 1 1 6 1 1 1 1 |1 1 1 1 1 1 1 1 1 1 1 1 1 1 |6 1 1 1 1 1 1 1 1 |1 1 1 1 6 6 1 1 6 1 1 1 1 1 1 1 1 1 6 1 |1 1 1 1 1 1 1 1 1 1 1 1 1 |1 1 1 1 1 1 1 1 1 1 1 1 6 1 1 1 1 1 1 1 |1 1 1 1 1 6 |1 1 1 1 1 1 6 1 1 1 1 1 |
最佳适应度：
111.53014190447229

===============第60个全局最优解================
最佳代数：
118452
最佳分配：
1 1 1 1 1 1 1 1 1 1 1 1 1 6 1 6 6 1 |1 1 1 6 1 1 1 6 1 1 1 |1 1 1 1 1 5 1 6 1 1 1 1 |1 1 1 1 6 1 6 1 3 5 6 5 1 1 1 1 |1 1 1 1 1 1 1 1 1 1 |6 1 1 1 1 1 1 1 1 1 1 1 1 6 1 6 1 |1 1 1 1 1 6 1 1 1 1 1 1 4 1 1 1 1 1 |1 1 1 1 1 1 1 |4 1 1 1 1 3 1 1 1 1 1 1 1 1 1 1 1 1 |1 1 1 1 1 1 5 1 1 6 1 1 1 1 1 1 1 1 1 |1 1 1 1 1 1 |1 1 1 1 1 1 1 1 1 1 |1 1 1 6 1 6 1 1 1 1 1 1 1 1 1 1 6 1 1 |1 1 1 6 1 1 1 6 1 |1 1 1 1 1 1 |1 1 1 1 1 1 1 1 1 1 1 1 1 1 1 1 1 |6 1 1 1 1 1 1 1 1 1 1 1 1 1 |1 1 1 1 1 1 1 1 |1 1 1 1 1 1 1 |1 1 1 1 1 1 1 1 1 1 1 1 1 1 1 1 |1 1 1 1 1 1 1 1 1 1 1 1 1 1 1 |1 6 1 1 1 1 1 1 1 1 2 1 1 1 1 1 1 4 |1 1 1 1 5 1 1 1 6 1 1 6 1 1 1 1 |1 1 1 1 1 1 1 1 1 1 1 1 1 1 |6 1 1 1 1 1 5 1 1 |1 1 1 1 1 6 1 1 6 1 1 1 1 1 1 1 1 4 6 1 |1 1 1 1 1 1 1 1 1 1 1 1 1 |6 1 1 1 1 5 1 1 1 1 1 1 5 1 1 1 1 1 1 1 |1 1 1 1 1 6 |1 1 1 1 1 1 6 1 1 1 1 1 |
最佳适应度：
110.27756952797206

最大适应度：112.97156142167069
最小适应度：108.52699368851196
平均适应度：111.05772422788849
估计标准差值：0.993228307567857
最佳分配：
1 1 1 1 1 1 1 1 1 1 1 1 1 5 1 6 1 1 |1 1 1 6 1 3 1 6 1 1 1 |1 1 1 1 1 1 1 6 1 1 1 1 |1 1 1 1 6 1 6 1 1 1 5 1 1 1 1 1 |1 1 1 1 1 1 1 1 1 1 |6 1 1 1 1 1 1 1 1 1 1 1 1 5 1 6 1 |1 1 1 1 1 6 1 1 1 2 1 1 4 1 1 1 1 1 |1 1 1 1 1 1 1 |1 1 1 1 1 1 1 1 1 1 1 1 1 1 1 1 1 1 |1 1 1 1 1 1 1 1 1 1 1 1 1 1 1 1 1 1 1 |1 1 1 1 1 1 |1 1 1 1 1 1 1 1 1 1 |1 1 1 6 1 6 1 1 1 1 6 1 1 3 1 1 1 1 1 |1 1 6 6 1 1 1 6 1 |1 1 1 1 5 1 |1 1 5 1 1 1 1 1 1 1 6 1 1 1 1 1 1 |6 1 1 1 1 1 3 1 1 1 1 1 1 1 |1 1 1 1 1 1 1 1 |1 1 1 6 1 1 1 |1 1 1 1 1 1 1 1 1 1 1 1 1 1 1 1 |1 1 1 1 1 1 1 1 1 1 1 1 1 1 1 |1 6 1 1 1 1 1 1 1 1 5 1 1 4 1 1 1 1 |1 1 1 1 2 1 1 1 6 1 1 6 1 1 4 1 |1 1 1 1 1 1 1 1 1 1 1 1 3 1 |6 1 1 1 1 1 6 2 1 |1 1 1 1 1 6 1 1 1 1 1 1 1 1 1 1 1 1 6 1 |1 1 1 1 1 1 1 1 1 1 1 1 1 |6 1 1 1 1 6 1 1 1 1 1 3 6 1 1 1 1 1 1 1 |1 1 1 1 1 6 |4 1 1 1 1 1 6 1 1 1 1 1 |
PSO算法运行求解巡逻调度问题耗时：1小时，28分钟，25秒
