第1个BestWave: 
5 1 1 1 1 5 1 3 6 |1 1 1 1 2 1 |1 2 1 1 1 1 1 1 5 |1 1 1 1 1 4 1 2 1 2 4 |2 4 1 1 1 2 1 2 1 1 2 2 5 3 1 1 6 |realPatrol = 100|fitness = 11.959425973695405

第2个BestWave: 
6 1 4 1 1 4 1 2 6 |1 1 1 1 1 1 |1 1 1 1 1 1 1 1 3 |1 1 1 1 1 5 1 1 1 1 2 |1 4 3 1 1 1 5 3 1 1 1 1 6 2 2 2 6 |realPatrol = 100|fitness = 12.094299307494026

第3个BestWave: 
4 1 5 1 1 2 1 3 6 |1 1 1 1 2 1 |1 4 1 1 1 1 2 1 3 |1 1 1 1 1 5 2 1 1 2 3 |1 2 4 2 1 1 1 1 1 2 1 2 6 3 1 1 5 |realPatrol = 100|fitness = 12.003169631608154

第4个BestWave: 
6 1 2 1 1 3 1 5 5 |1 1 1 1 1 1 |1 3 1 1 1 1 1 1 5 |1 1 2 1 2 5 1 1 1 1 4 |1 3 2 1 2 1 2 1 3 1 1 2 5 1 1 1 6 |realPatrol = 100|fitness = 12.076371113465576

第5个BestWave: 
6 1 2 1 1 6 1 4 6 |1 1 1 1 2 1 |1 2 1 1 1 1 1 3 3 |1 1 1 1 1 6 1 1 1 1 2 |1 2 3 1 2 1 1 2 2 1 1 1 6 1 1 2 6 |realPatrol = 100|fitness = 12.411275630044111

第6个BestWave: 
6 1 3 1 1 4 2 2 6 |1 1 1 1 1 1 |1 3 1 1 1 1 1 1 1 |1 1 2 1 1 4 1 2 1 1 4 |2 3 1 2 1 2 1 3 1 2 1 2 6 3 1 1 6 |realPatrol = 100|fitness = 12.208010333968078

第7个BestWave: 
5 1 4 1 1 3 1 4 5 |1 2 1 1 2 1 |1 3 1 1 1 1 1 1 2 |1 1 1 1 1 3 2 1 2 1 2 |1 3 2 1 1 1 5 3 1 1 1 1 5 4 2 1 6 |realPatrol = 100|fitness = 12.22925409644128

第8个BestWave: 
6 1 3 1 1 4 1 3 5 |1 1 1 2 1 1 |1 4 1 1 1 1 2 2 3 |1 1 2 1 1 5 1 1 1 1 2 |1 1 1 1 1 1 2 3 1 1 5 1 6 2 1 1 6 |realPatrol = 100|fitness = 12.143555840718701

第9个BestWave: 
5 1 1 1 1 3 1 4 6 |1 1 1 1 1 1 |1 6 1 1 1 1 1 1 1 |1 1 1 1 1 5 1 1 2 1 3 |1 4 4 1 3 1 1 4 1 1 1 1 6 3 1 1 5 |realPatrol = 100|fitness = 12.156000299541017

第10个BestWave: 
6 1 1 1 1 5 1 3 5 |1 1 1 1 1 1 |1 3 1 1 1 1 1 1 2 |1 1 1 1 1 3 2 2 1 1 4 |1 5 1 1 3 1 1 4 1 2 1 2 6 3 1 2 5 |realPatrol = 100|fitness = 12.141347166896205

第11个BestWave: 
6 1 2 1 2 3 1 6 5 |1 1 1 1 1 1 |1 3 1 1 1 1 1 1 1 |1 1 1 1 1 3 1 1 1 1 4 |1 3 1 1 4 1 1 3 3 1 1 4 5 3 1 1 6 |realPatrol = 100|fitness = 12.161666164373367

第12个BestWave: 
4 1 1 1 1 4 1 3 4 |1 1 1 1 3 1 |1 4 1 1 1 1 1 2 5 |1 1 1 1 1 6 1 1 1 1 3 |1 3 1 1 2 1 3 2 2 1 1 2 4 4 1 2 6 |realPatrol = 100|fitness = 12.201822011007222

第13个BestWave: 
5 2 2 1 2 3 1 3 6 |1 2 1 1 1 1 |1 3 1 1 1 1 1 1 1 |1 1 1 1 1 3 1 1 1 1 4 |1 4 5 2 1 1 1 5 1 1 1 1 5 4 1 1 6 |realPatrol = 100|fitness = 12.181606389029335

第14个BestWave: 
5 1 3 1 2 5 1 3 6 |1 1 1 1 1 1 |3 4 1 1 1 1 1 2 1 |3 1 1 1 1 5 1 1 2 1 1 |1 4 1 2 1 1 1 2 1 1 1 1 5 3 1 2 6 |realPatrol = 100|fitness = 12.201421087402402

第15个BestWave: 
5 1 3 1 1 5 1 3 6 |1 1 1 1 1 2 |1 3 1 1 1 2 1 1 5 |1 1 1 2 1 3 1 2 2 1 3 |1 4 2 1 2 1 1 1 1 2 1 1 6 3 1 1 4 |realPatrol = 100|fitness = 11.85529684569495

第16个BestWave: 
6 1 2 1 1 4 1 2 5 |1 1 1 2 2 1 |1 4 1 1 1 1 1 2 4 |1 1 1 1 1 4 1 2 1 1 3 |1 5 1 1 1 1 3 1 1 2 2 2 5 2 1 1 6 |realPatrol = 100|fitness = 12.205279316811762

第17个BestWave: 
4 1 3 1 1 4 1 2 4 |1 1 1 1 2 1 |1 5 1 1 1 1 1 2 1 |1 1 1 2 1 6 2 2 1 1 4 |1 1 4 1 3 1 1 3 1 1 1 2 6 2 1 1 6 |realPatrol = 100|fitness = 11.995100346965765

第18个BestWave: 
4 1 1 1 1 4 1 4 6 |1 1 2 1 1 1 |1 2 1 1 1 1 1 1 2 |1 1 1 1 1 5 1 1 1 1 5 |1 3 1 3 2 1 3 4 1 2 1 2 5 3 1 1 6 |realPatrol = 100|fitness = 12.006411223845413

第19个BestWave: 
5 1 2 1 1 5 1 4 6 |1 1 1 1 1 1 |1 4 1 1 1 1 1 1 1 |1 1 1 1 1 1 1 2 2 1 3 |1 5 2 2 4 1 3 2 2 1 1 2 6 1 1 1 6 |realPatrol = 100|fitness = 12.254133737540498

第20个BestWave: 
5 1 2 1 1 4 1 5 6 |1 1 2 1 1 1 |1 5 1 2 1 1 1 1 1 |1 1 1 1 1 4 1 2 1 1 2 |1 3 5 1 2 1 1 1 1 1 2 1 6 3 1 1 6 |realPatrol = 100|fitness = 12.070454242819872

第21个BestWave: 
6 1 3 1 1 6 1 3 5 |1 1 1 1 3 1 |2 1 1 1 1 1 3 2 1 |1 1 1 1 1 4 2 1 1 1 2 |1 3 1 2 1 1 1 2 1 1 2 1 6 5 1 1 6 |realPatrol = 100|fitness = 12.078807235373404

第22个BestWave: 
6 2 2 1 1 5 1 5 6 |1 1 1 1 1 1 |2 2 1 1 1 1 1 1 1 |2 1 3 1 1 4 1 1 1 1 4 |1 3 2 1 3 1 1 1 1 2 2 1 6 1 1 1 6 |realPatrol = 100|fitness = 12.062627689163973

第23个BestWave: 
6 1 2 2 1 5 1 6 5 |1 1 1 1 1 1 |1 3 1 1 1 1 1 1 1 |1 1 1 2 1 5 1 1 2 1 2 |1 2 3 2 2 1 2 4 1 1 1 1 5 2 1 1 6 |realPatrol = 100|fitness = 12.08931665832751

第24个BestWave: 
6 1 2 1 1 4 1 4 6 |2 1 1 1 1 1 |2 4 1 1 2 1 3 1 1 |1 1 1 1 1 4 1 1 1 1 3 |1 1 2 1 3 1 3 2 1 1 1 1 6 3 1 1 6 |realPatrol = 100|fitness = 11.955717307626083

第25个BestWave: 
4 1 2 1 1 3 1 3 6 |1 1 1 1 1 1 |1 3 1 1 1 1 1 1 6 |1 1 1 1 1 5 2 1 2 2 1 |1 3 2 1 1 1 2 4 1 1 1 4 6 2 1 1 6 |realPatrol = 100|fitness = 11.902336803457917

第26个BestWave: 
6 1 4 2 1 4 1 2 4 |1 1 1 1 3 1 |1 4 1 1 1 1 1 2 2 |1 1 1 1 1 5 2 1 2 2 3 |1 5 2 1 1 1 2 3 1 1 1 1 4 1 1 1 6 |realPatrol = 100|fitness = 12.044481646207903

第27个BestWave: 
5 1 3 1 1 6 1 3 6 |1 1 1 1 1 1 |1 3 1 1 1 1 2 1 2 |1 1 1 2 1 5 2 1 2 1 2 |1 6 3 2 1 1 1 1 1 1 2 2 4 1 1 1 6 |realPatrol = 100|fitness = 12.225725772512881

第28个BestWave: 
4 1 3 1 1 4 1 4 6 |1 1 1 1 1 1 |1 4 1 1 1 1 1 3 1 |1 1 1 1 1 4 1 3 1 1 2 |1 2 4 3 2 1 1 2 1 2 1 2 5 3 1 1 6 |realPatrol = 100|fitness = 12.150019669373426

第29个BestWave: 
4 1 4 1 1 4 1 4 5 |1 1 1 1 1 1 |1 3 1 1 1 1 1 1 1 |1 1 1 1 1 5 1 1 3 1 4 |1 4 3 1 1 1 2 1 3 1 1 1 6 4 1 1 6 |realPatrol = 100|fitness = 12.369942394339738

第30个BestWave: 
5 1 4 1 1 6 1 4 4 |1 1 1 1 2 1 |1 4 1 2 1 1 1 1 1 |2 1 1 1 1 3 1 1 1 1 3 |1 5 3 2 1 1 1 1 1 1 1 1 6 3 2 1 6 |realPatrol = 100|fitness = 12.102622473706242

第31个BestWave: 
6 1 1 1 2 4 1 3 5 |1 1 1 2 2 1 |1 4 1 1 1 1 1 1 1 |1 1 1 1 1 6 1 1 1 1 1 |2 4 3 2 1 1 3 3 1 2 1 1 6 2 1 1 6 |realPatrol = 100|fitness = 12.140732044343613

第32个BestWave: 
5 1 2 1 1 3 2 5 5 |1 1 1 1 1 1 |1 2 1 1 1 1 2 1 1 |1 1 1 1 1 6 1 1 1 1 3 |1 4 2 1 2 2 4 3 2 1 1 1 6 2 1 1 6 |realPatrol = 100|fitness = 12.088941104382473

第33个BestWave: 
6 2 4 1 1 4 1 4 6 |1 2 1 1 2 1 |1 3 1 1 1 1 1 1 1 |1 1 2 1 1 6 1 2 1 1 3 |1 4 1 1 2 1 1 3 1 1 1 1 4 1 2 1 6 |realPatrol = 100|fitness = 12.321623757545586

第34个BestWave: 
4 1 4 1 1 5 1 3 5 |1 1 1 1 1 1 |1 1 1 1 1 1 1 1 4 |2 1 1 1 2 4 1 1 1 1 6 |1 5 3 1 2 1 1 2 1 2 1 2 5 1 1 1 6 |realPatrol = 100|fitness = 12.06436040280348

第35个BestWave: 
6 1 3 1 1 4 1 5 5 |1 1 1 1 1 1 |1 3 1 1 1 1 1 2 1 |1 1 1 1 1 4 2 1 1 1 2 |2 4 2 1 1 2 1 1 1 2 1 3 6 4 1 1 6 |realPatrol = 100|fitness = 12.093965260231661

第36个BestWave: 
6 1 2 1 1 5 1 3 4 |1 1 1 1 1 1 |1 2 1 1 1 1 1 2 5 |1 1 1 1 1 5 1 1 1 1 4 |1 2 1 1 1 1 1 1 2 2 1 3 6 3 1 4 6 |realPatrol = 100|fitness = 12.201997383838327

第37个BestWave: 
6 1 3 1 1 4 1 3 5 |1 1 1 1 2 1 |1 4 2 2 1 1 1 2 2 |1 1 2 2 1 4 1 1 1 1 3 |1 3 1 3 2 1 1 3 1 1 1 1 5 2 1 1 6 |realPatrol = 100|fitness = 12.254842053941813

第38个BestWave: 
6 1 4 1 2 2 1 4 6 |1 1 1 1 2 1 |1 5 1 1 1 1 1 1 2 |1 1 1 1 1 4 1 1 1 1 1 |1 5 5 1 2 2 1 1 1 1 1 3 4 3 1 1 5 |realPatrol = 100|fitness = 12.22161041001559

第39个BestWave: 
6 1 4 1 1 2 1 3 6 |1 1 1 1 1 1 |1 2 1 1 1 1 1 2 4 |1 2 1 1 1 5 1 1 1 1 4 |1 4 2 2 1 2 1 4 1 1 1 1 6 1 1 1 6 |realPatrol = 100|fitness = 12.30113985072556

第40个BestWave: 
4 2 2 1 1 5 1 5 5 |1 1 1 1 1 1 |1 2 1 1 1 1 1 1 3 |1 1 1 1 1 4 1 1 1 1 2 |1 4 1 3 4 1 3 2 1 1 1 2 6 3 1 1 6 |realPatrol = 100|fitness = 12.163126354008632

第41个BestWave: 
4 1 3 1 1 3 1 2 6 |1 1 1 1 2 2 |1 5 1 1 1 1 1 2 2 |1 1 1 1 1 5 2 1 2 1 3 |1 2 2 2 2 2 2 4 1 1 1 1 4 3 1 1 6 |realPatrol = 100|fitness = 12.182798235710832

第42个BestWave: 
6 2 4 1 1 6 1 2 5 |1 1 1 1 1 1 |1 3 1 1 1 1 2 1 1 |1 1 1 1 1 1 1 1 1 1 5 |1 5 3 1 2 1 1 2 1 1 1 3 6 3 1 1 6 |realPatrol = 100|fitness = 12.000807151732985

第43个BestWave: 
4 2 2 1 1 4 1 5 6 |1 1 1 1 1 2 |1 2 1 1 1 1 1 2 3 |1 1 1 1 1 5 1 1 1 2 4 |1 2 3 1 2 1 1 3 1 1 1 1 6 2 3 1 5 |realPatrol = 100|fitness = 11.902166295655814

第44个BestWave: 
4 1 6 1 1 4 1 4 6 |1 1 1 1 1 1 |1 3 1 1 1 1 1 1 1 |1 1 1 1 1 5 1 1 1 2 4 |1 2 1 4 1 1 2 2 1 3 1 2 6 1 1 1 6 |realPatrol = 100|fitness = 12.087861140005295

第45个BestWave: 
4 1 3 1 1 3 1 3 6 |1 1 1 2 1 1 |2 2 1 1 1 1 2 2 3 |1 1 1 1 1 4 1 1 1 1 5 |1 3 4 1 1 1 2 2 1 1 1 3 6 3 1 1 5 |realPatrol = 100|fitness = 12.140913226885129

第46个BestWave: 
4 1 3 1 1 5 1 1 4 |1 1 1 2 1 1 |1 4 1 1 1 1 1 1 4 |1 1 1 1 1 6 1 1 1 1 6 |1 5 1 1 1 1 1 4 1 1 1 3 6 2 1 1 5 |realPatrol = 100|fitness = 12.044152077564561

第47个BestWave: 
5 1 3 1 3 4 1 1 6 |1 1 1 1 2 1 |1 3 1 1 1 1 2 3 1 |2 1 1 1 2 5 1 1 1 1 3 |1 3 2 1 1 1 1 4 1 1 2 1 5 3 1 1 6 |realPatrol = 100|fitness = 12.188335027056976

第48个BestWave: 
6 1 1 1 1 3 1 5 6 |1 1 1 1 1 1 |2 4 1 1 1 1 2 1 3 |1 1 2 1 1 4 1 1 2 1 2 |1 5 2 1 2 1 3 1 1 2 1 2 5 1 1 1 6 |realPatrol = 100|fitness = 12.208348901170103

第49个BestWave: 
6 1 1 2 2 4 1 3 6 |1 1 1 1 1 1 |1 2 1 1 1 1 1 1 6 |1 1 1 1 1 6 1 1 1 1 2 |1 3 1 1 1 1 1 2 3 1 1 1 6 6 1 1 5 |realPatrol = 100|fitness = 12.179451710779876

第50个BestWave: 
5 1 4 2 1 3 1 3 3 |1 1 1 2 1 1 |1 4 1 1 1 1 1 1 3 |1 1 1 1 1 5 1 2 1 1 4 |1 2 1 1 2 2 3 2 1 1 1 1 6 5 1 1 6 |realPatrol = 100|fitness = 11.956114143117901

第51个BestWave: 
5 1 4 1 1 4 1 3 6 |1 1 1 1 1 1 |1 4 1 1 1 1 1 3 2 |1 1 1 1 1 5 1 1 1 1 4 |1 4 1 1 2 1 1 3 1 2 1 1 5 2 1 2 6 |realPatrol = 100|fitness = 12.453341608754286

第52个BestWave: 
5 2 4 1 1 6 1 2 5 |1 1 1 1 2 1 |1 5 1 1 1 1 2 1 2 |1 1 2 1 1 6 1 1 1 1 3 |1 4 2 1 1 2 1 2 1 2 1 1 5 1 1 1 5 |realPatrol = 100|fitness = 12.098166876162416

第53个BestWave: 
5 1 2 1 5 6 1 5 6 |1 1 1 1 2 1 |1 3 1 2 1 1 1 1 1 |1 1 2 1 1 5 1 1 1 1 1 |1 5 2 1 2 1 1 3 1 2 1 1 4 1 1 1 5 |realPatrol = 100|fitness = 12.032770062627819

第54个BestWave: 
2 1 3 1 1 6 1 2 5 |1 1 1 1 1 1 |1 4 1 1 1 1 1 1 3 |1 1 1 1 1 4 3 2 1 1 3 |1 2 4 1 2 1 1 3 1 1 1 2 6 4 2 1 6 |realPatrol = 100|fitness = 11.856868283445374

第55个BestWave: 
4 1 4 1 1 3 1 4 4 |1 1 1 1 2 1 |1 6 1 1 1 1 1 3 2 |1 1 1 1 1 1 1 2 1 1 2 |1 3 2 2 3 1 1 2 1 1 1 4 6 4 1 1 6 |realPatrol = 100|fitness = 11.97570662459633

第56个BestWave: 
5 1 2 1 2 5 1 4 6 |1 1 1 1 3 2 |1 3 1 1 1 1 1 1 1 |1 1 1 2 1 5 1 1 1 1 1 |1 4 3 1 1 1 1 4 1 1 1 1 5 4 1 2 5 |realPatrol = 100|fitness = 12.026114527909474

第57个BestWave: 
4 1 4 1 1 4 1 5 6 |1 1 1 1 3 1 |1 2 1 1 1 1 1 2 2 |2 2 2 1 1 3 1 1 1 1 3 |1 5 2 1 2 1 2 3 1 1 1 1 6 1 1 1 5 |realPatrol = 100|fitness = 12.21952363405923

第58个BestWave: 
5 1 2 1 1 3 1 3 4 |1 1 1 1 1 1 |1 3 1 1 1 1 1 2 6 |1 1 1 1 1 6 2 1 1 1 4 |1 2 3 1 1 1 3 4 1 1 1 1 6 1 1 2 6 |realPatrol = 100|fitness = 12.123245556482184

第59个BestWave: 
5 1 4 1 1 5 1 3 6 |1 1 1 1 1 1 |1 2 1 1 1 1 1 1 4 |1 1 1 1 1 3 1 1 1 1 3 |3 6 1 2 1 2 1 2 1 1 1 1 6 3 1 1 6 |realPatrol = 100|fitness = 12.172329497959975

第60个BestWave: 
5 1 1 1 1 4 2 5 6 |1 1 1 1 1 1 |1 5 1 1 1 1 1 1 3 |1 2 1 1 1 3 1 1 1 1 3 |1 5 2 1 1 1 1 2 1 1 1 3 5 4 1 1 6 |realPatrol = 100|fitness = 12.165231450876718

最优解的最大适应度：12.453341608754286
最优解的最小适应度：11.85529684569495
最优解的平均适应度：12.123401384397367
估计标准差值：0.12475882865724394
最优解的最佳分配：
5 1 4 1 1 4 1 3 6 |1 1 1 1 1 1 |1 4 1 1 1 1 1 3 2 |1 1 1 1 1 5 1 1 1 1 4 |1 4 1 1 2 1 1 3 1 2 1 1 5 2 1 2 6 |100|realPatrol = 100
WWO算法运行求解巡逻调度问题耗时：0小时，1分钟，8秒
