第1个BestWave: 
1 1 1 2 1 1 1 1 1 2 1 1 1 5 2 6 1 1 |1 1 1 4 1 1 1 1 1 1 1 |2 1 1 1 1 2 1 1 1 1 1 2 |2 1 4 2 2 1 4 2 1 1 3 2 1 1 1 2 |1 1 1 3 1 1 1 1 1 1 |4 1 1 1 1 2 1 1 2 1 2 3 1 4 1 5 1 |1 1 1 2 1 4 2 3 1 1 1 1 5 1 3 3 4 2 |1 1 1 1 1 1 1 |3 1 1 2 1 3 1 1 2 1 3 1 2 1 1 3 1 1 |2 1 1 3 1 1 1 1 1 4 1 1 1 1 1 1 1 3 1 |1 1 2 1 1 1 |1 1 1 1 1 1 1 1 1 3 |1 3 2 6 1 4 1 1 1 1 5 1 2 3 1 1 5 1 1 |1 2 1 1 1 1 1 1 1 |1 1 1 1 1 1 |1 1 3 2 1 2 3 1 2 1 2 1 1 1 2 1 2 |5 1 1 1 1 1 2 1 1 1 1 1 1 1 |1 1 1 1 1 1 1 1 |1 1 1 1 1 1 1 |1 1 2 2 1 1 2 1 1 1 2 1 1 1 2 2 |2 1 3 1 3 1 1 1 1 3 1 1 3 1 2 |2 6 1 1 2 1 2 1 1 2 1 2 1 1 1 1 1 1 |1 1 1 3 2 1 1 1 1 2 2 1 1 1 1 2 |1 1 1 1 1 1 1 1 1 1 3 3 1 1 |2 1 1 1 1 1 1 1 1 |4 1 2 1 1 6 3 1 2 2 1 1 1 1 2 1 1 1 5 1 |1 1 1 1 1 1 1 1 2 1 2 1 1 |1 4 2 1 1 5 1 2 2 2 1 1 1 1 1 2 1 1 2 1 |2 1 1 1 1 1 |1 1 1 1 1 1 1 1 1 1 1 1 |realPatrol = 600|fitness = 91.77021421638814

第2个BestWave: 
1 2 1 1 1 1 3 1 2 1 2 3 1 2 1 3 2 2 |1 1 1 1 1 2 1 1 1 2 1 |1 1 1 2 1 4 2 5 1 1 2 1 |1 1 1 1 1 1 4 1 1 2 4 1 1 1 1 1 |1 1 1 3 1 1 1 1 1 1 |5 1 1 1 1 1 1 1 1 2 1 2 3 1 1 6 1 |1 1 1 1 1 3 1 1 1 2 1 1 1 2 1 1 3 2 |1 1 1 1 1 1 1 |3 2 2 1 2 3 1 2 2 3 3 1 1 1 3 2 1 1 |1 1 1 1 1 1 2 1 1 4 1 1 1 2 1 1 1 1 1 |1 1 1 1 1 1 |2 1 1 2 1 1 2 1 1 1 |1 3 1 3 1 4 2 1 4 2 3 1 2 5 1 1 2 1 1 |1 1 1 1 1 2 1 2 1 |1 1 1 1 1 1 |1 2 3 3 1 3 1 1 2 1 2 1 1 1 1 1 1 |3 1 2 1 1 1 2 1 1 1 2 1 1 1 |1 1 1 1 1 1 1 1 |1 1 1 2 1 1 1 |2 1 3 1 1 1 1 1 1 1 1 1 1 1 2 1 |2 1 1 2 1 1 1 1 2 1 3 1 1 2 1 |1 6 1 1 1 1 1 1 1 1 2 1 1 1 2 2 2 1 |1 1 1 1 2 1 1 1 2 1 1 5 1 1 4 1 |1 1 1 5 2 1 1 1 1 1 1 3 2 2 |5 1 1 1 1 1 1 1 1 |1 1 1 2 4 3 1 2 3 1 1 2 1 2 1 1 2 1 2 4 |1 3 1 1 1 1 1 1 1 2 1 1 1 |3 1 1 1 1 4 3 2 3 1 3 4 1 1 1 2 2 2 3 1 |1 1 1 1 2 1 |1 1 1 1 1 1 1 2 1 4 1 1 |realPatrol = 600|fitness = 91.98740405393286

第3个BestWave: 
2 1 1 1 1 1 2 3 1 1 1 1 2 1 2 5 4 4 |1 1 1 2 1 1 1 1 1 2 1 |1 1 1 2 1 4 1 4 1 1 1 1 |1 1 1 2 1 1 3 1 1 1 3 3 1 1 1 1 |1 1 1 1 1 2 1 2 2 1 |5 1 1 2 1 2 1 1 1 1 1 1 2 6 1 5 2 |1 1 1 1 1 2 1 1 1 3 2 2 2 1 1 1 2 1 |1 1 2 1 1 1 1 |1 1 1 1 1 3 2 1 1 1 1 1 1 1 2 2 3 1 |1 1 1 3 1 1 4 1 1 1 2 2 1 2 1 1 1 1 1 |1 1 1 1 1 1 |1 1 1 1 1 1 1 1 1 1 |2 5 2 3 1 2 1 1 1 1 6 1 2 2 1 1 1 2 2 |1 1 1 1 1 1 2 3 1 |1 1 1 1 1 2 |4 1 1 1 4 2 1 1 1 2 1 3 1 1 1 1 2 |3 2 1 1 1 1 1 4 1 1 1 1 2 1 |1 1 1 1 1 1 1 1 |1 1 1 1 1 1 1 |1 1 1 1 1 1 1 2 1 2 1 1 1 2 3 1 |1 2 1 1 1 1 1 1 2 1 2 2 1 1 3 |1 6 1 1 1 4 2 2 1 1 1 1 1 1 1 2 1 3 |1 1 1 1 5 1 1 1 1 1 1 1 1 1 3 2 |1 1 1 2 1 1 1 1 1 1 2 1 3 1 |5 1 1 1 1 1 1 2 1 |2 1 1 1 5 6 2 2 2 1 1 3 2 2 1 1 1 1 2 1 |1 2 1 1 1 1 2 2 1 1 1 1 1 |3 1 3 2 1 2 2 2 2 3 1 1 1 3 1 2 1 1 1 1 |1 1 1 1 1 2 |1 1 2 1 2 1 5 1 1 1 1 3 |realPatrol = 600|fitness = 91.46140111832736

最优解的最大适应度：91.98740405393286
最优解的最小适应度：91.46140111832736
最优解的平均适应度：91.73967312954944
估计标准差值：0.2643280926336968
最优解的最佳分配：
1 2 1 1 1 1 3 1 2 1 2 3 1 2 1 3 2 2 |1 1 1 1 1 2 1 1 1 2 1 |1 1 1 2 1 4 2 5 1 1 2 1 |1 1 1 1 1 1 4 1 1 2 4 1 1 1 1 1 |1 1 1 3 1 1 1 1 1 1 |5 1 1 1 1 1 1 1 1 2 1 2 3 1 1 6 1 |1 1 1 1 1 3 1 1 1 2 1 1 1 2 1 1 3 2 |1 1 1 1 1 1 1 |3 2 2 1 2 3 1 2 2 3 3 1 1 1 3 2 1 1 |1 1 1 1 1 1 2 1 1 4 1 1 1 2 1 1 1 1 1 |1 1 1 1 1 1 |2 1 1 2 1 1 2 1 1 1 |1 3 1 3 1 4 2 1 4 2 3 1 2 5 1 1 2 1 1 |1 1 1 1 1 2 1 2 1 |1 1 1 1 1 1 |1 2 3 3 1 3 1 1 2 1 2 1 1 1 1 1 1 |3 1 2 1 1 1 2 1 1 1 2 1 1 1 |1 1 1 1 1 1 1 1 |1 1 1 2 1 1 1 |2 1 3 1 1 1 1 1 1 1 1 1 1 1 2 1 |2 1 1 2 1 1 1 1 2 1 3 1 1 2 1 |1 6 1 1 1 1 1 1 1 1 2 1 1 1 2 2 2 1 |1 1 1 1 2 1 1 1 2 1 1 5 1 1 4 1 |1 1 1 5 2 1 1 1 1 1 1 3 2 2 |5 1 1 1 1 1 1 1 1 |1 1 1 2 4 3 1 2 3 1 1 2 1 2 1 1 2 1 2 4 |1 3 1 1 1 1 1 1 1 2 1 1 1 |3 1 1 1 1 4 3 2 3 1 3 4 1 1 1 2 2 2 3 1 |1 1 1 1 2 1 |1 1 1 1 1 1 1 2 1 4 1 1 |600|realPatrol = 600
WWO算法运行求解巡逻调度问题耗时：0小时，14分钟，16秒
第1个BestWave: 
1 2 1 2 1 5 1 1 2 3 1 2 1 5 1 5 3 1 |1 1 1 1 2 1 1 1 1 1 1 |2 1 1 1 1 1 1 2 1 1 2 1 |4 1 1 1 3 1 1 1 1 1 2 1 1 1 1 1 |1 1 1 1 1 1 1 1 1 1 |3 1 2 1 1 1 2 2 1 1 1 1 1 2 2 5 1 |2 1 2 3 1 1 1 1 3 1 1 2 3 1 1 2 1 1 |1 1 1 1 1 1 1 |4 1 2 1 1 4 2 1 4 2 2 2 1 1 3 1 2 1 |1 4 1 2 1 1 4 3 1 4 1 1 1 1 2 1 1 1 1 |1 1 1 1 1 1 |1 2 1 1 1 1 1 1 1 1 |1 1 3 4 1 2 1 1 1 1 2 1 2 1 1 1 1 1 2 |1 1 2 6 1 1 1 1 1 |1 1 1 1 1 1 |1 1 3 3 1 2 1 1 2 1 1 1 1 1 2 1 3 |1 1 3 1 1 1 1 1 1 1 1 1 3 1 |1 1 1 1 1 1 1 1 |1 1 1 1 1 1 1 |2 1 1 1 1 1 1 1 1 1 1 1 1 1 2 2 |1 1 1 1 1 1 1 1 1 1 2 1 1 1 1 |1 5 1 1 1 2 1 1 1 3 2 1 2 2 3 2 1 2 |4 1 1 2 3 2 2 1 2 1 1 2 1 3 1 2 |3 1 2 2 1 2 1 1 1 1 2 1 3 1 |1 1 1 1 1 1 1 1 1 |2 3 1 1 1 4 1 1 6 1 1 1 2 1 1 1 1 2 3 1 |1 1 1 1 1 1 1 1 1 1 2 1 1 |4 4 2 2 1 5 1 1 1 1 1 1 5 3 2 1 3 2 4 4 |1 1 1 1 1 1 |4 1 1 1 2 1 3 1 1 1 1 1 |realPatrol = 600|fitness = 89.16547279916026

第2个BestWave: 
3 1 1 2 2 1 2 1 1 1 2 1 1 3 1 6 5 1 |1 2 1 1 2 1 1 1 1 1 1 |1 1 1 1 1 1 1 2 1 1 1 1 |1 1 2 1 3 1 4 1 1 4 2 1 1 1 1 1 |1 1 1 1 1 1 1 1 1 1 |2 2 1 1 1 5 2 2 2 2 1 1 1 1 1 5 1 |1 3 3 1 1 3 2 1 2 1 1 1 4 1 2 3 4 1 |1 1 1 1 1 1 1 |2 1 1 2 2 5 1 2 2 1 1 1 2 2 2 1 2 1 |2 2 2 1 2 2 2 3 1 2 2 1 1 1 1 1 1 2 2 |1 1 1 1 1 1 |2 1 1 4 1 1 1 1 1 2 |1 1 3 3 1 2 1 1 1 1 4 1 2 1 1 1 2 1 1 |1 1 1 3 1 1 2 1 1 |1 1 1 1 1 1 |3 1 3 1 1 1 1 1 1 2 1 2 1 1 1 1 1 |5 1 1 3 1 1 1 1 1 1 1 1 1 1 |1 1 1 1 1 1 1 1 |1 1 1 1 1 1 1 |1 1 1 2 3 1 1 1 1 1 1 3 1 1 1 3 |2 1 2 1 1 1 4 1 2 2 1 1 1 1 2 |1 5 1 2 2 2 1 1 2 1 2 2 1 2 2 1 1 4 |2 1 1 1 2 1 2 2 1 1 1 2 1 1 4 1 |1 1 1 1 1 1 1 2 2 1 1 1 1 1 |1 1 1 1 1 1 1 1 1 |1 1 1 2 4 4 1 1 3 2 2 1 3 1 1 1 2 3 2 1 |2 2 2 2 1 1 1 1 1 1 1 1 1 |5 3 4 1 2 4 2 1 1 1 2 1 1 4 2 1 1 1 2 2 |1 1 1 1 1 1 |1 1 1 1 1 1 1 2 1 1 1 1 |realPatrol = 600|fitness = 90.17349823809676

第3个BestWave: 
1 1 1 1 1 1 1 2 1 1 1 2 1 2 1 5 4 1 |1 1 1 1 1 2 1 1 2 1 1 |1 1 1 1 1 1 1 2 1 1 1 1 |4 3 1 1 4 1 3 1 1 2 4 3 1 1 1 1 |1 1 1 1 1 1 1 1 1 1 |1 2 2 1 1 1 3 1 1 1 2 2 2 1 1 6 1 |1 1 1 2 1 1 1 2 4 1 1 3 1 1 1 2 2 1 |1 1 1 1 1 1 1 |3 1 4 1 1 1 1 2 1 1 5 1 1 1 1 1 1 2 |1 1 1 5 3 1 3 2 1 1 1 1 1 1 2 1 1 2 2 |1 1 1 1 1 1 |1 1 1 1 1 1 1 1 1 1 |1 1 2 6 2 3 1 1 1 3 4 3 1 2 3 1 1 5 1 |1 1 1 1 1 1 1 1 1 |1 1 1 1 1 1 |1 1 4 1 1 3 1 3 1 3 3 1 1 3 1 1 1 |6 2 1 1 1 1 1 1 1 2 2 1 1 1 |1 1 1 1 1 1 1 1 |1 1 1 1 1 1 1 |1 1 3 1 1 2 1 1 1 1 1 1 1 1 1 1 |2 1 1 1 1 1 1 1 3 1 1 1 3 1 1 |1 5 1 1 1 1 1 1 1 1 1 2 1 3 1 1 1 2 |1 3 1 1 2 3 1 1 5 1 2 1 2 1 1 3 |1 1 1 1 1 2 1 1 2 1 2 1 1 2 |1 1 1 1 1 1 1 1 1 |2 2 3 1 3 5 3 1 1 3 1 2 2 2 1 1 1 5 5 1 |1 1 1 1 1 1 1 1 1 1 1 2 1 |3 2 1 3 1 3 1 1 3 4 1 6 3 1 1 1 1 2 1 2 |1 1 1 1 1 1 |1 1 1 1 1 1 2 1 1 2 1 1 |realPatrol = 600|fitness = 90.67615889447404

最优解的最大适应度：90.67615889447404
最优解的最小适应度：89.16547279916026
最优解的平均适应度：90.00504331057702
估计标准差值：0.76930222708495
最优解的最佳分配：
1 1 1 1 1 1 1 2 1 1 1 2 1 2 1 5 4 1 |1 1 1 1 1 2 1 1 2 1 1 |1 1 1 1 1 1 1 2 1 1 1 1 |4 3 1 1 4 1 3 1 1 2 4 3 1 1 1 1 |1 1 1 1 1 1 1 1 1 1 |1 2 2 1 1 1 3 1 1 1 2 2 2 1 1 6 1 |1 1 1 2 1 1 1 2 4 1 1 3 1 1 1 2 2 1 |1 1 1 1 1 1 1 |3 1 4 1 1 1 1 2 1 1 5 1 1 1 1 1 1 2 |1 1 1 5 3 1 3 2 1 1 1 1 1 1 2 1 1 2 2 |1 1 1 1 1 1 |1 1 1 1 1 1 1 1 1 1 |1 1 2 6 2 3 1 1 1 3 4 3 1 2 3 1 1 5 1 |1 1 1 1 1 1 1 1 1 |1 1 1 1 1 1 |1 1 4 1 1 3 1 3 1 3 3 1 1 3 1 1 1 |6 2 1 1 1 1 1 1 1 2 2 1 1 1 |1 1 1 1 1 1 1 1 |1 1 1 1 1 1 1 |1 1 3 1 1 2 1 1 1 1 1 1 1 1 1 1 |2 1 1 1 1 1 1 1 3 1 1 1 3 1 1 |1 5 1 1 1 1 1 1 1 1 1 2 1 3 1 1 1 2 |1 3 1 1 2 3 1 1 5 1 2 1 2 1 1 3 |1 1 1 1 1 2 1 1 2 1 2 1 1 2 |1 1 1 1 1 1 1 1 1 |2 2 3 1 3 5 3 1 1 3 1 2 2 2 1 1 1 5 5 1 |1 1 1 1 1 1 1 1 1 1 1 2 1 |3 2 1 3 1 3 1 1 3 4 1 6 3 1 1 1 1 2 1 2 |1 1 1 1 1 1 |1 1 1 1 1 1 2 1 1 2 1 1 |600|realPatrol = 600
WWO算法运行求解巡逻调度问题耗时：0小时，15分钟，19秒
