第1个BestWave: 
1 1 1 1 1 1 3 1 1 1 4 1 1 4 1 6 3 2 |1 1 1 1 1 2 2 1 1 1 4 |1 1 1 1 1 1 1 2 1 1 2 1 |2 1 1 1 2 1 2 1 3 4 3 2 1 1 1 1 |2 1 1 1 1 1 1 1 2 2 |1 1 1 1 1 1 1 1 1 1 1 1 1 5 1 4 1 |1 1 3 1 1 2 1 1 2 1 1 1 2 2 2 2 1 1 |1 1 1 1 1 1 1 |1 3 2 3 1 2 1 1 1 1 2 1 1 2 1 1 2 1 |3 1 2 2 1 2 1 1 1 1 2 1 2 1 2 2 1 2 1 |1 1 1 1 1 1 |1 1 1 1 1 1 2 1 1 1 |2 1 1 4 1 2 2 1 1 2 4 2 1 5 1 2 2 1 1 |1 1 1 5 1 1 1 1 1 |1 1 1 1 1 1 |6 1 1 1 2 1 1 1 1 1 2 1 1 1 1 1 3 |5 1 2 1 3 4 1 1 1 1 2 3 1 1 |1 1 1 1 1 1 1 1 |1 1 1 1 1 1 1 |2 1 1 2 1 1 1 1 2 1 1 3 1 2 2 1 |1 1 1 1 1 1 2 1 1 2 1 2 1 1 2 |2 2 1 1 1 1 1 1 2 1 2 2 1 3 3 1 1 2 |2 1 1 1 4 1 1 1 2 1 1 3 1 1 3 1 |2 1 1 2 1 1 2 1 1 1 2 1 2 2 |1 1 1 1 1 1 3 2 1 |2 1 1 1 4 1 1 1 5 1 1 2 1 1 1 1 1 1 6 1 |1 2 1 2 1 1 1 1 3 1 2 2 2 |1 1 1 1 2 4 1 2 2 3 3 1 5 1 2 1 2 1 2 2 |1 1 1 1 1 1 |3 1 1 1 1 2 2 2 2 1 1 1 |realPatrol = 600|fitness = 91.97923540510469

最优解的最大适应度：91.97923540510469
最优解的最小适应度：91.97923540510469
最优解的平均适应度：91.97923540510469
估计标准差值：NaN
最优解的最佳分配：
1 1 1 1 1 1 3 1 1 1 4 1 1 4 1 6 3 2 |1 1 1 1 1 2 2 1 1 1 4 |1 1 1 1 1 1 1 2 1 1 2 1 |2 1 1 1 2 1 2 1 3 4 3 2 1 1 1 1 |2 1 1 1 1 1 1 1 2 2 |1 1 1 1 1 1 1 1 1 1 1 1 1 5 1 4 1 |1 1 3 1 1 2 1 1 2 1 1 1 2 2 2 2 1 1 |1 1 1 1 1 1 1 |1 3 2 3 1 2 1 1 1 1 2 1 1 2 1 1 2 1 |3 1 2 2 1 2 1 1 1 1 2 1 2 1 2 2 1 2 1 |1 1 1 1 1 1 |1 1 1 1 1 1 2 1 1 1 |2 1 1 4 1 2 2 1 1 2 4 2 1 5 1 2 2 1 1 |1 1 1 5 1 1 1 1 1 |1 1 1 1 1 1 |6 1 1 1 2 1 1 1 1 1 2 1 1 1 1 1 3 |5 1 2 1 3 4 1 1 1 1 2 3 1 1 |1 1 1 1 1 1 1 1 |1 1 1 1 1 1 1 |2 1 1 2 1 1 1 1 2 1 1 3 1 2 2 1 |1 1 1 1 1 1 2 1 1 2 1 2 1 1 2 |2 2 1 1 1 1 1 1 2 1 2 2 1 3 3 1 1 2 |2 1 1 1 4 1 1 1 2 1 1 3 1 1 3 1 |2 1 1 2 1 1 2 1 1 1 2 1 2 2 |1 1 1 1 1 1 3 2 1 |2 1 1 1 4 1 1 1 5 1 1 2 1 1 1 1 1 1 6 1 |1 2 1 2 1 1 1 1 3 1 2 2 2 |1 1 1 1 2 4 1 2 2 3 3 1 5 1 2 1 2 1 2 2 |1 1 1 1 1 1 |3 1 1 1 1 2 2 2 2 1 1 1 |600|realPatrol = 600
WWO算法运行求解巡逻调度问题耗时：0小时，5分钟，8秒
第1个BestWave: 
4 1 1 1 1 1 1 1 4 1 3 2 2 2 1 6 3 1 |1 1 2 2 1 1 1 1 1 1 1 |1 1 3 1 1 1 1 1 2 1 1 1 |2 1 1 1 4 2 3 1 2 1 6 1 1 1 1 1 |1 1 1 1 1 1 1 1 1 1 |1 1 1 1 1 1 2 1 4 1 2 1 1 1 1 3 3 |1 1 3 1 1 3 1 2 2 1 2 2 1 3 1 1 3 1 |1 2 1 1 1 2 1 |1 2 2 1 1 2 1 1 2 1 3 2 2 2 1 1 1 1 |1 2 1 4 1 1 2 2 1 2 1 1 1 1 2 1 1 2 1 |1 1 1 1 1 1 |1 1 1 1 1 1 1 1 1 1 |1 1 1 3 2 4 2 1 1 2 2 2 3 4 1 2 5 1 1 |1 1 1 1 1 1 1 2 2 |1 1 1 1 1 1 |1 1 4 1 1 1 1 1 1 1 1 2 3 1 1 1 1 |5 1 2 4 1 1 2 1 1 1 1 1 1 1 |1 1 1 1 2 1 1 1 |1 1 1 1 1 1 1 |1 1 2 1 1 1 2 1 2 1 1 1 1 1 2 1 |1 1 1 2 1 1 1 1 1 1 1 2 1 1 1 |1 3 2 1 2 4 1 1 2 1 2 1 1 1 1 1 1 2 |1 1 1 5 3 2 1 1 2 2 1 1 1 1 2 1 |1 1 1 3 1 1 1 1 1 1 1 1 2 1 |6 1 1 1 2 1 1 1 1 |3 1 1 2 6 6 1 1 3 1 1 1 1 2 1 1 4 4 3 1 |1 2 2 1 2 2 1 1 1 1 1 1 1 |4 4 2 1 1 3 1 1 3 4 1 2 4 1 2 1 1 1 1 1 |2 1 1 1 1 1 |2 1 1 1 1 1 1 1 1 1 1 1 |realPatrol = 600|fitness = 92.89765288672378

最优解的最大适应度：92.89765288672378
最优解的最小适应度：92.89765288672378
最优解的平均适应度：92.89765288672378
估计标准差值：NaN
最优解的最佳分配：
4 1 1 1 1 1 1 1 4 1 3 2 2 2 1 6 3 1 |1 1 2 2 1 1 1 1 1 1 1 |1 1 3 1 1 1 1 1 2 1 1 1 |2 1 1 1 4 2 3 1 2 1 6 1 1 1 1 1 |1 1 1 1 1 1 1 1 1 1 |1 1 1 1 1 1 2 1 4 1 2 1 1 1 1 3 3 |1 1 3 1 1 3 1 2 2 1 2 2 1 3 1 1 3 1 |1 2 1 1 1 2 1 |1 2 2 1 1 2 1 1 2 1 3 2 2 2 1 1 1 1 |1 2 1 4 1 1 2 2 1 2 1 1 1 1 2 1 1 2 1 |1 1 1 1 1 1 |1 1 1 1 1 1 1 1 1 1 |1 1 1 3 2 4 2 1 1 2 2 2 3 4 1 2 5 1 1 |1 1 1 1 1 1 1 2 2 |1 1 1 1 1 1 |1 1 4 1 1 1 1 1 1 1 1 2 3 1 1 1 1 |5 1 2 4 1 1 2 1 1 1 1 1 1 1 |1 1 1 1 2 1 1 1 |1 1 1 1 1 1 1 |1 1 2 1 1 1 2 1 2 1 1 1 1 1 2 1 |1 1 1 2 1 1 1 1 1 1 1 2 1 1 1 |1 3 2 1 2 4 1 1 2 1 2 1 1 1 1 1 1 2 |1 1 1 5 3 2 1 1 2 2 1 1 1 1 2 1 |1 1 1 3 1 1 1 1 1 1 1 1 2 1 |6 1 1 1 2 1 1 1 1 |3 1 1 2 6 6 1 1 3 1 1 1 1 2 1 1 4 4 3 1 |1 2 2 1 2 2 1 1 1 1 1 1 1 |4 4 2 1 1 3 1 1 3 4 1 2 4 1 2 1 1 1 1 1 |2 1 1 1 1 1 |2 1 1 1 1 1 1 1 1 1 1 1 |600|realPatrol = 600
WWO算法运行求解巡逻调度问题耗时：0小时，4分钟，33秒
第1个BestWave: 
2 1 1 1 1 1 1 2 1 1 3 1 1 3 1 6 1 1 |1 1 1 2 1 1 1 1 1 1 1 |1 1 2 2 1 2 1 1 1 1 1 1 |2 2 3 1 2 1 2 1 1 1 2 4 1 2 1 1 |1 1 1 1 1 1 1 1 2 1 |5 1 1 1 1 1 1 2 1 1 1 3 1 3 1 4 1 |1 5 1 1 1 1 2 1 1 1 1 1 2 1 1 2 3 1 |1 1 1 1 1 1 1 |1 1 1 2 1 4 2 1 1 1 3 1 1 1 1 2 2 2 |1 2 1 4 1 1 2 1 1 4 1 3 2 1 3 1 3 1 1 |1 1 1 1 1 1 |2 2 1 1 1 1 1 2 1 1 |2 1 1 3 2 1 1 3 2 2 3 1 3 3 1 2 3 1 1 |1 1 1 2 1 1 1 1 1 |1 1 1 1 1 1 |3 1 1 2 1 1 1 1 1 1 1 2 3 1 1 1 1 |3 1 1 2 1 1 4 1 1 1 1 1 1 1 |1 1 1 1 1 1 1 1 |1 1 1 1 1 1 1 |1 2 1 1 1 1 1 2 1 1 1 1 1 1 1 1 |2 1 1 1 1 1 2 2 2 2 1 1 1 1 1 |1 6 4 1 1 5 3 1 1 3 1 1 3 5 1 1 1 2 |1 1 2 1 2 1 2 1 1 1 1 1 1 1 2 1 |1 1 1 1 1 1 1 1 1 1 1 2 1 1 |1 1 1 1 1 1 1 1 1 |2 1 3 5 6 6 1 1 6 1 1 1 4 1 1 3 2 5 2 1 |1 1 1 1 1 1 1 2 1 3 2 1 1 |2 1 2 1 1 6 1 1 1 1 1 6 3 2 1 1 1 1 1 2 |1 1 1 1 2 1 |1 1 1 1 1 1 4 1 1 1 1 2 |realPatrol = 600|fitness = 91.51990555145841

最优解的最大适应度：91.51990555145841
最优解的最小适应度：91.51990555145841
最优解的平均适应度：91.51990555145841
估计标准差值：NaN
最优解的最佳分配：
2 1 1 1 1 1 1 2 1 1 3 1 1 3 1 6 1 1 |1 1 1 2 1 1 1 1 1 1 1 |1 1 2 2 1 2 1 1 1 1 1 1 |2 2 3 1 2 1 2 1 1 1 2 4 1 2 1 1 |1 1 1 1 1 1 1 1 2 1 |5 1 1 1 1 1 1 2 1 1 1 3 1 3 1 4 1 |1 5 1 1 1 1 2 1 1 1 1 1 2 1 1 2 3 1 |1 1 1 1 1 1 1 |1 1 1 2 1 4 2 1 1 1 3 1 1 1 1 2 2 2 |1 2 1 4 1 1 2 1 1 4 1 3 2 1 3 1 3 1 1 |1 1 1 1 1 1 |2 2 1 1 1 1 1 2 1 1 |2 1 1 3 2 1 1 3 2 2 3 1 3 3 1 2 3 1 1 |1 1 1 2 1 1 1 1 1 |1 1 1 1 1 1 |3 1 1 2 1 1 1 1 1 1 1 2 3 1 1 1 1 |3 1 1 2 1 1 4 1 1 1 1 1 1 1 |1 1 1 1 1 1 1 1 |1 1 1 1 1 1 1 |1 2 1 1 1 1 1 2 1 1 1 1 1 1 1 1 |2 1 1 1 1 1 2 2 2 2 1 1 1 1 1 |1 6 4 1 1 5 3 1 1 3 1 1 3 5 1 1 1 2 |1 1 2 1 2 1 2 1 1 1 1 1 1 1 2 1 |1 1 1 1 1 1 1 1 1 1 1 2 1 1 |1 1 1 1 1 1 1 1 1 |2 1 3 5 6 6 1 1 6 1 1 1 4 1 1 3 2 5 2 1 |1 1 1 1 1 1 1 2 1 3 2 1 1 |2 1 2 1 1 6 1 1 1 1 1 6 3 2 1 1 1 1 1 2 |1 1 1 1 2 1 |1 1 1 1 1 1 4 1 1 1 1 2 |600|realPatrol = 600
WWO算法运行求解巡逻调度问题耗时：0小时，2分钟，27秒
