第1个BestWave: 
4 1 1 1 2 1 3 3 1 1 2 1 3 1 1 4 1 2 |1 1 2 1 1 1 1 1 1 1 1 |1 1 1 1 2 1 1 2 1 1 1 1 |1 2 1 1 2 1 3 1 2 1 4 1 1 1 1 1 |1 2 1 1 1 1 1 2 1 1 |5 1 2 1 1 1 2 1 1 3 1 3 1 2 1 4 2 |1 2 1 1 1 1 1 1 1 2 3 2 2 3 1 1 2 1 |1 1 1 1 1 1 1 |1 1 1 3 4 4 1 2 1 1 1 1 1 1 2 1 1 1 |3 1 2 1 2 2 2 1 2 1 1 2 1 1 2 1 2 1 2 |1 1 1 1 1 1 |1 1 1 1 1 1 1 1 2 1 |2 1 2 6 1 4 3 1 1 2 2 1 4 1 1 1 2 1 2 |1 1 2 1 1 3 2 1 1 |1 1 1 1 1 1 |1 1 1 1 1 1 2 2 1 1 2 1 2 1 1 1 1 |2 1 1 1 2 1 1 1 1 1 1 1 1 1 |1 1 1 1 1 1 1 1 |1 1 1 1 1 1 1 |3 2 1 1 1 1 1 1 1 1 1 1 1 2 1 1 |1 1 1 1 1 2 2 1 1 1 2 1 1 1 1 |1 4 1 2 1 1 5 2 1 1 2 1 2 1 1 1 1 1 |1 1 1 3 1 2 1 2 1 1 1 1 1 2 1 1 |1 1 1 2 1 2 1 1 2 1 1 4 4 1 |3 2 1 1 1 1 1 1 1 |3 1 1 1 4 6 1 2 4 1 3 1 2 1 1 2 1 4 6 1 |1 1 1 2 2 1 2 1 4 1 1 1 1 |4 5 2 2 1 6 2 1 2 2 1 3 3 1 1 3 1 1 1 2 |1 1 1 1 1 1 |2 2 1 2 1 1 2 1 1 1 1 2 |realPatrol = 600|fitness = 87.93468335865396

第2个BestWave: 
2 1 1 1 1 1 1 1 2 1 1 1 1 3 2 5 1 1 |1 1 1 1 1 1 1 1 1 1 1 |1 1 1 1 1 1 2 1 1 1 2 1 |1 1 1 1 5 3 1 1 1 2 5 4 3 1 1 1 |2 1 1 1 1 1 1 1 1 1 |3 2 1 1 2 3 1 1 1 2 2 1 2 2 1 4 1 |1 1 2 4 1 3 1 2 1 4 2 1 6 1 1 1 2 2 |1 1 1 1 1 1 2 |2 2 1 1 2 4 2 2 2 1 1 2 1 3 1 4 3 1 |1 1 1 3 1 1 1 1 1 2 1 1 1 1 3 1 1 1 2 |1 1 1 1 1 1 |1 1 4 1 1 1 1 1 1 2 |2 1 1 5 2 2 1 1 2 1 2 1 1 2 1 1 1 1 1 |1 1 1 6 1 1 1 2 2 |1 1 1 1 1 1 |3 1 2 1 1 2 1 1 1 1 3 1 1 1 1 1 2 |4 1 1 1 2 1 1 1 1 1 1 1 1 1 |1 1 1 1 1 1 1 1 |2 1 1 1 1 1 1 |1 2 1 1 1 2 1 1 1 2 4 1 1 2 1 2 |1 1 1 1 2 1 1 1 1 1 3 1 3 1 1 |2 3 3 1 1 4 1 3 1 1 1 2 1 1 1 1 1 1 |1 1 1 1 3 2 1 1 1 1 1 2 1 1 1 1 |1 1 1 1 1 2 1 1 2 1 1 1 1 1 |1 1 1 1 1 1 1 2 1 |1 2 2 1 3 2 1 4 1 1 2 1 1 1 1 1 4 2 2 1 |5 1 1 1 1 1 1 1 1 1 1 1 2 |4 2 3 1 1 2 2 2 2 1 5 5 4 4 3 2 2 1 4 2 |1 1 1 1 1 1 |1 1 1 1 1 1 2 1 1 1 1 1 |realPatrol = 600|fitness = 88.82000188214504

第3个BestWave: 
2 1 1 1 4 1 1 1 1 1 1 1 1 3 1 3 3 1 |1 1 2 1 1 1 1 1 1 2 1 |1 1 1 1 1 2 1 2 1 1 1 1 |1 1 2 1 2 2 3 1 2 1 5 1 1 1 1 1 |1 1 3 1 1 2 1 1 1 1 |3 1 1 1 1 1 2 1 1 2 2 1 1 2 1 5 1 |1 1 1 1 1 3 3 2 1 3 1 1 1 1 1 3 1 1 |1 1 1 1 1 1 1 |1 1 2 2 4 2 1 1 1 1 2 1 1 1 3 2 1 1 |3 1 1 1 1 1 3 2 3 1 5 2 3 1 2 1 1 1 1 |1 1 1 1 1 1 |1 1 3 1 1 1 1 1 1 1 |3 1 2 2 2 1 1 1 1 3 4 1 2 4 1 3 4 1 1 |1 1 2 2 1 1 1 1 1 |1 1 1 1 1 1 |2 2 1 1 1 1 1 1 1 1 4 1 1 2 2 1 2 |1 2 1 1 1 1 1 1 1 2 1 1 2 1 |1 1 1 1 1 1 1 1 |1 1 1 1 1 1 1 |1 3 1 2 1 2 2 1 1 1 4 1 2 1 1 1 |1 2 1 1 1 2 1 1 2 1 1 1 2 1 1 |2 5 1 1 1 1 2 4 4 1 1 1 3 1 2 1 1 4 |1 2 1 1 1 1 1 1 4 1 1 1 1 1 1 2 |1 1 1 6 1 2 2 1 1 1 1 1 2 1 |2 1 1 1 1 1 2 1 1 |1 2 1 1 6 5 2 1 3 5 1 1 3 1 4 1 2 1 1 1 |1 2 1 1 1 1 1 1 1 1 1 1 1 |1 4 1 1 1 5 2 1 2 3 2 2 6 1 2 2 1 2 1 1 |1 1 1 1 2 1 |2 2 1 1 1 1 1 1 1 1 1 1 |realPatrol = 600|fitness = 89.32688238777428

最优解的最大适应度：89.32688238777428
最优解的最小适应度：87.93468335865396
最优解的平均适应度：88.6938558761911
估计标准差值：0.7046198587071545
最优解的最佳分配：
2 1 1 1 4 1 1 1 1 1 1 1 1 3 1 3 3 1 |1 1 2 1 1 1 1 1 1 2 1 |1 1 1 1 1 2 1 2 1 1 1 1 |1 1 2 1 2 2 3 1 2 1 5 1 1 1 1 1 |1 1 3 1 1 2 1 1 1 1 |3 1 1 1 1 1 2 1 1 2 2 1 1 2 1 5 1 |1 1 1 1 1 3 3 2 1 3 1 1 1 1 1 3 1 1 |1 1 1 1 1 1 1 |1 1 2 2 4 2 1 1 1 1 2 1 1 1 3 2 1 1 |3 1 1 1 1 1 3 2 3 1 5 2 3 1 2 1 1 1 1 |1 1 1 1 1 1 |1 1 3 1 1 1 1 1 1 1 |3 1 2 2 2 1 1 1 1 3 4 1 2 4 1 3 4 1 1 |1 1 2 2 1 1 1 1 1 |1 1 1 1 1 1 |2 2 1 1 1 1 1 1 1 1 4 1 1 2 2 1 2 |1 2 1 1 1 1 1 1 1 2 1 1 2 1 |1 1 1 1 1 1 1 1 |1 1 1 1 1 1 1 |1 3 1 2 1 2 2 1 1 1 4 1 2 1 1 1 |1 2 1 1 1 2 1 1 2 1 1 1 2 1 1 |2 5 1 1 1 1 2 4 4 1 1 1 3 1 2 1 1 4 |1 2 1 1 1 1 1 1 4 1 1 1 1 1 1 2 |1 1 1 6 1 2 2 1 1 1 1 1 2 1 |2 1 1 1 1 1 2 1 1 |1 2 1 1 6 5 2 1 3 5 1 1 3 1 4 1 2 1 1 1 |1 2 1 1 1 1 1 1 1 1 1 1 1 |1 4 1 1 1 5 2 1 2 3 2 2 6 1 2 2 1 2 1 1 |1 1 1 1 2 1 |2 2 1 1 1 1 1 1 1 1 1 1 |600|realPatrol = 600
WWO算法运行求解巡逻调度问题耗时：0小时，1分钟，19秒
第1个BestWave: 
2 1 1 1 1 1 1 1 1 1 1 2 3 3 2 6 1 1 |1 1 1 1 1 1 1 1 1 1 1 |1 1 1 1 1 1 1 3 1 1 1 1 |1 1 1 1 3 2 1 1 1 3 4 1 2 1 1 1 |1 1 1 1 1 1 1 1 1 1 |4 1 1 1 1 4 2 1 1 1 2 1 3 3 2 5 1 |4 1 1 1 2 1 1 1 2 2 1 1 3 1 1 1 1 1 |1 1 1 1 1 1 1 |1 1 2 1 1 1 2 4 1 1 4 2 2 1 1 2 3 1 |1 1 3 4 2 1 3 1 1 1 1 1 1 3 1 1 2 1 2 |1 1 1 1 1 1 |2 1 1 2 1 1 1 1 1 1 |2 2 1 2 1 3 2 1 2 2 1 1 1 2 2 1 1 2 4 |1 1 1 1 1 2 1 1 1 |1 1 1 1 2 2 |1 1 1 1 1 2 1 3 1 1 2 1 1 2 1 1 1 |3 2 2 2 1 1 3 1 1 1 1 1 1 1 |1 1 1 1 1 1 1 1 |1 1 1 1 1 1 1 |1 1 1 1 1 2 1 1 1 2 1 2 1 2 1 1 |1 1 1 1 1 1 2 1 1 1 1 1 1 2 1 |1 6 2 1 1 2 1 1 2 2 4 1 1 6 1 1 1 1 |2 1 3 1 1 1 1 1 2 1 1 2 2 2 1 2 |2 1 1 1 1 1 2 1 1 1 1 1 3 1 |6 2 1 1 1 1 4 1 1 |1 1 1 2 4 6 1 1 3 3 1 1 1 1 2 1 1 5 5 2 |1 1 1 1 1 1 1 1 1 2 3 1 1 |4 3 1 1 1 1 2 1 1 3 4 1 6 1 1 1 2 2 1 2 |1 1 1 1 1 1 |1 1 2 1 1 1 4 1 3 1 1 1 |realPatrol = 600|fitness = 91.31006674860708

第2个BestWave: 
2 2 2 1 1 1 1 1 2 1 1 1 1 5 2 6 1 2 |1 1 1 1 1 1 1 1 1 1 1 |1 2 1 1 1 1 1 4 2 1 1 1 |1 1 1 2 3 1 1 2 1 2 1 1 1 2 1 1 |1 1 1 3 1 1 1 1 1 1 |5 3 1 2 1 1 1 1 1 1 1 1 1 1 3 6 1 |1 2 1 4 1 6 2 1 1 4 2 1 5 2 1 1 1 1 |1 1 1 1 1 1 1 |3 1 3 2 1 3 1 1 1 4 2 1 2 1 1 2 1 1 |1 1 2 2 1 2 2 1 1 1 2 2 1 4 1 1 1 3 1 |1 1 1 1 1 1 |1 1 1 1 1 1 1 1 1 1 |1 1 1 3 1 3 1 1 1 1 1 1 1 1 3 2 3 1 2 |2 1 1 5 1 1 1 1 1 |1 1 1 1 1 1 |1 2 3 2 2 2 1 1 1 2 4 1 1 3 1 1 1 |3 2 1 1 1 1 6 1 1 1 1 2 1 1 |1 1 1 2 1 1 1 1 |1 1 1 1 1 1 1 |1 1 4 1 1 1 1 1 2 1 1 4 1 1 1 1 |1 1 1 1 1 1 2 1 1 1 1 2 1 1 1 |1 5 1 1 1 1 1 1 1 1 2 1 1 5 1 2 1 4 |2 2 1 1 2 1 1 2 1 1 3 3 2 1 1 1 |1 1 2 1 1 2 1 1 1 1 1 1 1 1 |1 1 1 2 1 1 1 1 1 |2 2 1 1 3 5 2 1 4 1 1 1 1 1 3 1 1 2 6 1 |1 1 1 1 1 1 2 1 1 3 2 1 2 |1 2 2 1 1 6 1 2 1 1 1 6 3 1 1 1 1 1 1 1 |1 1 1 1 1 1 |3 1 1 1 1 1 1 1 1 1 1 2 |realPatrol = 600|fitness = 92.56219186700795

第3个BestWave: 
1 1 2 2 1 2 1 1 1 1 2 1 3 1 1 5 1 1 |1 1 2 2 1 2 1 1 1 1 1 |1 1 2 1 1 3 1 5 1 1 1 1 |2 1 1 1 3 1 1 1 2 2 6 2 2 1 1 1 |1 1 2 1 1 1 1 1 1 1 |5 1 1 1 2 3 1 1 1 1 1 1 1 1 1 3 1 |1 1 2 2 3 1 2 2 3 3 2 3 4 1 1 2 2 1 |1 1 1 1 1 1 1 |1 2 1 5 3 1 2 3 1 1 1 1 1 2 3 1 1 1 |1 1 1 1 2 3 4 1 1 4 2 1 1 1 1 1 1 1 1 |1 1 1 1 1 1 |1 1 1 1 1 1 2 1 1 1 |3 2 3 5 1 1 1 1 1 1 6 1 1 1 2 2 4 1 1 |1 1 2 1 1 2 1 1 1 |1 1 1 1 1 1 |1 1 4 1 1 1 2 1 2 1 2 3 1 1 1 3 1 |2 1 2 1 1 2 1 1 1 1 1 2 1 1 |1 1 1 1 1 1 1 1 |1 1 1 1 1 1 2 |1 2 2 1 1 1 1 1 2 1 1 1 1 1 1 1 |1 1 1 1 1 1 1 1 1 2 1 1 1 1 1 |1 5 2 1 1 2 1 2 4 2 1 1 1 3 3 1 2 1 |1 1 1 2 2 1 1 1 2 2 2 3 1 1 1 1 |1 1 1 2 1 1 1 1 1 1 3 2 1 1 |1 1 1 1 1 1 3 1 1 |1 3 1 1 6 3 2 2 2 1 2 1 1 1 1 3 1 1 3 1 |2 4 1 1 1 1 2 1 1 2 1 1 1 |1 3 1 1 1 3 1 1 1 1 3 3 6 3 4 1 1 1 1 2 |1 1 1 1 1 1 |1 1 1 1 1 1 5 1 1 1 1 1 |realPatrol = 600|fitness = 91.9613469821212

最优解的最大适应度：92.56219186700795
最优解的最小适应度：91.31006674860708
最优解的平均适应度：91.94453519924541
估计标准差值：0.6262318301277846
最优解的最佳分配：
2 2 2 1 1 1 1 1 2 1 1 1 1 5 2 6 1 2 |1 1 1 1 1 1 1 1 1 1 1 |1 2 1 1 1 1 1 4 2 1 1 1 |1 1 1 2 3 1 1 2 1 2 1 1 1 2 1 1 |1 1 1 3 1 1 1 1 1 1 |5 3 1 2 1 1 1 1 1 1 1 1 1 1 3 6 1 |1 2 1 4 1 6 2 1 1 4 2 1 5 2 1 1 1 1 |1 1 1 1 1 1 1 |3 1 3 2 1 3 1 1 1 4 2 1 2 1 1 2 1 1 |1 1 2 2 1 2 2 1 1 1 2 2 1 4 1 1 1 3 1 |1 1 1 1 1 1 |1 1 1 1 1 1 1 1 1 1 |1 1 1 3 1 3 1 1 1 1 1 1 1 1 3 2 3 1 2 |2 1 1 5 1 1 1 1 1 |1 1 1 1 1 1 |1 2 3 2 2 2 1 1 1 2 4 1 1 3 1 1 1 |3 2 1 1 1 1 6 1 1 1 1 2 1 1 |1 1 1 2 1 1 1 1 |1 1 1 1 1 1 1 |1 1 4 1 1 1 1 1 2 1 1 4 1 1 1 1 |1 1 1 1 1 1 2 1 1 1 1 2 1 1 1 |1 5 1 1 1 1 1 1 1 1 2 1 1 5 1 2 1 4 |2 2 1 1 2 1 1 2 1 1 3 3 2 1 1 1 |1 1 2 1 1 2 1 1 1 1 1 1 1 1 |1 1 1 2 1 1 1 1 1 |2 2 1 1 3 5 2 1 4 1 1 1 1 1 3 1 1 2 6 1 |1 1 1 1 1 1 2 1 1 3 2 1 2 |1 2 2 1 1 6 1 2 1 1 1 6 3 1 1 1 1 1 1 1 |1 1 1 1 1 1 |3 1 1 1 1 1 1 1 1 1 1 2 |600|realPatrol = 600
WWO算法运行求解巡逻调度问题耗时：0小时，15分钟，12秒
第1个BestWave: 
1 2 2 1 1 1 2 1 1 2 1 2 2 1 1 5 1 1 |1 1 1 2 1 1 1 1 2 1 1 |2 1 1 1 1 2 1 5 1 1 1 1 |1 1 1 1 2 1 1 1 2 2 4 1 3 1 1 1 |1 1 2 1 1 1 1 1 2 2 |1 1 3 1 1 1 1 1 2 1 3 1 1 5 2 6 2 |1 1 1 1 2 4 2 1 1 2 1 2 2 1 2 3 3 1 |1 2 1 1 1 1 1 |2 1 1 4 1 1 1 2 2 1 3 2 1 1 1 2 3 1 |1 1 1 1 1 3 3 1 1 4 1 1 1 3 1 2 1 2 2 |1 1 1 1 1 1 |1 1 1 1 1 1 2 1 1 1 |1 1 1 5 1 1 2 1 1 2 3 1 2 1 1 2 3 1 3 |1 1 1 5 1 1 1 2 2 |1 1 1 1 1 1 |1 1 1 1 1 2 1 1 1 1 2 2 1 1 1 1 1 |3 1 1 1 1 1 4 1 1 1 1 1 2 1 |1 2 1 1 1 1 1 1 |1 1 1 1 1 1 1 |1 1 1 1 1 2 2 1 2 1 1 1 1 1 2 3 |1 1 1 1 1 1 2 1 1 1 1 1 1 1 1 |2 6 2 4 1 1 2 1 1 1 3 1 1 3 1 1 3 5 |1 1 1 1 2 1 1 1 1 2 1 5 1 1 1 1 |1 1 1 2 4 1 2 1 1 2 1 1 3 3 |4 1 1 1 1 1 1 1 1 |2 1 1 4 1 4 1 1 4 1 1 2 2 2 1 2 1 2 3 1 |1 1 1 1 1 1 1 1 2 1 1 1 1 |1 2 2 1 2 2 1 1 1 1 5 1 2 1 1 1 1 4 2 1 |1 1 1 1 1 1 |2 1 1 1 1 1 2 4 3 1 1 1 |realPatrol = 600|fitness = 92.53188795615662

第2个BestWave: 
2 1 1 2 1 1 1 2 1 2 1 1 1 6 2 5 2 1 |1 1 1 2 1 1 1 4 1 1 1 |1 1 2 1 1 3 1 2 1 1 2 1 |1 2 2 1 1 2 2 4 1 1 2 3 1 1 1 1 |2 1 1 1 1 1 1 1 2 1 |6 1 2 1 1 1 1 1 1 1 1 1 3 1 1 4 3 |1 2 2 1 1 5 2 1 1 3 1 1 2 1 1 1 1 1 |1 1 1 1 1 1 1 |2 1 1 1 1 3 2 2 2 1 2 1 1 2 1 1 1 1 |1 1 1 1 1 1 2 1 2 2 1 4 2 1 1 1 1 1 2 |1 1 1 1 1 1 |1 1 1 2 1 1 1 1 3 1 |2 2 1 5 1 3 1 1 1 2 5 2 1 2 2 3 6 1 1 |1 1 1 2 1 1 1 2 1 |1 1 1 1 1 1 |1 1 3 1 1 2 1 2 2 1 4 1 1 1 1 1 1 |4 2 1 1 1 1 1 2 1 1 1 1 2 1 |1 1 1 1 1 1 1 1 |1 1 1 1 1 1 1 |1 1 2 1 1 2 1 2 1 1 1 2 1 1 2 1 |1 1 1 1 1 1 1 1 2 2 1 2 1 1 1 |1 6 2 1 1 2 1 1 3 1 2 2 2 3 4 1 1 1 |1 1 2 4 1 1 1 2 4 2 1 2 1 2 1 1 |1 1 1 1 2 1 1 1 1 1 1 1 2 1 |1 1 1 1 1 1 1 1 1 |1 2 1 1 1 2 1 2 6 1 1 1 2 3 1 3 2 6 5 2 |1 1 2 1 1 1 1 1 1 1 1 1 2 |3 1 2 2 1 1 1 2 2 1 1 1 4 1 2 2 2 1 1 1 |1 1 1 1 1 1 |2 2 2 1 1 1 3 1 1 1 1 2 |realPatrol = 600|fitness = 92.22832835278804

第3个BestWave: 
1 1 1 2 1 1 2 1 1 1 1 1 1 5 1 6 4 1 |2 1 1 4 1 1 1 3 1 1 1 |1 1 1 1 1 1 1 1 1 1 1 1 |1 3 1 1 1 1 1 1 1 3 5 2 1 1 1 1 |1 1 1 1 1 1 1 1 1 1 |6 2 1 1 4 1 1 1 1 1 1 1 2 5 2 6 1 |1 2 1 1 2 4 2 1 1 1 1 1 3 1 1 2 2 2 |1 1 1 1 1 1 1 |3 1 1 1 2 3 1 1 1 1 1 1 2 2 2 3 1 2 |1 1 2 1 1 1 2 1 1 2 1 1 2 2 1 1 1 1 1 |1 1 1 1 1 1 |1 1 1 1 1 1 1 2 1 1 |1 1 1 6 1 1 1 1 1 1 2 1 2 1 1 1 2 2 1 |1 1 1 4 1 1 1 1 1 |1 1 1 1 1 1 |1 1 4 1 1 1 2 1 2 1 2 1 1 1 1 1 1 |1 1 1 1 1 1 1 1 1 2 1 1 1 1 |1 1 1 1 1 1 1 2 |1 1 2 1 1 1 1 |1 1 3 1 1 1 1 1 3 1 1 2 1 1 1 1 |2 1 1 1 1 1 1 2 1 1 1 1 1 1 2 |1 5 3 1 2 1 1 1 1 3 1 2 1 3 1 5 3 3 |2 2 1 1 1 1 1 1 1 1 2 2 2 2 1 2 |1 2 1 2 2 1 1 1 2 1 1 1 1 1 |5 1 2 1 1 2 1 1 1 |1 1 1 1 5 2 2 1 4 2 2 1 3 2 2 1 1 4 5 2 |1 1 1 1 2 1 1 1 1 1 1 1 1 |1 1 1 1 1 2 3 2 2 5 1 3 6 1 2 3 2 4 2 1 |1 1 1 1 1 1 |2 1 1 2 2 1 4 1 1 1 1 3 |realPatrol = 600|fitness = 92.21831725664747

最优解的最大适应度：92.53188795615662
最优解的最小适应度：92.21831725664747
最优解的平均适应度：92.32617785519739
估计标准差值：0.1782204806945082
最优解的最佳分配：
1 2 2 1 1 1 2 1 1 2 1 2 2 1 1 5 1 1 |1 1 1 2 1 1 1 1 2 1 1 |2 1 1 1 1 2 1 5 1 1 1 1 |1 1 1 1 2 1 1 1 2 2 4 1 3 1 1 1 |1 1 2 1 1 1 1 1 2 2 |1 1 3 1 1 1 1 1 2 1 3 1 1 5 2 6 2 |1 1 1 1 2 4 2 1 1 2 1 2 2 1 2 3 3 1 |1 2 1 1 1 1 1 |2 1 1 4 1 1 1 2 2 1 3 2 1 1 1 2 3 1 |1 1 1 1 1 3 3 1 1 4 1 1 1 3 1 2 1 2 2 |1 1 1 1 1 1 |1 1 1 1 1 1 2 1 1 1 |1 1 1 5 1 1 2 1 1 2 3 1 2 1 1 2 3 1 3 |1 1 1 5 1 1 1 2 2 |1 1 1 1 1 1 |1 1 1 1 1 2 1 1 1 1 2 2 1 1 1 1 1 |3 1 1 1 1 1 4 1 1 1 1 1 2 1 |1 2 1 1 1 1 1 1 |1 1 1 1 1 1 1 |1 1 1 1 1 2 2 1 2 1 1 1 1 1 2 3 |1 1 1 1 1 1 2 1 1 1 1 1 1 1 1 |2 6 2 4 1 1 2 1 1 1 3 1 1 3 1 1 3 5 |1 1 1 1 2 1 1 1 1 2 1 5 1 1 1 1 |1 1 1 2 4 1 2 1 1 2 1 1 3 3 |4 1 1 1 1 1 1 1 1 |2 1 1 4 1 4 1 1 4 1 1 2 2 2 1 2 1 2 3 1 |1 1 1 1 1 1 1 1 2 1 1 1 1 |1 2 2 1 2 2 1 1 1 1 5 1 2 1 1 1 1 4 2 1 |1 1 1 1 1 1 |2 1 1 1 1 1 2 4 3 1 1 1 |600|realPatrol = 600
WWO算法运行求解巡逻调度问题耗时：0小时，15分钟，37秒
第1个BestWave: 
3 1 1 2 1 1 1 1 1 1 1 1 2 4 1 5 1 2 |1 1 1 1 1 2 3 2 2 2 1 |1 3 2 1 1 2 1 4 1 1 1 2 |1 1 1 1 3 1 3 1 1 1 5 5 2 1 1 1 |1 1 2 1 1 1 2 1 1 1 |3 1 1 1 1 5 1 1 1 1 2 1 1 1 1 3 1 |1 1 2 1 2 4 1 1 1 3 1 1 2 1 1 2 5 1 |1 1 1 1 1 1 1 |2 1 2 1 3 4 1 1 1 1 1 2 2 1 1 1 1 1 |2 1 1 1 1 1 2 3 2 1 1 3 1 2 2 1 1 1 2 |1 1 1 1 1 1 |1 1 2 1 1 1 1 1 1 1 |1 2 1 1 1 5 2 1 1 1 1 1 1 5 1 1 4 4 2 |2 1 4 4 1 1 1 2 1 |1 1 1 1 1 1 |1 2 4 1 1 1 1 1 1 3 1 5 1 3 2 1 3 |4 1 1 1 2 1 2 1 1 2 1 1 1 1 |1 1 1 1 1 1 1 1 |1 1 1 1 1 1 1 |1 1 1 1 1 1 1 1 2 1 1 1 1 1 1 4 |1 1 1 1 1 1 2 1 1 2 2 1 1 2 1 |1 5 1 3 2 4 1 1 5 1 1 3 1 1 1 1 1 1 |1 1 2 1 1 1 1 1 3 1 1 2 1 1 2 1 |1 3 1 1 2 1 1 1 1 1 1 1 1 1 |1 1 1 1 1 1 1 1 1 |1 3 2 1 6 5 1 1 1 1 1 1 1 1 1 1 1 1 2 1 |1 1 1 1 1 1 1 2 2 1 3 1 1 |4 3 1 1 1 5 1 1 1 2 2 3 4 1 3 1 1 1 2 1 |1 1 1 1 1 1 |2 1 1 1 2 1 1 1 1 1 1 1 |realPatrol = 600|fitness = 93.3368711982653

第2个BestWave: 
2 2 2 1 1 2 1 1 1 1 2 1 1 4 3 5 4 1 |1 1 1 2 1 2 1 1 1 1 1 |1 1 1 1 1 3 1 3 1 2 1 1 |1 1 1 1 3 1 1 2 1 2 6 1 1 1 1 1 |1 1 1 1 2 1 2 1 2 1 |3 1 1 1 1 2 1 1 1 1 1 2 1 1 2 6 1 |3 1 2 1 1 1 1 2 1 2 1 1 1 2 1 2 2 2 |1 1 1 1 1 1 1 |1 1 1 1 3 2 1 1 1 1 3 3 1 1 2 1 2 1 |1 1 1 1 1 5 3 5 1 4 2 1 1 2 2 1 2 2 4 |1 1 1 1 1 1 |1 1 1 1 1 1 1 1 2 1 |1 1 1 2 1 4 1 3 1 2 1 1 5 1 2 1 3 2 1 |1 1 1 4 1 1 1 5 1 |1 1 1 1 1 1 |1 1 3 1 1 1 1 1 1 1 3 5 1 4 1 1 2 |4 1 1 2 1 1 2 1 1 2 1 2 2 1 |1 1 1 1 1 1 1 1 |1 1 1 1 1 1 1 |2 1 2 1 1 1 1 1 2 1 1 1 1 1 1 1 |1 1 1 1 1 1 1 2 1 2 2 1 1 3 1 |1 4 1 1 1 5 1 1 6 3 2 1 1 1 2 1 1 4 |1 1 1 2 1 1 1 1 3 1 1 1 1 2 3 2 |1 1 1 3 1 1 2 1 1 1 2 1 1 1 |2 1 1 1 2 1 1 1 1 |1 2 1 1 3 6 2 1 1 2 1 1 3 1 2 1 1 3 2 2 |1 1 1 1 2 1 1 3 1 1 1 1 1 |1 1 2 1 1 1 1 1 1 4 2 4 1 1 1 1 1 1 1 2 |1 1 1 1 1 1 |1 2 1 1 1 1 2 1 1 1 1 1 |realPatrol = 600|fitness = 91.76898846692322

第3个BestWave: 
1 2 1 1 1 1 1 1 1 1 1 1 1 6 1 4 2 1 |1 1 1 1 1 1 1 1 1 2 1 |4 1 1 2 1 1 1 3 1 2 1 1 |1 1 1 1 5 1 3 1 1 1 2 5 1 1 1 1 |1 1 1 1 1 1 1 1 1 1 |2 1 1 1 1 3 1 1 1 2 1 1 1 1 2 6 1 |1 1 2 1 1 1 2 3 4 2 1 3 1 3 1 1 1 2 |1 1 1 1 2 1 1 |1 1 1 4 1 1 2 1 1 3 2 2 1 1 1 1 1 1 |1 1 2 1 1 1 4 2 1 1 1 2 1 1 2 2 1 2 3 |1 2 1 1 1 1 |1 1 1 1 1 1 1 1 1 1 |2 1 1 4 1 1 1 1 1 2 2 2 1 2 1 2 1 2 1 |1 1 1 6 1 1 1 1 1 |1 1 1 1 1 1 |1 1 1 3 1 1 1 2 1 1 5 2 1 2 1 2 2 |3 1 1 1 1 1 4 1 1 1 1 1 1 2 |1 1 1 1 1 1 1 1 |1 1 1 2 1 1 1 |1 1 1 1 2 1 2 1 1 1 1 1 2 1 3 1 |1 2 1 1 1 1 2 1 2 2 1 1 2 2 1 |1 5 1 2 1 1 2 1 4 1 1 4 1 2 2 2 1 3 |1 1 1 3 1 1 2 1 1 2 1 2 2 1 2 1 |1 1 1 1 2 2 1 1 1 1 1 1 2 2 |1 1 1 1 1 1 1 1 1 |2 2 1 1 2 6 1 1 2 1 2 1 1 1 2 1 1 1 6 1 |1 1 1 1 4 3 1 1 2 2 1 1 2 |2 1 3 3 1 5 1 2 1 1 3 2 3 1 1 1 4 3 1 4 |1 1 1 1 1 1 |1 1 1 1 2 1 5 2 2 1 1 1 |realPatrol = 600|fitness = 91.3494788400729

最优解的最大适应度：93.3368711982653
最优解的最小适应度：91.3494788400729
最优解的平均适应度：92.15177950175381
估计标准差值：1.0475346431552452
最优解的最佳分配：
3 1 1 2 1 1 1 1 1 1 1 1 2 4 1 5 1 2 |1 1 1 1 1 2 3 2 2 2 1 |1 3 2 1 1 2 1 4 1 1 1 2 |1 1 1 1 3 1 3 1 1 1 5 5 2 1 1 1 |1 1 2 1 1 1 2 1 1 1 |3 1 1 1 1 5 1 1 1 1 2 1 1 1 1 3 1 |1 1 2 1 2 4 1 1 1 3 1 1 2 1 1 2 5 1 |1 1 1 1 1 1 1 |2 1 2 1 3 4 1 1 1 1 1 2 2 1 1 1 1 1 |2 1 1 1 1 1 2 3 2 1 1 3 1 2 2 1 1 1 2 |1 1 1 1 1 1 |1 1 2 1 1 1 1 1 1 1 |1 2 1 1 1 5 2 1 1 1 1 1 1 5 1 1 4 4 2 |2 1 4 4 1 1 1 2 1 |1 1 1 1 1 1 |1 2 4 1 1 1 1 1 1 3 1 5 1 3 2 1 3 |4 1 1 1 2 1 2 1 1 2 1 1 1 1 |1 1 1 1 1 1 1 1 |1 1 1 1 1 1 1 |1 1 1 1 1 1 1 1 2 1 1 1 1 1 1 4 |1 1 1 1 1 1 2 1 1 2 2 1 1 2 1 |1 5 1 3 2 4 1 1 5 1 1 3 1 1 1 1 1 1 |1 1 2 1 1 1 1 1 3 1 1 2 1 1 2 1 |1 3 1 1 2 1 1 1 1 1 1 1 1 1 |1 1 1 1 1 1 1 1 1 |1 3 2 1 6 5 1 1 1 1 1 1 1 1 1 1 1 1 2 1 |1 1 1 1 1 1 1 2 2 1 3 1 1 |4 3 1 1 1 5 1 1 1 2 2 3 4 1 3 1 1 1 2 1 |1 1 1 1 1 1 |2 1 1 1 2 1 1 1 1 1 1 1 |600|realPatrol = 600
WWO算法运行求解巡逻调度问题耗时：0小时，16分钟，30秒
第1个BestWave: 
1 3 1 1 1 1 2 3 2 1 1 1 1 4 1 6 1 1 |1 1 1 1 1 1 1 1 1 1 1 |2 1 1 1 1 1 1 1 2 3 2 1 |1 1 1 1 2 1 3 1 1 3 1 6 1 1 1 1 |1 1 2 1 1 1 1 1 1 2 |1 1 3 2 1 1 1 1 1 1 2 1 2 3 2 4 1 |1 1 2 1 1 2 2 2 2 1 1 1 1 1 1 1 2 1 |1 1 1 1 1 1 1 |4 1 1 4 1 1 2 1 1 1 5 1 1 1 1 1 1 1 |2 1 1 1 1 1 2 1 1 4 1 1 1 2 1 1 1 1 1 |1 1 1 1 1 2 |1 1 1 1 1 2 1 1 1 1 |2 2 1 3 1 1 1 1 1 2 6 1 3 2 1 1 6 1 1 |1 1 2 5 1 1 2 1 1 |1 1 1 1 1 1 |3 2 1 1 2 2 3 1 2 1 3 1 1 1 2 1 1 |3 1 1 1 1 1 1 1 1 1 1 2 2 1 |1 1 1 1 2 1 1 1 |1 1 1 1 1 1 1 |1 1 1 1 1 2 1 5 1 1 1 1 1 2 1 2 |1 1 1 1 1 2 1 1 1 2 2 1 1 2 1 |2 2 2 1 1 2 1 2 1 1 1 2 1 1 1 1 1 1 |1 1 1 2 5 2 1 3 5 3 1 2 1 1 1 1 |1 1 2 1 1 1 1 1 1 1 2 1 3 1 |3 1 1 2 1 1 2 1 1 |2 2 1 1 3 5 1 2 6 1 1 1 1 3 1 1 1 4 3 1 |1 1 1 3 1 1 1 1 1 1 2 1 2 |4 1 1 3 1 5 4 1 1 2 1 4 2 2 1 1 1 1 2 1 |1 2 1 1 1 1 |1 2 1 1 1 3 2 1 4 1 1 1 |realPatrol = 600|fitness = 92.5912548672121

第2个BestWave: 
1 1 1 1 1 2 1 1 1 1 1 1 1 2 1 5 4 4 |2 1 1 2 1 1 1 5 1 1 1 |1 2 1 1 2 1 2 1 1 1 1 1 |1 1 1 2 5 1 6 2 1 1 6 2 2 2 1 1 |1 1 1 1 1 1 2 1 1 1 |2 2 1 4 1 1 3 1 1 1 1 1 2 2 3 3 1 |1 1 1 1 2 4 1 4 2 1 1 1 1 1 1 2 1 1 |1 1 1 1 1 2 1 |1 2 3 1 1 1 2 2 1 1 1 1 1 2 1 1 2 1 |1 1 1 1 4 1 4 1 1 1 1 1 1 1 2 2 1 1 1 |1 1 1 1 1 1 |1 2 1 1 1 1 1 1 1 1 |3 4 3 3 1 2 1 4 1 1 1 2 1 5 1 1 2 2 1 |2 1 1 6 1 2 1 4 1 |2 1 1 1 1 1 |1 1 3 1 1 2 1 2 1 1 3 1 1 1 2 1 1 |3 1 1 1 2 1 1 2 1 1 1 1 2 1 |1 1 1 1 1 1 1 1 |1 1 1 1 1 1 1 |1 1 1 2 2 1 1 1 1 1 1 2 1 1 1 1 |1 1 2 1 1 1 1 1 3 1 1 1 1 1 1 |1 4 1 1 2 1 1 2 3 1 1 1 1 1 1 2 1 1 |1 1 1 1 2 1 1 1 1 1 2 5 2 1 2 1 |1 3 1 1 1 1 1 1 1 1 1 1 3 1 |2 1 1 1 1 1 1 1 1 |2 1 2 1 4 5 2 1 4 3 1 2 1 1 1 1 2 3 1 1 |1 1 1 1 1 1 1 1 1 2 1 4 1 |1 1 2 1 5 4 1 1 1 1 1 6 5 3 1 2 1 1 1 1 |2 1 1 1 1 1 |2 1 1 2 1 1 2 1 1 3 1 1 |realPatrol = 600|fitness = 92.56835079643145

第3个BestWave: 
2 1 1 1 1 1 1 1 1 1 1 1 2 1 1 5 2 1 |1 1 1 2 1 2 1 1 1 1 1 |1 1 2 1 3 1 1 3 1 3 1 1 |3 1 1 1 3 1 3 1 1 1 5 1 1 4 1 1 |1 1 1 3 1 1 1 1 1 1 |4 2 1 1 2 2 1 1 1 1 2 1 1 1 3 5 2 |1 2 2 1 1 2 1 2 3 1 3 1 2 1 1 1 1 1 |1 1 1 1 1 1 1 |1 1 1 1 1 1 2 1 1 1 3 1 1 2 1 1 1 1 |2 1 1 2 2 1 3 2 1 1 1 4 5 2 1 1 1 1 1 |1 1 1 1 1 1 |1 1 1 1 1 1 1 1 1 1 |1 1 1 6 1 1 1 2 1 1 1 1 1 4 1 2 6 1 2 |1 1 1 6 1 1 1 1 1 |2 1 1 1 1 1 |1 1 1 1 1 1 2 2 2 2 2 2 1 1 1 1 1 |3 1 1 2 1 1 2 1 1 2 1 1 1 1 |1 1 1 2 1 1 1 1 |1 1 1 1 2 1 1 |1 3 1 2 2 1 1 1 3 1 1 4 2 2 1 1 |1 1 2 1 1 1 1 2 1 1 1 2 1 2 1 |1 5 1 1 1 3 2 2 1 1 1 1 1 3 3 1 2 1 |1 1 1 1 6 2 1 1 1 3 1 3 2 1 4 1 |2 1 1 2 1 1 1 1 1 1 1 1 3 1 |4 1 1 1 1 1 1 1 1 |1 1 1 3 3 4 4 2 2 2 1 1 1 1 2 1 1 1 5 1 |1 1 1 1 1 1 1 2 1 3 1 1 1 |1 3 2 1 1 4 2 2 3 1 2 6 3 1 2 1 1 1 1 1 |1 1 1 2 1 1 |1 1 1 2 1 1 1 1 1 2 1 1 |realPatrol = 600|fitness = 91.67657790344077

最优解的最大适应度：92.5912548672121
最优解的最小适应度：91.67657790344077
最优解的平均适应度：92.27872785569478
估计标准差值：0.5216028880903578
最优解的最佳分配：
1 3 1 1 1 1 2 3 2 1 1 1 1 4 1 6 1 1 |1 1 1 1 1 1 1 1 1 1 1 |2 1 1 1 1 1 1 1 2 3 2 1 |1 1 1 1 2 1 3 1 1 3 1 6 1 1 1 1 |1 1 2 1 1 1 1 1 1 2 |1 1 3 2 1 1 1 1 1 1 2 1 2 3 2 4 1 |1 1 2 1 1 2 2 2 2 1 1 1 1 1 1 1 2 1 |1 1 1 1 1 1 1 |4 1 1 4 1 1 2 1 1 1 5 1 1 1 1 1 1 1 |2 1 1 1 1 1 2 1 1 4 1 1 1 2 1 1 1 1 1 |1 1 1 1 1 2 |1 1 1 1 1 2 1 1 1 1 |2 2 1 3 1 1 1 1 1 2 6 1 3 2 1 1 6 1 1 |1 1 2 5 1 1 2 1 1 |1 1 1 1 1 1 |3 2 1 1 2 2 3 1 2 1 3 1 1 1 2 1 1 |3 1 1 1 1 1 1 1 1 1 1 2 2 1 |1 1 1 1 2 1 1 1 |1 1 1 1 1 1 1 |1 1 1 1 1 2 1 5 1 1 1 1 1 2 1 2 |1 1 1 1 1 2 1 1 1 2 2 1 1 2 1 |2 2 2 1 1 2 1 2 1 1 1 2 1 1 1 1 1 1 |1 1 1 2 5 2 1 3 5 3 1 2 1 1 1 1 |1 1 2 1 1 1 1 1 1 1 2 1 3 1 |3 1 1 2 1 1 2 1 1 |2 2 1 1 3 5 1 2 6 1 1 1 1 3 1 1 1 4 3 1 |1 1 1 3 1 1 1 1 1 1 2 1 2 |4 1 1 3 1 5 4 1 1 2 1 4 2 2 1 1 1 1 2 1 |1 2 1 1 1 1 |1 2 1 1 1 3 2 1 4 1 1 1 |600|realPatrol = 600
WWO算法运行求解巡逻调度问题耗时：0小时，15分钟，34秒
