第1个BestWave: 
1 2 3 1 1 2 1 1 1 2 1 2 2 5 1 4 1 1 |1 1 1 1 1 1 1 1 1 1 2 |1 1 1 1 3 1 1 3 2 2 2 1 |1 1 1 1 3 1 1 1 2 3 4 1 1 1 1 1 |1 1 1 1 1 1 1 1 1 1 |1 1 1 1 1 2 2 2 1 2 1 1 1 1 1 3 1 |1 1 1 4 2 3 1 2 3 1 1 1 2 5 2 1 4 1 |1 1 1 1 1 1 1 |1 1 2 1 3 2 1 2 1 1 3 1 2 2 3 1 1 1 |1 1 1 1 1 1 4 2 1 2 1 1 1 2 1 2 2 1 1 |1 1 1 1 1 1 |1 2 1 1 1 1 1 1 1 1 |1 1 3 3 1 5 1 1 1 1 3 1 2 1 2 1 2 2 1 |1 1 1 3 1 2 1 3 2 |1 1 1 1 1 1 |4 1 6 1 1 1 2 2 2 1 1 2 2 1 1 1 1 |4 1 1 4 1 1 1 1 2 1 1 2 1 1 |1 1 1 1 1 1 1 1 |1 1 1 1 1 1 1 |2 1 2 1 1 1 1 3 1 1 1 1 1 2 2 2 |1 1 1 1 1 1 1 1 1 1 1 1 1 1 1 |2 6 2 2 3 2 1 1 1 1 2 1 3 3 3 1 1 1 |1 1 1 2 1 1 1 2 4 1 1 4 1 1 1 2 |1 2 1 4 1 2 1 1 1 1 1 1 1 1 |1 1 1 2 1 1 1 1 1 |1 1 1 1 4 6 1 6 2 1 2 1 2 4 1 1 2 1 4 1 |1 1 1 1 1 1 1 1 1 2 1 1 1 |2 1 1 1 1 1 1 1 1 2 1 1 3 1 1 1 1 1 1 1 |1 1 1 1 1 1 |1 1 1 1 1 1 1 1 1 1 1 1 |fitness = 92.41895181546388

第2个BestWave: 
2 1 2 1 1 3 3 2 1 1 1 2 1 2 1 3 4 2 |1 1 1 2 1 1 1 1 1 2 1 |1 1 1 1 1 2 2 3 1 1 1 1 |2 1 2 1 4 1 2 2 1 2 5 2 1 1 1 1 |1 1 1 1 1 1 1 1 1 1 |1 1 1 1 2 2 1 2 2 1 1 1 1 1 1 4 2 |1 1 1 1 2 3 3 1 1 2 2 1 2 1 2 1 1 1 |1 1 1 1 1 1 2 |1 1 1 2 3 1 2 2 2 1 1 1 1 1 1 3 1 1 |2 2 1 3 1 2 1 2 1 3 4 1 1 1 1 1 2 2 2 |1 1 1 1 1 1 |1 1 1 1 1 1 1 2 1 2 |2 1 1 1 1 1 1 1 2 5 1 1 1 5 1 1 1 1 2 |1 1 2 6 1 1 1 1 1 |1 1 1 1 1 1 |2 1 1 1 1 1 1 2 1 1 2 2 1 1 1 1 2 |6 1 2 2 1 4 2 1 1 1 1 1 1 2 |1 2 1 1 1 2 1 1 |1 1 1 1 1 1 1 |2 1 2 1 1 1 2 1 1 1 1 2 2 1 1 1 |1 1 1 1 1 1 1 1 1 1 2 1 1 2 1 |1 5 3 1 1 2 1 1 1 1 2 1 2 2 3 1 1 1 |1 1 1 1 2 1 1 1 5 1 1 5 1 1 6 2 |1 1 1 1 2 3 2 1 1 1 1 3 2 1 |1 1 2 1 2 1 1 1 1 |1 1 2 2 5 5 2 1 5 1 1 2 1 1 1 1 1 1 5 2 |1 2 2 2 1 1 1 1 2 1 1 2 1 |2 2 3 2 1 3 5 1 1 1 2 1 4 1 1 2 1 1 2 1 |1 1 1 1 1 1 |1 1 1 1 1 1 2 1 1 1 1 1 |fitness = 91.6329211591192

第3个BestWave: 
1 1 1 2 1 4 2 2 1 1 1 1 1 2 2 3 1 1 |1 1 1 1 1 1 1 2 1 1 1 |1 2 1 2 1 1 1 1 1 1 1 1 |1 1 1 1 2 1 2 1 2 2 6 2 1 1 1 2 |1 1 1 1 1 1 1 1 1 1 |1 1 1 1 1 2 1 2 1 1 2 1 1 3 2 3 2 |1 1 1 1 1 6 3 2 1 1 1 2 1 1 1 1 2 1 |1 1 1 1 1 1 1 |1 1 1 1 2 2 1 2 3 1 1 1 4 2 1 1 2 2 |1 1 1 2 1 1 3 1 2 3 2 2 2 1 1 1 2 2 1 |1 1 1 1 1 1 |1 1 1 1 1 1 1 2 1 1 |5 3 6 6 1 6 2 1 1 2 4 1 2 1 1 2 1 1 2 |1 1 1 4 2 2 1 3 1 |1 1 1 1 1 1 |1 4 1 1 1 1 2 2 1 1 2 1 1 1 2 1 2 |5 1 1 1 2 2 1 1 1 1 1 1 1 1 |1 1 1 1 1 1 1 1 |1 1 1 1 1 1 1 |5 1 1 2 1 1 3 1 1 1 5 2 1 2 1 1 |2 2 1 2 1 1 2 1 1 2 1 1 1 1 1 |1 5 1 1 1 2 1 1 1 1 1 1 1 4 3 1 1 2 |1 1 1 2 1 1 1 1 2 1 1 3 1 3 1 1 |1 1 1 1 1 1 2 1 1 3 1 1 1 2 |1 1 1 1 1 1 2 1 1 |1 1 3 2 5 6 2 1 2 1 1 1 1 1 1 1 1 2 1 1 |1 2 1 1 1 1 1 1 1 1 1 1 1 |2 1 4 1 1 5 2 1 1 1 1 5 3 1 5 2 1 2 1 1 |1 1 1 1 1 1 |1 1 1 1 1 1 6 2 1 1 1 1 |fitness = 91.88527211556884

第4个BestWave: 
2 1 1 1 1 1 1 1 1 1 1 3 1 4 1 4 1 2 |1 1 1 1 1 1 1 1 1 1 1 |2 1 1 1 1 1 1 2 2 1 1 1 |1 1 1 1 5 1 1 1 1 1 4 2 2 2 1 1 |1 1 1 1 1 1 1 1 6 1 |4 1 2 4 2 2 1 1 1 2 1 1 2 1 1 4 2 |1 1 1 2 1 3 2 3 6 3 2 1 4 2 1 1 2 1 |1 1 1 1 1 1 1 |1 2 1 1 2 1 2 1 1 2 1 2 1 1 1 1 1 1 |3 1 2 3 1 1 2 1 1 2 1 1 1 1 3 2 2 1 2 |2 1 1 1 1 1 |1 1 1 1 1 1 1 1 1 2 |3 3 1 2 3 3 1 1 1 1 1 1 1 1 2 1 4 1 1 |1 1 1 5 1 1 1 3 1 |2 1 1 1 1 1 |1 1 2 1 2 1 1 2 4 1 1 1 1 1 3 1 1 |1 1 1 1 2 1 1 1 1 1 1 1 2 1 |1 1 1 1 1 1 1 1 |1 1 1 1 1 1 1 |1 1 3 2 1 1 1 3 2 1 1 4 1 1 3 1 |2 1 2 1 2 2 1 1 6 1 1 1 1 1 1 |1 6 1 1 2 3 1 1 1 1 2 1 1 1 1 1 1 1 |1 1 1 3 2 2 3 1 1 2 1 4 1 1 2 1 |1 1 1 1 1 1 1 2 1 1 2 1 2 1 |3 1 1 1 1 1 1 1 1 |2 1 1 1 3 5 1 1 5 1 1 1 1 1 1 1 1 3 2 1 |1 1 1 1 2 1 3 1 2 1 1 1 1 |5 2 4 3 1 4 3 1 1 1 1 2 4 1 1 1 1 1 1 1 |1 1 1 1 1 1 |1 2 2 1 1 1 4 1 1 2 1 1 |fitness = 92.00008445895163

第5个BestWave: 
1 2 1 1 3 1 1 1 2 1 1 3 1 3 1 4 3 1 |1 1 1 1 1 2 1 1 1 1 1 |1 1 1 1 2 2 1 5 1 1 1 2 |1 1 1 1 4 1 3 1 1 1 4 1 1 2 2 1 |1 1 1 1 1 1 1 3 1 1 |6 1 1 1 2 4 1 1 1 1 1 1 2 1 1 6 1 |2 2 3 1 1 3 2 2 1 1 1 1 2 2 1 1 3 1 |1 1 1 1 1 1 1 |1 1 1 1 1 1 2 1 1 1 5 1 1 1 1 1 1 1 |2 1 2 2 2 1 1 1 1 2 5 1 1 3 1 1 1 1 1 |1 1 1 1 1 1 |1 1 1 1 2 1 1 2 1 1 |2 1 1 1 1 1 1 1 1 3 4 1 3 4 4 1 3 1 1 |2 1 1 5 1 1 1 1 1 |1 1 1 1 1 1 |1 2 1 1 1 2 1 1 2 1 3 1 1 1 2 1 1 |3 1 1 1 1 2 4 1 1 1 1 2 1 1 |1 1 1 1 1 1 1 1 |1 1 1 1 1 1 1 |5 1 3 1 2 1 1 1 1 2 1 1 1 1 1 1 |1 3 1 1 1 1 1 4 2 1 1 1 1 1 1 |1 4 1 1 1 2 1 1 2 1 6 1 1 1 1 1 3 1 |1 2 1 1 2 1 1 2 3 1 2 2 2 1 1 2 |1 1 1 1 1 2 1 1 2 2 1 1 3 2 |1 4 1 1 1 1 1 1 1 |2 1 1 4 2 2 1 1 5 1 1 1 1 1 1 1 1 4 6 1 |1 1 1 1 2 1 1 1 1 1 1 1 1 |3 1 2 3 1 5 1 2 1 1 1 4 3 3 2 1 1 1 5 1 |1 2 1 1 1 1 |1 1 1 1 1 1 1 1 1 1 2 1 |fitness = 91.63338219393361

第6个BestWave: 
1 2 2 1 1 2 1 2 1 1 1 1 1 5 1 4 1 1 |1 1 1 1 1 1 1 3 1 1 1 |1 1 1 1 1 2 1 5 2 1 1 1 |1 1 2 1 5 2 1 1 1 2 6 1 1 2 1 1 |1 1 1 2 2 1 1 2 5 1 |1 1 3 1 2 1 1 1 3 1 2 1 1 1 1 3 1 |2 1 1 2 1 3 3 2 1 2 2 1 4 2 1 1 1 1 |1 1 1 1 1 1 1 |1 1 1 1 2 4 1 3 2 1 2 1 2 1 1 2 3 3 |2 3 2 2 3 1 4 3 1 1 1 1 2 1 1 1 1 1 1 |1 1 1 1 1 1 |1 1 1 1 2 1 1 1 2 1 |2 1 1 3 2 1 1 1 1 1 4 1 2 2 3 1 2 1 1 |1 1 1 1 1 1 1 1 2 |1 1 1 1 1 1 |1 1 2 1 1 1 2 1 2 1 2 1 1 2 1 1 2 |2 1 1 1 1 1 1 1 1 1 1 1 1 1 |1 2 1 1 1 1 1 1 |1 1 1 1 1 1 1 |1 1 1 1 1 2 1 1 1 1 2 1 1 1 1 1 |2 2 1 1 1 1 1 1 2 1 1 1 1 1 1 |1 6 1 1 1 2 1 1 1 1 1 2 1 2 2 1 3 6 |1 2 1 1 1 1 1 1 2 1 1 2 1 1 2 2 |1 1 2 1 1 1 1 1 1 1 1 1 2 1 |4 1 4 2 1 1 1 1 1 |3 4 2 1 2 5 1 1 3 1 2 2 2 1 1 1 2 4 5 1 |1 1 1 1 1 1 1 1 1 1 1 1 1 |6 1 1 2 1 6 2 1 1 2 4 1 5 1 4 2 1 1 1 2 |2 1 1 1 1 1 |1 1 2 1 1 1 3 2 1 1 1 1 |fitness = 92.20388042133476

第7个BestWave: 
2 1 2 1 1 1 2 2 2 1 1 3 1 1 1 5 2 1 |1 1 1 2 1 1 1 2 1 1 1 |1 1 1 1 1 1 1 3 1 1 1 1 |1 1 1 2 2 1 1 4 1 2 2 4 1 1 1 1 |1 1 1 1 1 1 1 1 1 1 |2 1 1 2 1 1 2 2 1 4 2 1 2 4 1 1 1 |1 1 1 2 1 3 1 1 1 1 2 2 1 1 1 2 4 1 |2 1 1 1 1 1 1 |1 1 1 2 2 3 1 1 1 1 5 1 1 1 1 3 1 2 |1 1 1 1 1 1 2 2 2 1 1 3 1 1 1 1 1 3 1 |1 1 1 1 1 1 |2 1 1 1 1 2 1 1 2 1 |1 1 1 5 1 4 2 1 1 1 4 1 1 5 1 1 3 1 1 |1 1 1 6 1 1 1 1 1 |1 1 1 1 1 1 |1 1 3 1 1 2 1 1 3 3 1 1 1 2 1 1 1 |5 1 1 2 1 3 3 1 1 1 2 1 1 1 |1 1 2 1 1 1 1 1 |1 1 1 1 1 1 1 |1 3 1 1 1 2 2 1 2 2 1 1 1 1 1 1 |1 2 1 1 2 1 2 1 1 3 1 1 3 1 2 |2 5 1 1 1 1 2 1 5 4 1 2 1 5 2 1 1 1 |2 1 1 1 1 1 1 2 3 1 2 3 2 2 3 1 |1 1 1 1 1 2 1 1 1 1 1 1 1 2 |1 1 1 1 1 1 1 2 1 |1 2 1 2 6 5 3 1 1 1 3 1 2 1 1 1 1 2 3 1 |1 1 1 1 1 2 4 1 1 1 1 1 1 |4 1 3 1 1 3 1 1 1 1 1 4 5 1 3 1 1 1 1 1 |1 1 1 1 1 1 |1 1 1 1 1 1 1 1 1 1 1 1 |fitness = 91.53595872288331

第8个BestWave: 
1 2 2 2 1 1 1 1 1 3 1 1 2 4 1 3 4 1 |1 2 2 2 1 1 1 2 1 1 1 |1 1 1 1 1 1 1 1 1 1 1 1 |2 1 3 1 2 1 1 2 1 4 5 3 1 1 1 1 |1 1 1 3 1 1 1 1 1 1 |4 2 2 1 1 1 4 1 2 1 1 1 1 1 1 3 2 |1 1 1 3 3 5 4 2 2 1 2 1 3 2 2 1 1 1 |1 1 2 1 1 1 1 |1 1 1 1 2 1 2 1 1 1 1 1 1 1 2 1 1 1 |1 2 1 1 2 1 2 1 2 3 1 1 2 1 2 1 2 2 1 |1 1 1 1 1 1 |1 1 1 1 1 1 1 1 1 1 |1 1 1 4 2 3 1 2 1 2 5 2 1 1 2 1 1 1 1 |1 1 1 3 1 1 1 1 1 |1 1 1 1 2 2 |3 1 3 1 1 1 3 1 1 1 1 1 3 1 3 1 2 |5 1 1 1 1 1 1 1 1 1 1 1 1 2 |1 1 1 1 1 1 1 1 |1 1 1 1 1 1 1 |5 1 2 2 1 2 1 1 1 2 1 4 1 1 1 1 |1 1 1 1 2 1 2 1 1 1 2 2 2 2 1 |2 5 3 2 1 4 1 1 1 1 3 1 2 2 3 1 1 1 |1 1 1 1 1 1 2 1 1 2 1 1 1 2 1 2 |1 1 1 1 1 1 1 1 1 1 1 1 2 1 |6 1 1 1 1 1 1 1 1 |1 1 1 1 5 4 1 1 2 1 1 1 2 2 1 1 4 3 2 1 |1 1 1 2 1 1 1 2 1 1 1 1 2 |5 2 4 1 2 4 2 1 2 1 1 2 1 1 2 1 1 1 1 2 |1 1 1 1 1 1 |1 1 1 1 1 1 5 1 2 2 1 2 |fitness = 91.20019913977826

第9个BestWave: 
1 1 2 2 1 1 2 4 1 1 1 2 3 6 1 6 2 1 |1 1 1 5 2 1 1 1 2 1 2 |1 1 1 1 3 2 1 5 1 1 1 2 |1 1 1 1 4 1 1 1 1 1 1 1 1 1 1 2 |1 1 1 1 1 1 1 2 1 1 |3 1 1 1 1 1 2 1 3 1 1 1 1 4 2 5 1 |2 1 1 1 1 1 5 1 4 2 1 1 1 2 2 1 2 1 |1 1 1 1 1 1 1 |4 1 1 1 1 1 1 4 1 1 3 1 4 1 1 1 2 1 |1 1 1 1 1 1 4 2 2 1 1 1 2 2 1 2 1 2 1 |1 1 1 1 1 1 |1 1 1 1 1 1 3 1 1 1 |2 2 2 1 1 4 1 1 1 1 3 1 4 2 1 1 1 2 2 |1 1 2 2 1 1 1 2 1 |1 1 1 1 1 1 |2 1 3 1 1 1 1 1 2 1 2 1 1 1 1 2 1 |2 1 2 1 1 1 1 1 1 1 1 1 2 3 |1 1 1 1 1 1 1 1 |1 1 1 1 1 1 1 |1 1 1 1 1 1 1 1 1 2 1 2 1 1 2 1 |1 1 1 1 2 2 1 1 1 1 1 1 1 1 2 |1 5 2 1 1 1 3 1 1 1 1 1 1 5 1 2 1 1 |1 1 1 2 1 2 1 1 1 1 1 6 2 1 1 2 |1 2 2 1 1 1 1 1 3 3 1 1 2 1 |2 1 1 1 1 1 2 1 1 |1 1 1 1 2 3 2 1 4 1 1 3 1 4 1 1 2 3 2 1 |1 1 1 1 2 1 1 1 1 2 1 1 1 |4 3 1 1 1 5 3 1 1 1 2 5 5 1 1 1 1 2 1 1 |1 1 1 1 1 1 |1 2 1 1 2 1 6 1 1 1 2 1 |fitness = 91.46349763911222

第10个BestWave: 
1 1 1 1 1 2 1 3 1 1 1 2 2 2 1 6 2 1 |1 1 1 6 1 1 1 1 1 1 1 |1 1 2 1 2 1 1 1 1 1 1 1 |1 1 2 1 3 2 1 1 3 3 6 1 1 1 1 1 |1 1 1 2 1 1 1 1 1 1 |1 2 1 1 1 1 1 1 1 1 1 1 1 2 2 5 1 |1 2 2 1 1 4 3 1 1 1 1 1 2 1 1 1 1 1 |1 1 1 1 1 1 1 |2 1 1 1 1 2 3 1 1 1 4 1 2 1 2 1 1 1 |2 1 1 2 2 4 1 4 1 2 2 6 1 1 2 1 1 1 1 |1 1 1 1 1 1 |1 1 1 1 1 1 1 1 1 1 |2 3 1 3 1 2 1 2 3 1 3 1 2 1 3 1 2 6 3 |1 1 1 5 1 1 1 1 1 |1 1 1 1 1 1 |1 1 1 2 1 1 1 1 3 2 4 4 1 1 2 1 1 |4 1 2 1 2 1 1 1 1 1 1 1 1 1 |1 1 1 1 1 1 1 1 |1 1 1 1 1 1 1 |1 1 1 1 1 1 2 1 1 1 4 1 1 1 2 1 |2 1 1 1 1 1 1 1 3 1 2 1 1 1 1 |1 6 1 1 2 3 1 1 1 1 3 1 1 1 3 2 1 1 |2 2 2 1 1 1 1 1 3 1 2 4 1 1 2 2 |2 1 1 1 1 1 1 1 1 1 1 1 4 1 |2 1 1 1 1 1 2 2 1 |1 3 3 3 2 5 1 1 4 1 1 1 1 1 1 4 1 1 4 1 |1 1 1 1 1 1 1 1 1 1 2 1 1 |2 1 1 1 1 1 2 3 2 4 4 1 1 1 3 1 1 2 5 2 |1 1 1 2 1 1 |2 1 1 1 1 1 2 1 1 1 1 1 |fitness = 91.17982542940562

第11个BestWave: 
4 1 3 1 1 1 1 1 1 1 1 1 1 6 2 4 5 1 |1 1 1 2 2 1 4 2 1 1 1 |1 1 1 1 1 1 2 1 1 2 1 1 |1 1 1 2 1 2 1 2 1 4 4 2 1 2 1 1 |1 1 1 1 1 1 1 1 1 1 |1 1 1 2 1 1 1 2 1 1 1 1 1 2 1 6 1 |1 1 1 2 1 4 1 1 1 1 1 1 3 2 2 1 3 2 |1 1 1 1 1 1 1 |2 2 1 3 1 1 1 1 1 1 2 1 2 2 2 3 1 1 |1 1 1 5 2 1 1 3 1 4 1 2 2 1 1 1 2 2 1 |1 1 1 1 1 1 |1 1 1 1 1 2 1 1 1 1 |1 2 2 4 1 2 1 2 1 1 3 1 1 3 1 2 4 1 1 |1 1 2 6 1 1 1 1 1 |1 1 1 1 1 1 |1 1 1 3 1 2 1 2 1 1 2 1 1 1 1 2 2 |1 1 1 5 1 1 1 1 1 1 1 1 2 1 |1 1 1 1 1 1 1 2 |1 1 1 1 1 1 1 |3 2 1 1 1 1 2 1 1 2 1 2 1 1 1 2 |1 2 2 1 1 1 2 1 1 1 1 1 1 1 1 |1 6 1 1 1 1 2 2 1 2 3 1 1 1 1 1 1 4 |1 2 1 1 1 1 1 1 3 3 1 1 1 1 2 1 |1 1 1 2 1 1 2 1 1 1 2 1 2 2 |3 1 1 2 1 1 1 2 1 |1 1 1 1 5 3 2 2 5 2 1 1 2 3 1 1 1 3 1 3 |1 1 1 1 2 1 1 1 1 1 1 2 2 |4 1 2 4 2 6 1 2 3 1 2 2 3 1 1 1 1 3 1 1 |1 1 1 1 1 1 |1 1 1 1 1 1 1 1 1 2 1 1 |fitness = 91.22080076267827

第12个BestWave: 
1 1 1 1 1 1 6 1 1 1 1 2 2 5 1 4 4 1 |1 1 1 3 2 1 1 3 2 1 1 |1 1 1 1 1 1 1 2 1 1 1 1 |1 1 1 1 3 1 1 2 1 2 3 4 1 2 1 1 |1 1 1 1 1 1 1 1 1 1 |2 1 1 2 1 5 1 1 1 1 1 1 2 1 2 5 1 |1 2 1 1 1 1 1 1 1 6 1 1 1 1 1 3 2 1 |1 1 1 1 1 1 1 |2 1 1 3 1 6 1 1 1 1 1 2 1 1 1 1 1 2 |2 1 1 2 3 1 3 6 2 1 4 3 1 2 1 2 1 2 1 |1 1 1 1 1 1 |1 1 1 1 1 1 1 1 1 2 |1 1 2 3 1 1 1 1 1 1 3 1 1 3 2 2 1 1 4 |1 1 2 6 2 1 1 3 1 |1 1 1 1 1 1 |2 1 2 2 1 1 1 2 2 1 1 1 1 1 1 3 2 |4 1 1 4 1 1 3 1 1 1 1 1 1 1 |1 1 1 1 1 1 1 1 |2 1 1 1 1 2 2 |2 1 1 1 2 1 1 1 1 1 1 4 1 1 1 5 |1 1 1 1 1 2 3 1 1 1 1 1 1 1 1 |1 6 2 1 2 2 1 1 1 1 1 1 1 1 2 1 2 5 |1 1 1 1 4 1 1 1 1 1 1 2 1 1 1 3 |1 2 1 3 1 1 2 1 1 2 1 2 1 1 |1 1 1 1 1 1 1 1 1 |1 1 2 4 1 4 1 1 3 2 1 1 1 3 2 1 1 1 5 2 |2 1 1 2 1 1 1 1 2 2 1 1 1 |2 1 1 1 1 3 1 2 1 1 1 3 2 1 1 1 2 2 1 1 |1 1 1 1 1 1 |1 1 3 2 1 1 2 1 1 1 1 1 |fitness = 92.05469660388131

第13个BestWave: 
1 1 1 2 2 1 1 1 1 1 2 1 1 1 1 6 1 1 |2 1 1 2 1 1 1 3 1 2 2 |1 1 2 2 1 1 2 1 2 1 1 1 |2 1 1 1 2 1 2 2 1 5 4 1 1 1 1 1 |1 1 1 2 1 1 1 1 1 1 |3 1 1 1 1 1 1 1 1 1 1 2 1 1 1 5 1 |1 2 4 1 1 3 1 3 5 2 1 3 1 2 1 1 3 1 |1 1 1 1 1 1 1 |4 1 1 1 1 2 2 1 1 1 3 1 1 1 1 1 1 1 |1 3 2 1 2 1 1 1 1 3 1 2 4 1 1 2 2 1 1 |1 1 1 1 1 1 |1 1 1 1 1 1 1 2 1 1 |2 1 1 6 4 4 1 3 1 2 6 2 3 3 1 1 3 1 1 |1 1 1 2 1 1 1 1 1 |2 1 1 1 1 1 |1 1 6 1 1 2 1 1 1 1 1 1 1 1 1 2 2 |6 1 3 1 2 1 1 1 1 1 1 1 1 1 |1 1 1 1 1 1 1 1 |1 1 1 1 1 1 1 |3 1 1 1 2 1 1 2 1 1 1 1 3 1 1 2 |1 2 1 1 1 1 3 2 2 2 2 1 1 1 1 |1 2 2 1 3 1 2 1 2 1 1 1 2 3 2 2 1 1 |1 1 1 1 1 1 1 1 1 1 1 2 2 2 2 2 |1 1 1 1 1 1 1 1 2 1 1 2 3 1 |2 1 1 1 1 1 1 1 1 |1 1 1 1 3 5 1 1 1 1 1 2 3 1 3 1 1 2 1 1 |1 1 3 1 1 1 1 2 1 1 2 2 1 |2 2 1 1 1 4 1 2 1 3 2 4 4 1 1 1 1 4 1 1 |1 1 1 1 1 1 |1 1 1 1 1 1 2 1 1 1 1 1 |fitness = 92.26436775730136

第14个BestWave: 
1 2 1 2 1 2 3 1 1 2 1 3 1 5 2 4 1 1 |1 1 1 4 2 1 1 1 1 1 1 |1 1 1 1 1 1 1 1 1 2 1 2 |1 1 1 1 5 1 2 1 1 5 3 4 2 2 1 2 |1 1 1 2 1 1 2 1 1 1 |1 3 1 1 2 2 1 1 1 1 2 1 1 2 1 5 2 |2 1 1 1 2 4 1 1 2 1 1 1 2 1 1 1 2 2 |2 1 1 1 1 1 1 |6 1 1 2 2 1 1 1 2 1 1 1 1 1 2 1 2 1 |3 1 1 1 1 2 2 3 2 1 2 1 2 1 1 1 2 5 3 |1 1 1 1 1 1 |2 1 1 1 1 1 1 2 1 2 |2 1 1 4 3 4 3 2 1 1 4 1 3 1 1 1 3 2 1 |2 1 1 5 1 1 1 1 1 |1 1 1 2 1 1 |3 2 2 1 1 1 1 2 1 3 1 1 1 1 1 1 1 |1 1 1 1 1 1 1 1 1 1 1 3 1 1 |1 1 1 3 1 1 1 1 |1 1 1 1 1 1 1 |1 1 2 1 1 1 1 1 4 2 1 1 1 1 1 1 |1 1 1 1 1 2 1 1 1 1 3 1 1 1 2 |2 6 2 1 1 3 2 1 1 1 1 1 3 1 1 1 2 1 |1 1 1 1 1 1 1 2 2 1 3 1 1 1 1 1 |1 1 1 2 1 1 1 1 1 1 1 1 2 1 |2 1 1 1 1 1 1 1 1 |2 1 1 2 5 4 1 1 3 1 1 3 2 1 3 1 2 1 5 1 |3 1 1 1 1 1 1 1 1 1 1 1 1 |6 1 1 1 1 2 1 1 1 3 1 2 4 1 1 1 1 1 1 2 |1 1 1 1 1 1 |1 1 2 1 1 1 3 1 1 1 1 1 |fitness = 90.75664397742518

第15个BestWave: 
6 2 2 1 1 1 2 1 1 1 1 1 2 4 1 3 2 1 |1 1 1 1 1 1 1 3 1 1 1 |1 1 1 1 1 1 1 3 1 1 1 1 |1 1 1 1 4 2 3 1 1 1 4 1 1 1 1 1 |1 1 1 1 1 1 1 1 1 1 |2 2 1 1 2 1 1 2 2 1 1 1 1 6 1 5 1 |1 1 3 1 2 4 1 5 6 2 1 1 2 1 1 1 4 1 |1 1 1 1 1 2 1 |5 1 1 2 2 1 1 1 1 1 1 1 2 1 1 1 2 1 |2 1 1 2 1 1 2 1 1 2 3 2 1 5 1 1 1 2 1 |1 1 1 1 1 1 |1 1 1 1 1 1 1 1 1 2 |6 1 3 4 1 2 1 1 1 3 1 1 2 3 2 1 2 1 1 |2 1 1 6 1 1 1 2 1 |1 1 1 1 1 1 |1 3 1 2 1 1 3 1 1 1 1 3 1 1 2 3 1 |6 1 1 1 1 1 3 1 1 1 1 1 1 1 |1 1 1 1 1 1 1 1 |1 1 1 1 1 1 1 |4 1 1 1 1 1 1 1 1 2 1 1 1 2 2 1 |1 3 1 1 1 2 1 1 1 2 1 1 1 1 2 |1 3 2 1 1 5 2 1 2 3 1 1 2 1 2 2 1 1 |1 2 1 4 3 1 1 1 4 2 1 2 2 1 1 3 |1 1 1 3 1 1 1 1 1 1 1 1 2 1 |1 1 1 1 1 1 1 1 1 |1 2 1 1 1 3 1 1 3 1 2 1 1 1 1 1 2 1 3 1 |1 1 1 2 2 1 2 1 1 1 1 1 1 |4 2 1 2 1 2 1 1 1 3 3 1 2 3 1 1 2 1 3 1 |1 1 1 1 1 1 |2 1 1 1 1 1 1 1 1 1 2 2 |fitness = 91.4624095428897

第16个BestWave: 
1 1 1 3 2 1 1 1 1 1 1 1 5 2 1 4 4 1 |2 1 1 2 1 1 2 3 1 2 1 |2 1 1 1 1 1 2 1 1 2 1 1 |1 1 1 1 6 1 2 3 1 2 6 3 1 2 1 1 |1 1 1 1 1 1 1 1 1 1 |4 1 1 1 1 1 1 2 1 1 1 1 1 3 1 5 2 |2 1 1 1 3 2 1 1 1 1 1 1 3 1 1 1 2 1 |1 1 1 1 1 1 1 |4 2 2 3 1 4 2 2 3 1 1 1 1 1 1 1 1 1 |1 2 1 1 1 1 1 1 1 6 1 3 1 1 1 1 1 1 1 |1 1 1 1 1 2 |1 1 1 1 1 1 1 1 1 2 |1 1 1 5 1 4 4 1 1 1 2 2 1 4 1 1 1 1 1 |1 1 1 1 1 1 1 1 1 |1 1 1 1 1 1 |1 1 1 1 2 1 1 1 3 4 3 1 1 1 1 1 1 |6 1 1 1 1 1 2 1 1 2 1 2 1 1 |1 1 1 1 1 1 1 1 |1 1 1 1 1 1 1 |1 2 1 1 2 1 1 1 2 1 1 1 1 1 1 2 |2 2 1 1 1 1 1 1 1 1 1 1 1 1 1 |1 5 1 3 1 2 1 1 2 2 4 1 2 3 2 1 1 1 |1 1 1 2 1 1 1 1 4 1 1 1 2 1 1 5 |1 2 1 2 2 1 2 1 1 1 2 1 3 1 |4 1 1 1 1 1 1 1 2 |3 2 1 1 4 6 1 1 1 1 2 1 2 4 1 3 1 1 4 1 |2 1 1 2 1 1 1 1 2 1 2 1 1 |3 1 4 1 1 1 2 2 1 2 1 4 1 2 1 1 3 1 2 2 |1 1 1 1 1 1 |1 1 1 1 1 1 1 1 1 1 1 1 |fitness = 90.9424205649432

第17个BestWave: 
1 1 1 1 1 1 1 2 1 1 1 1 1 3 2 4 4 4 |1 1 1 1 1 4 1 2 1 2 1 |2 1 1 1 1 1 1 1 1 1 1 2 |3 1 1 1 3 1 1 1 1 3 5 4 1 1 1 1 |1 1 1 1 1 1 1 1 2 1 |3 1 2 3 1 4 1 1 1 1 1 2 1 1 1 5 2 |1 1 3 1 1 2 1 1 1 3 1 1 2 1 1 1 3 1 |1 1 1 1 1 1 1 |3 2 1 1 2 3 1 2 1 1 3 1 2 1 2 2 2 2 |1 2 1 6 1 1 2 1 1 6 2 1 1 1 1 1 2 1 1 |1 1 1 1 1 1 |1 1 1 1 1 1 1 1 1 1 |1 1 1 5 1 4 2 1 6 1 1 2 2 3 1 2 3 1 1 |2 1 1 1 1 3 1 1 1 |1 1 1 1 1 2 |2 1 5 1 1 2 2 1 1 1 4 1 2 1 1 1 1 |6 2 1 2 1 1 3 1 1 2 2 1 2 1 |1 1 1 1 2 1 1 1 |1 1 1 1 1 1 1 |1 1 4 2 2 1 1 2 1 2 1 1 1 1 1 1 |2 1 1 1 1 1 1 2 1 1 1 2 1 1 1 |1 4 1 1 4 1 3 1 1 1 1 2 1 3 1 2 2 1 |2 1 1 1 4 1 1 1 1 1 1 4 1 3 1 3 |1 1 1 2 1 1 1 1 1 1 1 1 1 1 |1 1 1 1 1 1 1 1 1 |1 1 1 2 2 5 1 2 2 2 1 1 1 2 1 3 1 1 2 1 |1 1 1 2 1 1 2 1 1 1 1 1 1 |4 1 2 1 1 5 1 1 1 1 2 3 1 2 2 1 2 1 2 1 |1 1 1 1 1 2 |1 1 1 1 1 1 2 1 1 1 1 1 |fitness = 91.56321694588088

第18个BestWave: 
3 1 1 3 1 1 2 1 1 1 1 2 1 3 1 5 1 1 |1 1 1 4 1 1 1 1 1 1 1 |3 2 1 2 2 1 1 3 1 1 2 1 |2 1 1 1 2 1 4 1 1 3 4 1 1 1 1 1 |1 1 1 1 1 1 1 1 1 1 |4 1 2 1 1 1 1 2 2 2 2 1 1 1 2 5 1 |1 3 3 1 1 2 1 1 4 1 1 1 2 2 2 3 3 1 |1 1 1 1 1 1 1 |6 1 1 1 1 1 3 1 1 1 3 1 1 1 1 2 2 1 |3 1 1 1 1 2 2 2 1 3 1 1 2 2 1 2 1 1 3 |1 1 1 1 2 1 |2 1 1 1 2 1 1 1 1 3 |1 1 1 2 1 5 3 1 2 1 6 1 1 1 1 2 3 2 2 |2 1 1 4 1 1 1 1 2 |1 1 1 1 1 1 |1 1 1 2 1 1 1 1 1 1 1 1 2 5 3 2 1 |4 1 1 2 1 3 1 1 1 1 1 1 2 1 |1 1 1 1 1 1 1 1 |1 1 1 1 1 1 1 |1 1 2 1 2 1 1 1 1 1 1 1 1 1 1 1 |1 1 1 1 1 1 1 1 1 4 1 1 1 1 1 |1 3 1 2 1 1 3 3 1 3 2 1 1 3 1 1 1 2 |1 1 1 1 1 1 1 1 1 2 2 1 1 1 6 2 |1 2 1 1 1 3 1 1 2 1 1 2 3 1 |2 1 1 1 1 1 1 1 1 |1 1 1 1 3 5 1 1 5 1 1 1 2 2 2 1 2 4 5 1 |1 2 1 1 1 2 1 1 1 2 1 1 3 |2 1 1 2 1 1 1 1 2 1 1 2 2 1 2 2 1 1 1 2 |1 1 1 1 1 1 |3 1 1 1 2 1 1 1 1 1 1 1 |fitness = 91.37570563574734

第19个BestWave: 
2 1 1 1 1 2 3 1 1 1 1 1 1 2 1 6 3 2 |1 2 1 1 1 1 1 2 1 1 1 |1 1 2 1 1 1 1 6 1 1 2 1 |1 2 2 1 2 1 5 2 1 3 2 1 1 1 1 1 |1 2 1 1 1 1 1 1 1 1 |4 1 1 2 1 1 2 1 3 2 3 1 1 1 1 5 1 |1 1 1 1 1 2 1 1 1 3 2 1 1 2 1 3 2 1 |1 1 1 1 1 1 1 |1 1 1 1 2 3 1 1 1 1 3 1 2 2 2 1 2 1 |1 1 4 1 1 3 2 1 2 3 1 1 1 1 1 2 1 3 1 |1 1 1 1 1 2 |1 1 1 1 1 1 1 2 1 1 |3 3 3 5 2 2 1 1 1 3 2 1 2 1 2 2 5 2 1 |1 1 1 6 1 1 1 2 1 |1 1 1 1 1 1 |1 1 2 1 1 3 1 1 1 1 3 4 2 1 2 4 1 |1 1 2 2 1 2 3 1 1 1 2 1 1 1 |1 1 1 1 1 1 1 1 |1 1 1 1 1 1 1 |2 1 1 1 2 2 2 2 2 1 1 1 1 1 1 1 |3 1 1 2 1 1 1 1 1 1 1 1 1 1 1 |1 2 3 1 2 1 3 1 1 1 2 1 1 1 2 1 1 2 |1 1 1 1 2 1 1 1 2 1 1 2 1 1 2 1 |1 1 1 3 1 1 1 1 2 2 1 2 1 1 |2 1 1 2 1 1 1 2 1 |1 1 1 2 4 2 4 1 2 1 1 1 1 1 1 2 1 1 5 2 |1 1 1 1 1 1 1 1 1 1 1 1 2 |1 4 2 2 2 3 2 2 1 1 2 3 2 1 1 3 1 2 1 1 |1 1 1 2 1 1 |3 1 2 1 1 1 3 4 1 1 1 1 |fitness = 90.80438779396533

第20个BestWave: 
2 2 1 2 2 1 1 2 1 1 2 3 1 5 2 6 2 1 |1 1 1 1 1 1 1 3 1 1 2 |1 1 1 2 1 1 1 1 1 1 1 2 |1 1 1 1 1 1 6 1 1 3 3 2 1 3 1 2 |1 1 1 1 1 2 1 1 3 2 |1 1 1 2 1 1 1 1 1 1 1 4 1 6 1 3 1 |1 2 2 2 1 1 1 3 1 2 1 1 5 1 2 1 1 3 |1 1 2 1 1 1 1 |1 1 2 1 2 2 1 2 1 1 2 1 1 1 1 1 3 2 |1 1 1 2 1 1 1 1 1 1 3 1 1 1 1 3 1 2 3 |1 1 1 1 1 1 |1 1 1 1 1 1 1 1 1 2 |1 1 1 5 1 2 1 1 1 3 6 3 5 2 2 2 1 1 5 |1 1 2 1 1 1 1 1 1 |1 1 1 1 1 1 |1 1 3 1 1 1 1 1 3 1 2 2 3 2 1 1 1 |2 2 1 1 2 1 4 1 1 1 1 1 1 1 |1 1 1 1 1 1 1 1 |1 1 1 1 1 1 1 |1 1 1 2 1 1 1 3 4 1 1 1 1 1 1 2 |1 1 1 2 1 1 1 2 1 1 1 1 1 1 1 |1 6 1 1 1 1 1 1 2 1 1 1 1 1 2 1 1 4 |1 1 2 2 1 1 1 1 2 1 2 1 1 1 5 2 |1 1 1 1 1 1 1 1 1 1 1 1 3 1 |4 1 1 1 1 1 1 1 1 |1 1 1 3 4 3 1 1 3 2 1 2 1 1 1 1 1 3 3 2 |2 1 1 1 1 1 2 1 2 1 2 1 1 |5 1 2 1 2 4 1 1 1 1 3 5 4 1 1 1 1 1 1 1 |1 1 1 1 1 1 |1 2 1 1 1 1 3 1 1 2 1 1 |fitness = 91.59288107210163

第21个BestWave: 
1 2 1 1 2 1 1 1 1 1 2 1 2 4 1 6 1 2 |1 1 1 2 2 1 2 4 1 1 2 |1 1 1 1 1 3 1 2 1 3 1 1 |1 1 1 1 3 1 2 1 1 1 3 3 1 2 1 1 |1 1 1 1 1 1 1 1 1 1 |1 1 1 1 1 1 2 2 1 2 3 1 1 1 1 4 1 |1 2 3 2 1 5 2 1 1 3 1 1 1 5 1 1 2 1 |1 1 1 1 1 1 1 |1 1 3 1 2 2 1 1 1 1 3 2 2 2 1 1 5 3 |2 2 2 3 1 1 1 1 2 3 2 1 1 1 1 2 1 1 2 |1 1 1 1 1 1 |1 1 2 1 1 2 2 1 1 1 |1 2 2 5 1 2 1 1 1 1 5 1 1 2 3 2 2 1 1 |2 1 1 4 1 1 1 1 1 |1 1 1 1 2 1 |3 1 2 1 1 3 1 5 1 1 5 1 1 1 1 1 1 |4 1 1 1 3 1 3 1 1 1 1 1 1 2 |1 1 1 1 1 1 1 1 |1 1 1 1 1 1 1 |2 1 1 1 1 2 1 1 1 1 1 1 1 1 1 1 |1 2 1 1 2 2 1 1 1 2 1 2 1 2 1 |1 4 2 2 1 1 2 1 1 1 1 1 2 1 1 1 1 2 |1 1 3 1 1 1 1 1 1 1 1 1 1 3 4 1 |1 1 1 1 1 2 1 1 1 1 1 1 1 1 |1 1 1 1 1 1 1 1 1 |1 4 1 1 3 3 2 2 1 1 2 2 2 1 2 1 1 1 6 3 |1 2 2 1 2 1 1 2 1 1 1 1 1 |2 4 1 1 1 3 2 1 1 1 2 1 6 2 4 1 1 3 1 1 |1 1 1 1 1 1 |3 2 1 1 1 1 2 1 1 1 1 1 |fitness = 90.49915431250868

第22个BestWave: 
1 1 1 1 2 1 3 1 1 1 2 1 2 2 2 3 1 1 |1 2 1 2 1 1 1 2 1 1 1 |1 1 1 1 1 1 1 2 1 2 1 1 |1 1 1 1 1 1 1 1 3 4 3 2 1 1 1 2 |1 2 1 1 1 1 1 1 1 1 |3 1 1 1 1 1 1 1 2 1 1 1 1 1 1 4 2 |1 2 1 2 2 3 2 1 1 1 1 2 1 1 1 1 1 2 |1 1 1 1 1 1 1 |3 2 3 1 2 2 1 1 1 1 4 1 1 1 1 4 1 2 |1 2 1 3 1 1 2 1 1 2 1 5 1 1 1 1 1 2 1 |1 1 1 1 1 1 |1 1 1 1 1 1 1 1 1 2 |1 1 2 4 1 4 1 2 2 3 5 2 2 6 1 1 2 1 2 |1 1 1 2 1 2 1 1 1 |1 1 1 1 1 1 |1 1 5 2 1 1 1 2 1 1 2 4 3 1 1 2 1 |6 1 1 1 2 1 1 1 1 3 1 1 1 1 |1 2 1 2 1 1 1 1 |1 1 1 1 1 1 1 |1 1 3 1 1 1 1 1 1 1 1 2 1 2 1 1 |1 1 1 1 1 1 2 2 1 1 1 1 1 1 2 |1 4 1 3 1 4 2 1 1 1 2 1 1 1 1 1 1 3 |2 1 3 1 4 1 1 2 2 2 1 3 1 1 2 1 |3 1 1 5 1 1 1 1 1 1 1 1 1 1 |1 1 1 1 1 1 1 1 1 |3 1 1 2 5 4 2 2 6 2 1 1 3 1 1 1 1 1 6 1 |1 2 1 1 1 2 1 1 2 1 2 1 1 |3 1 3 3 1 1 1 1 2 3 1 3 3 1 2 1 1 1 1 3 |1 1 1 1 2 1 |2 1 1 1 2 1 1 1 2 1 1 1 |fitness = 91.18736809472885

第23个BestWave: 
3 2 1 2 1 1 2 1 2 1 1 1 1 3 1 6 3 1 |1 1 1 3 1 2 1 1 1 1 2 |2 2 1 1 2 2 1 4 1 1 2 1 |2 1 1 1 4 1 3 1 4 1 4 2 1 1 1 1 |1 1 1 1 2 1 1 1 1 1 |1 1 3 1 2 1 1 1 3 1 1 1 1 3 1 6 2 |1 1 1 1 2 1 3 1 1 4 1 2 1 2 2 3 6 2 |1 1 1 1 1 1 1 |3 2 2 1 1 1 1 1 2 1 4 1 1 1 1 4 1 3 |3 1 1 2 2 1 1 1 2 2 1 1 2 2 1 1 1 1 3 |1 1 1 1 1 1 |1 1 2 1 1 1 1 1 1 2 |2 1 1 1 1 1 1 2 2 1 5 2 1 2 1 1 3 2 2 |1 1 1 5 2 1 1 2 2 |1 1 1 1 1 1 |1 1 1 1 2 2 1 1 1 1 1 1 1 1 1 1 1 |6 2 1 1 1 1 1 1 2 1 1 1 1 1 |1 1 1 1 1 1 1 1 |2 1 1 1 1 1 2 |1 1 2 1 1 1 4 1 1 1 1 2 1 1 1 2 |1 2 1 2 1 1 1 1 1 1 1 1 2 1 2 |1 4 2 1 1 4 1 1 3 1 5 2 1 3 1 1 1 3 |2 1 1 2 3 2 1 2 1 1 1 3 3 1 1 1 |1 1 1 1 1 1 1 1 1 1 1 1 1 1 |1 1 1 1 1 1 1 1 2 |1 2 1 1 5 6 1 1 1 1 1 2 1 2 1 1 2 2 1 1 |1 1 1 1 1 1 2 1 1 1 2 1 1 |3 1 1 3 1 2 1 1 1 1 2 6 3 1 1 1 1 1 1 1 |1 1 1 1 1 1 |1 1 2 1 1 1 1 1 3 1 1 2 |fitness = 92.30534852811104

第24个BestWave: 
2 1 1 1 1 1 2 1 1 1 3 2 1 6 2 6 1 1 |1 2 1 1 1 2 1 1 1 1 1 |3 1 1 1 1 1 1 2 1 1 1 1 |1 1 2 1 3 4 4 1 1 1 4 4 1 1 1 2 |1 1 1 1 1 1 1 1 1 1 |5 1 1 3 1 1 1 1 1 1 1 1 1 2 1 6 1 |1 2 2 1 1 1 2 1 1 1 2 1 1 1 3 1 1 1 |1 1 1 1 2 2 1 |2 3 1 1 1 6 1 1 1 1 1 1 1 1 1 1 2 1 |3 2 1 2 1 1 4 2 2 3 1 1 1 2 2 1 2 1 2 |1 1 1 1 1 1 |2 1 1 1 3 1 2 1 1 1 |1 1 1 4 1 3 1 1 1 1 2 2 2 3 1 1 2 1 1 |1 1 1 4 1 1 1 2 1 |1 1 1 1 1 1 |3 1 6 3 1 1 1 1 1 2 3 2 1 1 1 1 1 |5 1 1 1 1 2 2 1 1 2 1 1 1 1 |1 1 1 1 1 1 1 1 |1 1 1 1 1 1 1 |1 2 1 1 1 1 1 2 1 2 2 2 1 1 1 1 |1 1 1 1 1 1 1 1 1 1 1 1 5 1 1 |1 5 1 4 1 1 1 1 1 1 1 1 1 2 2 1 1 5 |1 1 1 1 2 2 1 2 1 1 2 1 1 1 1 1 |1 1 1 1 1 2 2 1 1 1 1 1 2 1 |1 1 1 1 1 1 1 1 1 |1 1 2 2 6 3 2 1 5 1 2 2 1 3 2 2 1 4 2 1 |1 1 2 1 1 1 1 1 1 1 2 1 2 |2 2 1 1 1 2 1 1 1 1 1 4 6 2 1 2 1 1 1 2 |1 1 1 1 1 1 |1 2 2 1 1 2 1 1 1 1 2 1 |fitness = 92.19279895692021

第25个BestWave: 
1 1 1 1 1 1 4 1 1 1 1 1 1 3 1 5 1 2 |1 2 1 1 1 1 1 1 1 2 1 |1 1 2 1 1 1 1 2 1 1 1 1 |1 1 1 1 6 1 5 1 1 1 2 2 1 1 1 1 |1 1 1 1 1 1 1 1 1 1 |1 1 2 1 1 1 1 1 1 1 2 1 1 2 2 5 2 |1 1 1 4 1 3 3 1 1 1 3 1 2 1 2 2 2 1 |1 2 1 1 1 1 1 |2 1 1 2 5 1 2 2 1 1 1 2 1 1 1 2 2 2 |3 1 1 5 1 2 3 2 1 1 2 2 1 1 1 1 1 1 1 |1 1 1 1 1 1 |1 1 1 1 1 1 1 1 1 1 |1 1 1 3 2 3 1 1 1 1 2 1 1 2 1 1 5 1 2 |2 1 1 1 1 1 1 3 2 |1 1 1 2 1 1 |1 1 1 1 1 1 4 1 1 1 4 1 1 1 2 1 1 |5 1 3 1 1 1 1 1 1 1 2 3 1 1 |1 1 1 1 1 1 1 1 |1 1 1 1 2 1 1 |1 1 1 1 1 1 1 1 1 1 2 2 1 1 1 1 |2 1 1 1 1 2 1 1 1 2 1 1 2 2 2 |2 5 1 1 1 1 1 1 1 1 2 1 2 1 2 1 1 1 |1 2 1 1 1 1 1 1 1 4 1 1 1 2 1 1 |1 1 3 2 1 1 1 1 1 1 2 1 2 1 |5 1 1 1 2 1 1 2 1 |1 1 2 1 6 5 1 1 5 2 1 1 1 1 1 4 1 1 4 1 |1 1 2 1 1 2 1 1 1 1 2 1 1 |3 1 1 2 1 6 3 1 1 1 2 1 1 2 2 1 1 5 1 2 |1 1 1 1 2 2 |1 1 1 1 1 1 2 1 1 1 2 1 |fitness = 91.62866671272758

第26个BestWave: 
1 2 1 2 1 5 2 1 1 1 1 2 1 4 1 4 3 1 |1 1 1 1 1 2 2 2 1 1 1 |1 2 1 1 2 1 1 1 1 1 1 1 |1 3 1 1 2 1 2 1 3 1 5 3 2 3 1 1 |1 1 1 1 1 1 1 1 1 1 |2 1 1 1 2 2 1 2 1 1 1 3 1 1 1 3 1 |1 1 1 2 1 6 1 1 3 1 1 1 4 1 1 2 1 1 |1 1 1 1 2 1 1 |1 3 2 3 1 4 1 2 1 1 2 1 2 1 2 1 1 3 |1 1 1 2 1 1 1 1 1 2 1 2 2 1 3 2 1 1 1 |2 1 1 1 1 1 |1 1 1 1 1 1 1 1 1 1 |3 1 2 4 1 3 1 2 1 3 2 1 4 3 1 1 1 1 1 |1 1 1 4 1 1 1 3 1 |1 1 1 1 1 1 |3 1 1 3 3 2 1 2 1 1 1 1 2 1 1 2 1 |1 1 1 5 1 1 2 2 1 1 1 1 1 1 |1 1 1 1 1 1 1 1 |1 1 1 1 1 1 1 |1 1 2 1 3 1 1 1 2 1 1 3 1 1 2 3 |1 2 1 1 1 1 1 1 1 1 1 1 1 1 1 |1 6 1 1 2 3 1 2 1 1 5 1 1 5 1 1 1 5 |1 1 3 1 1 2 1 1 4 1 1 4 1 1 1 1 |1 2 1 3 1 1 1 1 1 1 1 1 3 1 |5 1 1 1 1 1 1 1 1 |1 1 3 3 4 4 1 3 1 1 1 1 1 1 3 1 2 1 4 1 |3 1 1 2 1 2 1 1 1 1 1 1 1 |1 2 2 1 1 2 4 2 2 1 1 1 1 1 1 3 1 1 1 1 |1 1 1 1 1 1 |1 1 1 1 1 1 2 1 1 1 1 1 |fitness = 91.10192840030747

第27个BestWave: 
1 1 1 1 3 1 2 2 1 1 1 1 1 2 1 5 4 2 |1 1 1 1 1 1 1 1 1 1 1 |1 1 1 2 2 2 1 1 1 1 1 1 |1 1 1 1 3 1 4 1 1 4 5 2 1 2 1 1 |1 1 1 1 2 1 1 1 4 1 |1 1 1 1 1 3 1 1 1 1 2 2 1 2 1 6 2 |1 2 1 2 1 2 1 1 1 1 1 1 4 1 1 1 4 1 |1 1 1 1 1 1 1 |1 1 3 1 2 3 2 2 1 3 3 1 2 1 3 1 1 1 |1 1 1 2 1 1 1 1 1 3 1 2 2 1 1 1 1 1 2 |1 1 1 1 1 1 |1 2 1 1 1 1 1 1 1 1 |1 2 1 2 1 5 1 1 1 3 3 1 3 5 2 1 4 2 2 |1 2 1 1 1 1 1 1 2 |1 1 1 1 1 1 |1 1 6 2 1 1 1 1 2 1 4 1 1 1 1 1 2 |5 1 1 2 1 1 2 1 1 1 2 2 1 1 |1 1 2 1 1 1 1 2 |1 1 1 1 1 1 1 |1 3 1 3 1 2 2 1 2 3 1 2 1 1 1 1 |1 1 1 1 1 2 1 1 1 2 2 1 1 1 3 |1 5 2 3 1 1 1 2 2 1 1 1 2 2 2 1 1 1 |1 1 1 2 1 2 2 1 1 1 1 6 2 1 1 4 |2 1 3 1 1 1 1 1 1 1 2 1 1 1 |1 1 1 1 1 1 1 1 1 |3 1 1 2 5 3 1 1 1 3 1 2 1 1 1 1 2 3 1 4 |1 1 1 1 2 1 2 1 1 1 1 1 1 |4 1 1 1 2 3 1 1 1 2 1 1 3 1 1 1 1 2 1 1 |1 1 1 1 1 2 |3 1 1 1 1 1 1 1 1 1 2 3 |fitness = 91.20340412751469

第28个BestWave: 
1 2 2 1 1 1 1 1 1 1 1 3 1 5 2 6 1 3 |1 1 1 2 2 1 1 1 1 1 2 |1 1 1 2 1 2 2 1 1 1 1 1 |1 1 1 1 2 1 5 1 1 1 4 3 2 2 2 1 |1 1 1 1 1 1 1 1 1 2 |1 2 2 1 1 1 1 2 1 2 1 1 1 3 1 2 1 |1 2 1 3 1 3 4 1 1 2 2 2 1 1 2 1 3 2 |1 1 2 1 1 1 1 |1 1 6 2 3 1 1 1 1 1 1 2 1 1 1 1 2 1 |2 1 1 2 6 2 3 1 1 3 1 2 1 1 1 1 3 2 1 |1 1 1 1 1 1 |2 1 1 1 1 1 1 1 1 1 |1 4 1 6 1 2 2 1 1 2 1 1 1 2 1 1 3 1 1 |2 1 1 6 1 1 2 1 1 |1 1 1 1 1 1 |4 1 4 1 1 1 1 2 1 1 1 1 1 1 1 2 1 |4 2 1 3 1 1 1 1 1 3 1 1 1 1 |1 1 1 1 1 1 1 1 |1 1 1 1 1 1 1 |1 1 2 1 1 1 1 2 1 1 1 1 1 1 1 1 |1 2 1 2 1 1 1 1 1 1 1 1 2 2 3 |2 5 1 1 1 1 2 2 1 2 2 1 1 2 4 1 1 1 |1 1 1 2 5 2 3 2 1 1 2 1 1 1 2 1 |1 2 1 1 1 1 1 1 2 1 1 2 2 2 |3 1 2 1 1 1 1 1 1 |1 1 2 1 5 5 2 1 4 2 1 1 1 2 1 1 1 3 3 1 |1 1 1 1 1 1 1 1 1 1 1 1 1 |3 2 2 1 1 3 2 1 1 1 1 1 5 1 2 1 1 1 1 1 |1 1 1 1 1 1 |1 1 2 1 1 1 4 1 1 2 1 1 |fitness = 92.24701073137783

第29个BestWave: 
1 1 1 1 1 2 2 2 1 1 1 1 1 5 3 3 6 1 |1 3 1 3 1 2 2 1 1 1 2 |1 1 2 4 4 1 1 5 1 1 1 1 |1 1 1 2 1 1 2 1 1 3 3 1 1 1 2 1 |2 1 2 1 1 1 1 1 2 1 |4 2 2 1 1 1 1 1 2 1 1 2 1 1 2 5 1 |1 3 1 1 1 6 1 3 1 2 1 3 5 1 3 1 1 1 |1 1 1 1 1 1 1 |2 2 1 1 1 3 1 1 1 1 1 1 1 1 1 2 1 2 |1 1 2 4 1 1 3 1 2 1 1 1 1 1 1 1 1 1 2 |1 1 1 1 1 1 |1 2 1 1 1 1 1 1 1 1 |2 2 2 5 1 2 1 2 1 1 2 1 2 4 2 2 3 2 1 |1 1 1 4 1 1 1 2 1 |1 1 1 1 1 1 |1 1 1 1 1 1 2 1 1 2 2 1 1 2 1 1 1 |6 1 1 1 1 1 2 1 1 1 2 1 2 1 |1 1 1 1 1 1 1 2 |1 1 1 1 1 1 1 |1 1 3 1 1 1 2 1 1 1 1 3 1 1 3 1 |1 1 1 1 1 1 2 1 1 3 1 2 1 1 2 |1 2 1 2 1 2 1 4 1 1 1 1 2 2 4 1 1 1 |1 1 1 5 1 1 1 1 2 1 1 2 1 2 2 2 |1 1 2 1 1 1 1 1 1 1 1 1 1 1 |1 1 1 1 1 1 2 2 1 |1 1 3 1 3 6 1 1 2 2 1 1 3 1 1 1 1 3 5 3 |1 1 1 1 1 1 1 1 1 1 1 1 1 |2 2 1 2 1 5 2 1 1 1 2 1 4 1 2 2 1 1 4 1 |1 1 1 1 1 1 |2 1 1 1 1 1 1 1 1 1 1 1 |fitness = 92.60306337491538

第30个BestWave: 
2 1 1 1 3 4 2 2 2 1 1 1 3 1 1 3 2 1 |1 1 2 5 1 1 1 1 1 1 1 |2 1 1 1 1 2 1 1 1 1 2 1 |1 1 3 1 2 1 3 1 1 2 3 1 1 1 1 1 |1 1 1 1 2 1 3 1 1 2 |6 2 1 1 1 1 1 1 2 1 1 1 2 2 2 4 1 |1 1 1 2 1 3 1 4 3 1 1 1 1 2 2 1 2 1 |1 2 1 1 1 1 2 |3 1 2 1 5 2 1 1 1 1 2 1 1 1 2 1 2 1 |3 1 1 3 2 1 5 2 2 3 1 2 1 1 3 1 1 3 1 |1 1 1 1 1 1 |1 1 1 1 1 1 1 1 1 1 |3 2 2 5 1 3 1 1 2 1 2 1 1 2 1 1 1 1 2 |1 1 1 1 1 1 2 3 1 |1 1 1 1 1 1 |1 1 3 2 1 1 1 1 1 1 4 1 1 2 1 1 1 |5 2 1 2 1 1 1 2 1 2 1 1 1 2 |1 1 1 1 1 1 1 1 |1 1 1 1 1 1 1 |3 1 2 1 1 1 3 2 2 1 1 4 1 1 1 1 |3 2 1 1 1 1 2 2 1 3 1 1 1 1 1 |1 6 1 1 1 1 1 1 2 1 1 2 1 1 1 1 1 1 |1 1 1 1 1 1 1 1 2 1 1 1 1 1 1 1 |2 1 2 2 1 1 1 1 1 1 1 2 1 1 |5 1 1 1 1 1 2 1 1 |1 1 1 2 5 3 1 2 3 1 1 2 1 2 1 1 1 1 3 1 |1 1 2 1 2 1 1 1 1 1 1 1 2 |2 1 5 3 1 4 1 1 1 4 2 2 5 1 1 3 1 1 1 1 |1 1 1 1 1 1 |5 1 1 1 1 1 1 1 1 2 1 1 |fitness = 92.3349657784193

第31个BestWave: 
1 1 1 1 1 1 1 1 1 1 1 1 1 6 1 6 1 2 |1 1 1 1 1 1 2 1 1 1 1 |1 1 1 1 1 1 1 4 1 1 1 1 |1 4 1 1 4 1 5 1 1 3 2 2 2 1 1 1 |1 2 2 1 1 1 1 1 1 1 |1 1 2 1 4 2 1 1 1 2 3 1 1 4 1 3 2 |1 1 1 2 2 2 2 1 1 1 1 1 1 1 1 2 1 1 |1 1 1 1 1 1 1 |3 1 1 1 1 2 1 1 1 2 3 1 1 1 2 2 2 2 |3 1 2 2 1 1 2 1 1 4 2 1 1 1 1 2 2 1 1 |1 1 1 1 1 1 |1 1 1 3 1 1 1 2 2 1 |1 4 1 4 2 2 1 1 1 2 2 1 2 1 1 2 6 1 2 |1 1 2 4 1 1 1 3 1 |1 1 1 1 1 1 |1 1 1 1 2 2 1 1 1 3 1 3 3 2 4 1 1 |5 1 1 1 1 1 1 1 2 1 1 1 1 1 |1 1 1 1 1 1 1 1 |1 1 1 1 1 1 1 |1 1 2 1 1 1 2 1 1 3 1 2 1 1 1 1 |1 1 1 1 1 1 1 2 1 1 1 1 1 1 1 |1 5 1 1 2 1 2 2 2 1 3 1 1 2 3 2 4 1 |1 2 1 1 1 2 1 1 4 1 1 2 1 4 1 1 |1 1 1 1 1 1 1 1 1 2 1 1 1 1 |3 1 1 1 1 1 1 1 1 |1 1 1 1 4 1 2 1 6 2 1 2 1 1 1 1 1 2 3 1 |1 1 1 1 1 1 1 1 1 1 2 2 1 |2 4 1 1 1 2 1 2 4 3 3 2 6 2 1 1 1 1 3 1 |1 1 1 1 2 1 |1 1 1 1 1 1 1 1 1 1 1 1 |fitness = 91.96559173091889

第32个BestWave: 
1 1 1 1 1 1 1 2 3 1 2 2 1 2 1 5 1 1 |1 1 1 1 1 2 1 1 1 1 1 |1 1 1 1 1 1 1 2 2 1 1 2 |1 1 2 1 2 1 2 2 1 3 3 2 1 1 1 1 |1 1 1 1 1 1 1 1 2 1 |3 1 3 2 1 1 2 1 2 2 2 2 1 2 1 4 1 |2 1 1 1 1 5 2 1 1 1 1 2 1 1 1 1 6 2 |1 1 1 1 1 1 2 |1 2 1 3 1 2 1 2 1 1 2 1 2 2 1 2 5 2 |1 1 1 3 2 2 2 4 1 3 1 1 1 1 1 2 1 2 1 |1 1 1 1 1 1 |1 1 1 1 1 1 1 2 1 1 |2 4 1 5 1 1 2 1 1 1 3 4 2 1 1 1 3 1 1 |1 1 1 1 1 1 1 3 1 |1 1 1 1 1 1 |2 2 1 1 1 2 2 1 3 1 3 1 1 1 1 1 1 |5 1 1 2 1 1 1 2 2 1 2 1 1 1 |1 1 1 1 1 1 1 1 |1 1 1 1 1 1 1 |2 1 3 4 2 1 1 2 3 1 1 1 2 2 1 2 |1 2 2 1 1 1 3 1 2 1 2 1 1 1 1 |1 4 1 1 1 5 1 1 3 1 2 1 1 4 1 1 1 2 |1 2 1 1 3 1 1 1 3 1 2 1 2 1 1 1 |2 2 1 1 1 2 1 1 1 1 1 1 1 1 |2 1 1 1 1 1 1 2 2 |1 1 1 1 5 5 1 2 2 2 2 1 2 2 2 1 1 1 4 1 |2 1 1 1 1 1 1 1 1 2 1 1 1 |3 1 1 3 1 3 2 1 1 2 1 1 4 1 2 1 1 1 1 2 |1 1 1 1 1 2 |2 1 1 1 1 1 3 2 1 2 1 1 |fitness = 91.24245100411018

第33个BestWave: 
1 1 2 1 1 4 1 1 2 1 1 1 1 3 1 4 3 1 |1 1 1 3 1 3 1 4 1 1 1 |1 2 2 1 1 2 1 6 1 1 3 1 |1 1 1 1 4 1 1 1 1 1 3 2 1 1 1 2 |1 1 1 1 1 1 1 1 1 1 |4 1 1 2 1 1 1 1 1 3 1 3 1 3 1 5 2 |2 1 1 3 2 1 1 1 1 1 1 2 4 2 1 2 4 1 |1 1 1 1 1 1 1 |2 1 1 1 1 4 1 3 2 2 1 1 1 3 1 2 2 1 |1 1 1 1 1 1 3 2 1 1 2 3 1 1 2 1 1 2 1 |1 1 1 1 1 1 |1 1 2 1 1 1 1 1 1 1 |1 1 3 6 2 1 1 1 2 1 4 1 2 1 1 1 1 3 1 |1 1 1 1 1 3 1 2 1 |1 1 1 1 1 1 |1 1 1 2 1 3 1 1 1 2 5 1 2 1 1 1 1 |4 1 1 1 2 1 2 1 1 1 1 1 1 1 |1 1 1 1 1 1 1 1 |1 1 1 1 1 1 1 |3 1 1 1 2 1 2 1 1 1 1 1 1 2 2 1 |1 2 1 1 1 1 1 1 1 1 2 1 1 2 2 |3 6 1 1 1 5 2 1 2 1 1 1 1 4 2 1 1 2 |1 1 1 1 1 2 1 2 1 2 1 2 2 1 2 1 |2 2 1 1 1 1 1 1 1 1 1 1 2 2 |4 1 1 1 1 1 1 1 1 |2 1 1 1 4 3 3 2 1 2 1 3 1 1 2 1 1 4 4 2 |1 1 1 1 1 1 1 1 2 1 1 1 1 |5 1 1 3 1 2 1 2 1 1 1 1 2 1 3 3 1 1 1 4 |1 1 1 1 1 1 |1 1 1 1 1 2 3 2 1 1 1 1 |fitness = 92.254983336741

第34个BestWave: 
4 1 1 1 1 1 4 3 1 1 2 2 1 3 1 5 2 1 |1 1 1 1 2 2 3 1 2 1 1 |1 1 1 1 2 2 1 5 1 1 1 2 |1 2 1 1 3 1 3 1 1 2 6 1 3 1 1 1 |1 1 1 2 1 1 1 1 1 1 |1 1 1 1 2 1 1 2 1 3 1 1 1 1 1 6 1 |3 1 1 1 1 1 1 2 4 3 2 1 2 1 1 1 1 1 |1 1 1 1 1 1 2 |1 1 2 2 4 2 1 1 1 1 2 2 3 1 1 1 2 1 |3 1 2 3 3 1 2 2 1 2 4 1 1 2 1 1 1 2 1 |1 1 1 1 1 1 |1 1 1 1 1 1 1 1 1 1 |2 2 1 5 1 5 1 1 1 2 6 3 2 1 1 2 5 1 1 |1 1 1 2 1 1 2 1 1 |1 1 1 1 1 1 |1 2 1 1 1 1 1 2 1 2 1 1 1 1 1 1 1 |1 1 1 2 1 2 1 1 1 1 1 2 1 1 |1 1 1 1 1 1 1 2 |1 1 1 1 1 1 1 |3 1 1 1 1 1 1 1 1 1 2 1 1 1 1 1 |1 1 1 1 2 1 1 1 2 1 2 1 2 1 1 |1 6 1 2 1 1 1 1 1 1 1 1 1 1 1 1 1 1 |1 1 2 2 1 1 1 1 1 1 1 5 1 2 3 1 |2 2 1 1 1 2 2 1 1 3 1 1 1 1 |1 1 1 1 1 1 2 1 1 |1 1 2 3 2 5 2 1 5 1 2 3 2 1 1 2 2 5 2 1 |3 1 1 1 1 1 1 1 1 2 2 1 2 |3 1 1 1 1 3 1 1 1 1 1 2 5 1 1 1 1 2 1 1 |1 1 1 2 1 2 |5 2 1 1 1 1 1 1 1 1 2 2 |fitness = 91.19191113856202

第35个BestWave: 
2 3 1 2 1 1 1 1 1 1 1 2 1 3 2 5 2 1 |1 1 1 3 1 1 1 3 1 2 1 |1 1 1 1 1 1 1 5 1 2 1 1 |1 2 1 1 5 1 2 2 1 2 1 1 1 1 1 1 |1 1 2 1 1 1 1 1 2 1 |5 1 1 1 1 1 2 1 2 1 1 1 3 2 3 4 1 |1 1 1 1 2 3 3 1 1 1 1 1 4 1 2 2 1 1 |1 1 1 1 1 1 1 |2 1 3 1 1 2 1 1 1 2 1 1 1 2 1 3 1 1 |2 1 1 2 2 1 2 2 1 1 1 3 1 1 3 1 1 6 1 |1 1 1 1 1 1 |1 1 2 1 2 1 1 1 1 2 |1 4 2 1 1 5 1 3 2 1 4 1 2 1 1 2 4 2 2 |1 1 2 1 1 1 1 2 1 |1 1 1 1 1 1 |1 1 4 2 1 2 3 1 2 1 3 1 1 2 1 1 2 |5 1 2 1 1 1 1 1 2 2 1 1 1 1 |1 1 1 2 1 1 1 1 |1 1 1 1 1 1 1 |1 2 1 1 2 2 1 1 1 1 1 2 1 1 1 1 |1 1 1 1 1 1 1 1 1 2 3 2 1 1 2 |1 3 1 1 1 4 1 1 1 1 1 2 2 1 1 1 1 1 |1 2 1 3 2 1 1 1 3 1 1 4 2 2 1 5 |1 1 1 1 1 1 1 1 1 3 1 1 1 1 |1 1 1 1 1 1 1 1 1 |1 2 1 1 5 6 2 1 5 1 1 1 1 1 1 1 1 3 3 1 |1 1 1 1 1 1 1 1 2 1 1 1 1 |2 2 1 1 3 2 1 1 1 1 1 3 2 1 1 2 1 3 3 1 |1 1 1 1 1 2 |1 1 1 1 4 2 3 1 1 1 1 2 |fitness = 92.31971617755086

第36个BestWave: 
2 1 1 1 2 1 1 1 1 3 5 2 2 4 1 6 4 1 |1 1 2 1 1 1 1 2 1 1 1 |2 1 1 1 1 1 1 2 2 1 1 1 |1 1 3 1 2 1 4 1 1 3 2 1 1 2 1 1 |1 2 1 1 1 1 1 1 2 1 |1 1 1 1 1 1 1 1 2 1 1 2 1 1 2 6 1 |2 1 1 2 1 1 2 2 4 1 1 1 1 1 1 3 1 1 |1 1 1 1 1 1 1 |2 1 2 1 1 1 1 1 1 1 1 1 1 1 1 2 1 2 |1 1 1 1 2 3 1 2 1 3 1 2 1 1 1 1 1 3 1 |1 1 1 1 1 1 |1 1 1 1 1 1 1 1 1 1 |1 1 1 2 2 4 1 1 1 1 2 1 1 4 1 1 3 1 1 |1 1 1 2 1 1 1 1 2 |1 1 1 1 1 1 |1 2 3 1 1 1 2 2 2 1 2 1 1 1 1 4 1 |6 1 1 2 1 2 1 1 1 1 1 1 1 1 |1 1 1 1 1 1 1 1 |1 1 1 1 1 1 1 |1 1 4 1 1 2 2 1 2 1 4 1 1 1 2 2 |1 1 2 1 1 1 1 1 2 1 1 2 1 1 1 |1 5 4 1 1 1 2 1 1 1 1 1 3 5 2 1 1 5 |2 2 1 5 1 2 1 2 4 2 1 4 1 1 5 2 |1 1 1 1 1 1 2 1 2 1 1 3 1 1 |1 1 1 1 1 1 2 1 1 |1 1 1 2 3 1 1 1 5 1 1 1 1 1 1 1 4 3 5 2 |1 1 1 2 1 1 1 2 1 1 1 1 1 |1 3 2 2 2 4 2 3 1 1 1 4 4 1 2 1 1 2 2 1 |1 1 1 1 1 1 |2 2 1 1 1 1 2 1 1 1 2 1 |fitness = 91.08726764831614

第37个BestWave: 
1 1 2 3 1 1 1 2 1 1 1 1 1 1 3 6 2 1 |1 1 1 1 1 1 1 1 1 1 1 |1 1 1 1 1 1 1 4 1 2 2 1 |1 1 3 4 2 1 3 1 2 1 4 1 2 1 1 1 |1 1 1 1 1 1 1 1 1 1 |3 2 1 2 1 2 2 1 2 1 1 1 1 5 2 1 1 |1 1 3 2 1 1 2 3 1 2 3 1 2 3 1 1 2 1 |1 1 1 1 1 1 1 |1 1 2 1 3 2 2 1 2 1 1 1 2 1 1 1 1 1 |3 2 2 4 2 1 4 1 1 1 1 4 1 2 1 1 1 1 3 |1 1 1 1 1 1 |1 1 1 1 1 1 1 1 1 2 |3 2 2 3 1 3 1 1 1 1 1 1 2 5 1 2 4 1 3 |1 1 2 6 1 1 1 1 2 |2 2 1 1 1 2 |5 1 4 3 1 1 2 1 2 1 1 1 1 1 1 1 2 |2 1 1 2 1 1 1 1 1 1 1 1 1 1 |1 1 1 2 1 1 1 1 |1 1 1 1 1 1 1 |1 1 2 1 1 1 1 2 1 1 1 1 2 1 1 1 |1 1 1 1 3 1 1 1 1 1 1 1 2 1 1 |1 5 1 1 1 2 2 1 3 1 1 1 1 4 1 2 2 3 |1 1 1 2 1 1 1 2 1 1 1 2 1 2 4 1 |1 1 1 1 1 1 1 1 1 1 1 2 1 2 |4 1 1 1 1 2 1 1 2 |1 2 1 1 4 3 1 2 2 2 1 2 1 2 1 1 1 2 4 1 |1 1 1 2 1 1 1 1 1 1 1 1 2 |1 1 3 1 1 4 1 1 1 1 1 5 3 1 2 1 1 3 2 1 |1 1 1 1 1 1 |1 1 1 2 1 2 6 1 1 2 1 1 |fitness = 91.41977487553379

第38个BestWave: 
1 1 3 1 1 1 2 1 1 1 1 2 1 4 1 3 2 4 |1 1 1 1 4 1 1 2 1 1 1 |1 2 1 1 1 1 1 3 1 1 1 1 |1 1 1 1 4 1 2 2 1 4 3 4 1 1 1 1 |1 1 1 1 1 1 1 1 1 1 |5 2 2 1 1 1 3 1 1 1 1 1 1 4 1 1 2 |1 1 1 2 1 5 3 3 1 4 1 3 1 1 2 1 2 1 |1 1 1 1 1 1 1 |1 2 1 2 1 2 1 1 1 1 3 2 1 1 2 2 1 1 |1 2 2 2 1 3 1 2 1 1 1 2 1 1 1 3 1 4 1 |1 1 1 1 1 1 |1 1 1 1 1 1 1 1 1 2 |2 2 1 4 1 1 1 1 2 1 3 1 1 1 1 1 1 2 1 |1 1 1 5 1 1 1 6 1 |1 1 1 1 1 1 |1 1 2 1 1 1 4 1 1 1 5 2 1 1 1 1 1 |2 2 1 1 1 2 1 2 1 1 2 1 1 1 |1 1 1 1 1 1 1 1 |1 1 1 1 1 2 1 |1 1 2 3 1 2 1 1 1 1 2 1 1 1 1 2 |1 2 1 1 1 1 1 1 1 1 1 1 1 1 3 |1 4 1 1 1 1 3 2 3 1 1 1 2 2 3 1 3 1 |4 1 1 2 4 1 1 1 1 2 1 1 1 2 1 2 |1 1 1 4 1 1 1 2 1 1 1 1 1 1 |1 2 1 1 1 1 1 1 1 |1 3 3 1 1 6 2 1 2 2 1 1 1 1 2 1 2 4 5 1 |2 1 1 1 1 1 1 1 2 1 1 2 1 |4 2 3 1 2 3 1 2 2 1 1 3 5 1 2 1 1 1 1 1 |1 1 1 1 1 1 |1 2 1 1 1 3 2 1 1 1 1 1 |fitness = 91.26950385732981

第39个BestWave: 
1 1 2 1 1 2 1 1 1 1 1 1 2 5 1 6 4 2 |1 1 2 2 1 1 1 3 1 2 1 |2 1 1 1 1 2 1 2 1 1 1 1 |1 1 1 1 1 2 3 1 3 1 4 1 1 1 1 2 |1 1 2 1 1 1 1 1 1 1 |2 1 1 2 1 2 2 1 1 1 1 1 1 2 1 4 1 |1 2 1 2 1 2 2 4 1 4 2 1 1 1 1 2 1 2 |1 2 1 1 1 1 1 |1 1 5 1 3 3 2 1 1 2 3 2 1 2 2 4 1 2 |1 2 1 2 1 1 4 1 1 1 3 1 1 1 1 1 2 1 2 |1 1 1 1 1 1 |2 1 1 2 2 1 1 1 1 2 |2 1 1 2 1 4 3 1 1 1 2 2 2 1 1 1 1 1 1 |1 2 1 5 1 1 1 1 1 |1 1 1 1 2 1 |1 2 1 2 1 1 1 1 2 1 1 2 2 2 1 1 1 |4 1 2 1 1 1 2 1 1 1 1 1 2 1 |1 1 1 1 1 1 1 1 |1 1 1 1 1 1 1 |1 2 1 1 1 2 1 3 1 1 1 1 2 1 1 2 |1 2 1 1 1 1 2 1 3 1 2 1 1 1 1 |1 2 2 1 1 2 1 1 1 1 1 1 1 1 1 1 2 3 |1 1 1 4 2 1 1 1 4 1 4 1 1 1 2 1 |1 1 1 2 1 1 1 1 1 1 1 3 2 1 |1 1 1 1 1 1 1 1 2 |1 1 1 1 6 5 3 1 2 2 1 1 3 1 2 2 1 1 5 2 |1 1 2 2 1 1 1 2 1 2 1 1 1 |6 2 1 1 2 5 1 2 2 1 1 1 5 4 1 2 1 1 2 2 |1 1 1 1 1 1 |2 1 1 1 1 1 1 1 1 1 1 1 |fitness = 91.12747087503672

第40个BestWave: 
1 2 1 1 1 1 3 1 1 1 1 1 3 3 3 6 2 2 |1 1 2 3 1 2 1 2 1 1 2 |1 1 1 1 1 1 1 2 1 2 1 1 |1 1 1 2 4 1 2 1 1 2 1 2 1 1 3 1 |1 1 1 1 1 1 1 1 1 1 |1 1 1 1 1 1 2 2 1 1 1 1 1 1 1 4 1 |1 2 1 3 1 3 1 1 1 3 2 1 1 2 1 1 1 1 |1 1 1 1 1 1 1 |2 1 4 1 3 5 1 1 1 2 1 2 1 1 1 2 4 1 |1 2 2 2 2 1 2 1 1 2 2 3 1 1 1 2 1 2 1 |1 1 1 1 1 1 |1 1 1 1 1 2 1 1 2 1 |2 2 1 2 4 2 1 1 4 1 4 1 1 6 1 1 1 1 1 |1 1 1 4 1 1 1 5 1 |1 1 1 1 1 1 |1 1 4 2 1 3 1 2 2 1 4 2 1 2 1 1 2 |4 1 1 1 1 2 1 1 1 1 1 1 1 2 |1 2 1 1 1 1 1 1 |1 1 1 1 1 1 1 |3 1 1 2 1 1 1 1 1 1 1 2 1 1 1 2 |3 1 1 1 1 2 2 2 2 2 1 1 1 1 2 |3 6 1 1 1 1 1 1 1 1 1 1 1 3 1 1 1 1 |1 2 1 1 5 1 2 1 1 1 1 1 1 1 2 2 |1 1 2 1 1 1 1 1 1 3 1 2 6 1 |1 1 1 1 2 1 1 1 1 |2 1 1 2 4 4 1 1 1 1 1 2 1 1 1 1 1 1 5 1 |1 1 1 1 2 2 1 1 2 1 2 1 1 |1 1 1 1 1 4 2 3 1 4 1 2 5 1 2 1 3 2 1 1 |1 1 1 1 1 1 |2 1 1 1 1 1 2 1 1 1 1 2 |fitness = 91.83208431811515

第41个BestWave: 
2 2 2 3 1 1 1 1 2 1 1 1 1 2 1 4 1 1 |1 1 1 2 2 3 1 2 1 1 1 |1 3 1 2 1 1 1 1 2 1 1 1 |1 1 2 1 3 1 6 1 1 1 5 1 1 1 1 1 |2 1 1 1 1 1 1 1 2 1 |1 1 1 1 1 1 1 1 2 2 1 2 1 3 1 4 1 |1 1 1 1 1 2 1 2 3 1 1 1 1 1 2 1 1 1 |1 1 1 1 1 1 1 |3 1 1 1 2 3 3 1 1 1 1 1 2 1 5 1 1 1 |3 1 2 1 1 2 6 3 1 1 1 3 1 2 2 1 1 1 1 |1 1 1 1 1 1 |1 1 1 1 1 1 1 1 1 1 |2 1 1 4 1 2 1 2 2 1 3 1 3 4 1 1 3 1 1 |1 1 1 4 2 1 1 1 1 |1 1 1 1 1 2 |1 1 4 1 1 3 1 1 1 1 1 1 2 1 1 1 1 |1 1 1 1 1 1 1 1 2 1 2 2 2 1 |1 1 1 1 1 1 1 1 |1 1 2 1 1 1 1 |1 3 1 1 1 1 1 1 3 1 1 1 2 1 1 1 |1 1 1 1 1 1 1 1 4 1 2 1 1 1 1 |1 6 1 1 1 1 2 1 1 3 1 1 1 5 1 1 1 5 |2 1 1 1 1 1 2 1 2 1 2 4 1 2 1 3 |2 3 2 1 1 1 1 1 2 1 1 1 1 1 |4 1 1 1 1 1 1 1 1 |1 2 2 2 3 5 2 1 2 1 1 1 1 1 1 1 2 4 2 2 |1 1 1 1 1 2 1 1 1 1 1 1 2 |1 3 1 1 2 3 2 2 1 2 3 1 5 1 1 2 1 1 1 1 |1 1 1 1 1 1 |1 2 1 1 1 1 3 2 2 1 1 1 |fitness = 91.04299200664884

第42个BestWave: 
1 1 2 1 1 3 1 1 2 1 1 1 1 1 1 5 3 1 |1 3 1 2 1 1 1 1 2 1 1 |1 2 1 1 1 1 1 1 1 1 1 1 |5 1 1 1 4 1 1 1 1 4 1 1 1 1 2 1 |2 1 1 1 1 1 1 1 2 1 |6 2 1 1 1 1 1 1 3 1 1 2 1 1 1 4 1 |1 1 1 5 1 3 3 1 4 1 1 1 1 1 2 1 1 2 |1 1 1 1 1 1 1 |1 1 1 1 3 5 1 1 1 1 1 1 2 2 1 1 3 1 |1 1 1 1 1 1 4 2 1 1 1 1 1 1 1 1 1 4 1 |1 1 1 1 1 1 |1 1 1 1 1 1 1 1 1 1 |1 1 1 5 1 4 1 1 2 2 2 1 2 4 2 1 2 1 1 |1 1 1 3 1 1 1 1 1 |1 1 1 1 1 1 |1 1 1 2 1 1 1 1 1 1 1 1 1 2 1 1 1 |1 1 1 2 1 1 1 1 1 1 1 1 1 1 |1 1 1 1 1 1 1 1 |1 1 1 2 1 1 1 |1 1 2 1 1 1 1 1 1 2 1 1 1 1 1 1 |1 1 1 1 1 1 2 2 1 2 1 1 1 2 1 |1 4 2 1 1 1 1 1 2 1 2 1 2 2 3 1 1 1 |3 1 1 1 2 1 1 1 5 1 1 1 1 1 3 1 |1 1 1 1 1 1 1 1 1 1 1 1 1 1 |1 2 1 1 1 1 1 1 1 |1 1 1 1 4 5 1 1 3 1 1 1 1 1 2 1 2 1 2 1 |1 1 1 1 2 1 1 2 1 1 1 1 2 |5 1 2 1 1 3 2 3 1 1 5 1 5 1 1 1 1 1 1 1 |1 1 1 1 1 1 |1 1 1 1 1 1 2 1 1 1 1 2 |fitness = 92.18137309902316

第43个BestWave: 
3 1 1 3 1 3 1 1 1 1 1 1 3 6 1 4 4 1 |1 1 1 2 1 1 1 1 1 1 1 |1 1 1 1 1 1 1 1 1 1 1 1 |1 1 1 1 3 1 3 1 1 1 4 2 2 2 1 1 |1 1 3 1 1 1 1 1 1 1 |5 1 1 1 1 2 1 3 2 1 1 1 1 4 2 3 1 |1 3 4 1 3 6 3 1 2 3 1 2 1 2 1 1 1 2 |1 1 1 1 1 1 1 |1 2 1 1 1 1 1 1 1 1 3 1 1 1 2 2 1 1 |1 3 1 1 2 3 4 1 1 5 2 1 3 1 1 1 1 2 1 |1 1 1 1 1 1 |1 1 1 2 1 1 1 1 1 1 |2 2 3 6 3 1 1 2 2 2 4 2 1 1 1 3 1 1 1 |1 1 1 2 1 1 1 1 1 |1 1 1 1 1 1 |2 2 4 4 1 1 1 1 1 1 5 1 2 1 1 1 1 |4 2 1 3 1 1 5 2 1 2 1 1 1 1 |1 1 1 1 1 1 1 2 |1 1 1 1 1 1 1 |1 1 1 1 1 1 2 1 1 1 1 1 1 1 1 1 |3 1 1 1 1 1 3 2 1 1 1 1 1 1 1 |1 6 1 2 1 2 2 1 1 1 1 1 1 1 1 1 1 3 |1 1 4 2 3 1 1 1 2 1 1 2 1 1 1 1 |1 2 1 1 1 1 1 1 1 1 1 1 3 1 |4 1 2 1 1 2 2 1 1 |2 1 1 3 3 1 2 1 2 2 1 1 2 1 1 1 1 4 4 1 |1 1 1 3 2 1 2 1 1 1 1 1 1 |1 1 1 1 2 3 1 1 1 1 3 1 5 1 1 1 1 1 1 1 |1 1 1 1 1 1 |2 1 2 1 1 2 1 1 1 1 1 1 |fitness = 91.76267761617895

第44个BestWave: 
2 1 1 2 1 1 1 1 1 1 3 1 3 5 2 6 1 1 |1 1 2 1 1 1 2 2 1 1 1 |1 1 2 1 1 1 1 4 1 1 2 1 |1 2 1 1 5 4 3 2 2 2 4 1 1 2 4 1 |1 1 1 2 1 2 1 1 1 1 |3 1 1 1 1 2 1 1 2 1 1 1 1 1 1 5 1 |1 2 1 1 1 3 1 1 1 1 1 2 1 1 2 1 1 2 |1 1 2 1 1 2 1 |2 1 3 2 2 1 1 2 1 2 1 1 1 3 1 2 2 1 |2 2 1 1 1 1 4 1 1 1 1 1 3 1 2 3 1 2 1 |1 1 1 2 1 1 |1 1 1 1 1 2 1 1 1 1 |1 4 1 2 1 3 2 1 2 3 3 1 2 3 2 1 1 1 1 |1 4 1 5 1 1 1 3 1 |1 1 1 1 1 1 |1 1 3 1 2 1 1 4 1 3 2 1 1 2 1 1 1 |6 1 1 1 1 1 2 2 1 1 1 1 1 1 |1 1 1 1 1 1 1 1 |1 1 1 1 1 1 1 |1 1 3 1 1 1 1 1 1 3 2 1 1 2 1 1 |1 2 1 1 1 1 1 1 1 1 1 1 1 2 1 |1 3 1 2 1 4 1 1 5 1 2 1 1 1 1 2 1 5 |1 2 1 3 1 1 1 1 1 2 2 1 1 1 2 3 |1 1 1 2 1 2 1 2 1 1 1 2 1 1 |1 1 1 1 2 1 1 1 1 |1 1 1 1 3 2 1 1 5 1 2 1 1 1 1 2 1 3 4 1 |2 1 1 1 1 1 1 1 1 1 1 1 1 |2 2 2 1 1 2 1 2 1 1 1 1 6 1 3 1 1 3 1 1 |1 1 1 1 1 1 |3 1 2 1 1 1 2 1 1 1 2 1 |fitness = 92.34536539092944

第45个BestWave: 
1 2 3 1 2 2 1 2 1 2 5 3 1 5 1 6 3 1 |1 2 2 1 1 1 1 3 1 1 1 |1 1 1 1 1 1 2 1 1 1 1 1 |1 1 1 1 1 1 4 2 1 1 1 1 1 1 1 1 |1 1 1 1 1 1 1 1 1 1 |2 1 1 1 1 1 1 1 1 1 2 2 1 3 1 5 1 |1 1 2 3 2 3 2 5 2 3 1 1 3 1 1 1 4 1 |1 2 1 1 1 1 1 |2 1 1 1 2 5 3 1 1 1 4 1 1 1 1 2 5 3 |1 1 1 3 1 1 4 1 2 1 1 1 1 1 1 1 2 1 1 |1 1 1 1 1 1 |1 1 2 1 1 1 1 1 1 1 |1 2 2 3 1 4 1 1 1 2 3 1 1 1 2 1 5 1 2 |1 1 1 3 1 2 1 1 1 |1 1 1 1 1 1 |2 1 1 2 1 3 2 2 1 2 2 1 1 1 2 1 1 |2 1 1 2 1 2 2 1 2 1 2 1 2 1 |1 1 1 1 1 1 1 1 |1 2 1 1 1 1 1 |2 1 2 1 1 1 2 3 1 1 1 1 1 1 2 1 |1 1 1 1 1 1 1 1 1 1 2 1 1 1 1 |1 5 2 1 1 3 2 1 1 1 3 1 1 1 3 1 1 1 |2 1 1 1 1 1 1 3 3 1 1 4 1 3 1 4 |1 1 1 1 2 1 1 1 1 1 1 1 2 1 |1 1 1 1 1 1 1 1 2 |1 1 1 1 4 6 1 1 2 2 1 1 1 1 1 2 1 3 6 1 |1 3 1 3 1 1 1 1 1 1 1 1 2 |2 2 1 1 1 2 1 1 1 2 1 1 1 1 1 1 3 1 1 1 |1 1 1 1 1 2 |1 2 1 1 1 1 3 1 1 1 1 4 |fitness = 92.44607778962738

第46个BestWave: 
1 1 2 1 1 1 1 1 2 1 1 2 1 3 1 4 4 2 |1 1 1 1 1 1 1 2 1 1 1 |1 1 1 1 1 1 2 1 1 1 1 1 |1 1 1 1 3 1 5 1 1 2 4 2 1 1 1 2 |1 1 1 2 1 1 1 1 1 1 |1 1 1 1 1 1 1 2 1 1 1 1 1 1 1 5 1 |1 1 1 1 1 5 2 1 1 1 1 3 3 1 1 2 2 1 |1 1 1 1 1 1 1 |1 1 1 1 2 1 1 1 1 1 3 1 1 2 3 1 1 2 |2 2 1 2 1 2 1 1 1 3 2 1 1 1 1 1 1 2 1 |1 1 1 1 1 1 |1 1 1 1 1 1 1 1 1 2 |1 3 1 4 2 2 4 1 1 1 3 2 2 2 1 1 6 1 1 |1 1 2 2 1 1 1 2 2 |1 1 1 1 1 1 |1 1 4 1 1 1 1 2 1 1 2 1 2 1 1 1 1 |4 1 1 1 1 1 1 3 1 1 1 1 1 1 |1 1 1 1 1 1 2 1 |1 1 1 1 1 1 1 |1 1 2 1 1 1 3 2 5 4 2 1 1 1 1 1 |2 1 1 1 2 4 2 1 1 2 2 1 1 2 1 |2 6 2 1 2 2 1 1 3 1 1 1 1 3 2 1 1 3 |1 1 2 1 1 1 1 1 1 1 1 1 1 1 2 4 |1 1 1 1 1 3 1 2 2 1 1 1 2 1 |1 1 1 1 1 1 1 1 1 |1 2 1 2 1 5 1 2 6 2 1 2 1 1 2 1 1 5 6 2 |1 1 1 3 1 1 1 1 4 1 2 1 1 |3 1 3 1 2 6 3 1 1 1 3 1 1 1 4 1 1 1 4 2 |1 1 1 1 1 1 |3 1 1 1 3 1 1 1 1 1 1 1 |fitness = 91.67794716855109

第47个BestWave: 
1 1 1 1 3 1 1 1 1 3 1 3 1 3 1 4 1 1 |1 1 1 1 1 1 1 2 1 1 1 |1 1 1 2 2 1 1 1 2 2 1 1 |1 1 1 1 2 1 2 1 1 2 3 3 1 2 1 1 |2 1 1 1 1 1 1 1 1 1 |6 1 1 2 1 2 1 1 1 1 1 1 2 1 1 4 1 |1 1 1 6 3 5 1 2 2 1 1 2 1 3 1 3 1 1 |1 1 1 1 1 1 1 |1 1 1 1 2 2 1 1 1 1 1 1 1 1 1 1 1 1 |2 2 1 1 2 1 1 1 1 6 1 2 1 1 1 1 1 2 3 |1 1 1 1 1 1 |1 1 1 2 1 1 1 1 1 1 |1 3 1 1 1 1 2 3 2 2 1 1 1 6 2 1 2 1 1 |1 1 1 4 1 1 2 1 2 |1 1 1 2 1 1 |1 1 1 1 2 2 1 1 2 1 1 1 1 1 2 1 2 |6 1 1 2 1 1 1 1 1 1 1 1 1 1 |1 1 1 1 1 1 1 1 |1 1 1 1 2 1 2 |1 1 4 1 1 1 1 1 2 1 1 1 1 1 1 1 |1 3 2 1 1 1 2 1 3 1 3 1 2 1 1 |2 4 1 2 2 1 5 1 1 1 2 2 1 3 1 2 1 1 |1 1 1 1 3 1 1 1 2 2 1 1 1 1 4 1 |1 1 1 1 1 2 2 1 2 1 1 3 1 1 |6 1 1 1 2 1 2 1 1 |1 2 1 1 3 6 2 1 5 2 1 2 1 1 1 2 2 1 6 1 |3 1 1 1 1 1 1 1 2 1 2 1 1 |4 2 3 1 2 3 1 1 1 1 5 2 6 1 2 3 1 1 1 1 |1 1 1 2 1 1 |1 1 1 1 1 1 2 1 1 1 1 1 |fitness = 91.87101810528027

第48个BestWave: 
1 1 3 1 3 2 1 1 1 1 1 1 1 3 1 4 3 2 |1 1 2 3 1 1 1 1 1 1 1 |1 1 1 1 1 2 1 2 2 1 2 1 |1 1 1 1 1 2 5 1 2 1 5 2 2 2 4 1 |1 1 1 1 1 1 1 1 1 1 |3 2 1 1 1 1 1 1 1 1 1 1 1 1 1 6 1 |1 2 1 1 1 1 2 1 2 4 1 1 1 3 1 1 1 1 |1 1 1 2 1 1 1 |1 2 1 1 1 1 2 2 1 2 2 1 1 2 1 1 1 1 |2 1 4 3 1 1 1 1 1 2 2 3 1 1 1 2 1 2 1 |1 1 1 2 1 1 |1 1 2 1 1 1 1 1 1 1 |2 1 1 2 1 2 1 2 1 3 5 3 1 2 1 2 3 1 2 |2 1 2 5 1 1 1 2 1 |3 1 2 1 1 1 |1 2 3 1 2 1 2 1 1 1 2 1 1 1 2 1 2 |5 1 1 1 1 1 6 1 2 1 1 2 1 1 |1 1 1 1 1 2 1 1 |1 1 1 1 1 1 1 |1 1 2 1 1 1 2 1 1 1 1 1 1 3 1 2 |1 1 1 1 1 1 1 1 2 1 1 1 1 1 1 |1 5 1 1 2 2 1 2 3 1 3 1 3 3 1 1 1 3 |1 1 1 1 1 2 1 2 1 1 1 1 1 2 2 2 |1 1 1 3 1 1 1 3 1 1 1 1 2 1 |1 1 1 1 1 1 1 1 1 |1 1 2 1 4 6 2 2 6 1 1 1 2 1 2 2 1 1 6 1 |1 1 1 1 1 1 1 2 1 1 1 1 1 |3 1 2 1 1 1 1 3 3 1 2 2 6 1 3 2 2 1 2 1 |1 1 1 1 1 1 |1 1 1 1 1 2 1 1 2 1 1 1 |fitness = 92.08954845193317

第49个BestWave: 
1 1 1 1 2 3 1 2 1 1 2 3 1 2 1 5 2 1 |1 1 1 1 2 4 2 1 1 1 2 |1 1 1 1 1 2 1 2 2 2 1 1 |4 1 1 1 1 1 2 1 2 1 2 1 1 1 1 1 |1 1 1 1 1 2 1 1 1 2 |4 1 2 3 1 3 1 1 1 1 1 2 1 4 2 5 1 |2 3 3 1 1 2 2 1 4 1 1 1 2 2 1 1 1 1 |1 1 1 1 1 1 2 |1 1 3 1 1 4 1 1 2 1 2 1 1 1 1 3 3 1 |1 1 2 2 2 1 5 1 1 5 2 2 2 1 1 1 2 1 1 |1 1 1 1 1 1 |1 2 1 1 1 1 1 1 1 1 |2 2 2 2 1 2 5 1 1 3 4 1 2 4 2 2 2 1 1 |1 1 2 3 1 1 1 2 2 |1 1 1 1 1 1 |1 1 4 1 2 1 1 3 1 2 5 1 1 2 1 1 1 |3 1 1 1 1 3 1 1 2 1 3 1 2 1 |1 1 1 1 1 1 1 1 |1 1 1 1 1 1 1 |2 1 1 1 1 2 1 1 3 1 1 1 1 1 4 1 |1 1 1 1 1 2 1 1 2 1 2 2 3 1 1 |2 6 1 1 1 1 1 2 1 1 2 1 1 1 1 2 1 3 |1 1 1 1 1 1 1 1 1 1 2 1 1 1 1 1 |2 1 1 1 2 2 2 1 1 1 2 1 1 1 |4 1 1 1 1 1 1 1 1 |1 3 1 1 1 6 2 1 3 1 1 1 2 2 1 1 1 1 4 1 |1 2 1 2 1 1 1 1 1 1 1 1 1 |2 1 1 1 1 2 1 3 1 1 1 1 5 1 3 1 1 1 2 1 |1 1 1 1 2 1 |2 1 1 1 1 1 3 1 1 1 1 1 |fitness = 91.39559370724093

第50个BestWave: 
1 2 2 1 2 1 1 1 1 3 1 2 2 3 1 5 2 1 |1 1 1 5 2 3 1 1 1 1 1 |2 1 1 1 1 2 1 3 1 1 1 1 |1 1 1 2 4 1 1 1 1 1 5 2 3 1 2 1 |1 1 1 1 1 1 1 1 1 1 |1 3 1 1 2 1 1 2 1 1 2 1 1 3 1 4 1 |2 1 1 1 1 3 1 1 4 1 1 1 2 2 1 2 1 1 |1 1 1 1 1 1 1 |2 1 3 1 3 1 1 1 2 2 1 1 1 1 2 1 3 2 |1 2 1 1 2 1 3 1 1 2 3 1 1 1 2 1 1 1 1 |1 1 1 1 1 1 |1 1 1 1 1 3 1 1 1 1 |1 1 1 5 1 1 2 1 1 1 2 1 2 6 1 1 5 2 1 |1 1 1 5 1 1 1 3 1 |1 1 1 1 1 1 |3 1 1 1 1 1 1 1 1 2 5 1 1 1 1 2 4 |5 1 1 1 2 1 1 1 1 1 2 1 1 1 |1 1 1 1 1 1 1 1 |1 1 1 1 1 1 1 |2 1 2 2 2 1 2 1 1 1 1 2 1 2 1 1 |1 1 1 1 1 1 1 1 1 1 1 1 1 1 1 |1 4 3 2 1 2 2 1 2 2 1 2 1 1 3 2 1 1 |2 1 3 1 4 1 2 1 1 1 2 2 1 1 2 1 |1 1 1 2 1 1 1 1 1 2 1 1 3 1 |1 1 1 1 1 1 1 1 1 |1 1 1 2 2 6 2 1 3 2 2 1 1 1 1 1 2 3 4 1 |1 2 1 2 1 4 1 2 2 1 1 2 1 |3 1 1 2 2 1 1 2 1 2 2 2 2 1 3 3 1 3 2 1 |1 1 1 1 1 1 |1 1 1 1 1 1 6 1 1 1 1 1 |fitness = 93.21577728739989

第51个BestWave: 
2 1 2 2 2 1 1 1 1 1 1 1 1 3 1 3 2 1 |1 1 1 1 1 1 2 2 1 1 1 |2 1 1 1 1 1 1 2 1 1 1 1 |1 1 1 1 5 1 2 1 3 1 3 2 2 1 2 1 |2 1 2 1 1 1 1 2 1 1 |1 1 1 1 1 1 1 1 2 1 2 1 2 2 1 5 2 |1 1 2 2 1 2 1 3 1 4 1 1 2 1 1 1 1 1 |1 1 1 2 1 1 1 |3 1 2 3 1 3 1 1 2 1 4 1 1 1 2 1 1 1 |1 2 3 4 1 1 1 1 1 2 2 3 2 1 4 2 1 1 2 |1 1 1 1 1 1 |1 1 1 1 1 1 1 1 1 1 |3 5 2 4 2 5 1 1 2 1 5 1 2 2 1 1 1 2 1 |1 1 1 4 1 1 1 2 1 |1 1 1 1 1 1 |1 1 4 1 1 1 2 2 3 1 2 1 1 1 1 1 1 |2 1 2 1 1 1 1 1 3 1 1 1 1 1 |1 1 1 1 1 1 1 1 |2 1 1 1 1 1 1 |2 1 2 1 1 1 1 2 2 1 1 3 1 1 1 2 |1 1 1 1 1 1 1 1 1 1 1 1 3 1 1 |1 4 1 1 1 1 2 2 1 1 3 1 1 4 1 1 2 1 |1 1 1 1 2 1 1 1 1 1 1 2 1 1 1 1 |2 1 1 3 1 1 1 1 1 1 1 2 2 1 |2 1 1 1 1 1 1 1 1 |1 1 2 3 4 6 3 1 2 2 1 1 2 1 1 1 3 1 5 1 |1 1 1 1 1 1 1 2 1 1 1 1 1 |1 2 1 1 3 3 2 2 1 1 4 1 2 2 1 2 1 2 1 1 |1 1 1 1 1 1 |1 1 2 1 1 1 2 1 2 1 1 1 |fitness = 90.88574163861584

第52个BestWave: 
2 1 2 1 4 1 3 3 1 1 1 3 1 2 1 5 2 2 |1 1 1 1 1 1 1 1 1 1 2 |1 1 1 1 1 1 1 6 1 1 3 1 |1 1 1 1 2 1 1 1 1 4 6 2 2 1 1 1 |1 2 1 1 1 1 2 1 1 1 |1 1 1 2 1 1 1 1 1 1 2 2 1 1 1 4 1 |2 1 2 1 1 3 4 4 1 1 1 1 3 1 1 1 1 5 |1 1 1 1 1 1 1 |2 1 3 1 2 2 1 1 2 1 3 1 1 1 2 1 1 1 |3 1 3 2 2 2 5 2 1 1 2 2 1 1 1 1 1 1 1 |1 1 1 1 1 1 |1 1 1 1 1 1 1 1 1 1 |2 5 2 3 3 4 1 2 1 1 3 1 1 2 1 2 1 2 1 |1 1 1 1 1 1 1 1 1 |1 1 1 1 1 1 |1 2 1 1 1 1 1 1 1 1 1 1 1 2 1 1 1 |4 1 1 3 1 1 3 3 1 1 1 2 1 1 |1 1 1 1 1 2 1 1 |1 2 1 1 1 1 1 |3 2 1 1 1 3 1 1 1 1 2 2 1 2 1 1 |1 2 1 1 1 1 2 1 1 1 1 1 2 1 1 |2 6 2 1 1 1 1 1 2 1 2 1 3 1 1 1 1 1 |1 1 1 1 1 2 1 1 1 1 1 1 1 1 1 1 |1 1 1 1 1 1 2 1 1 2 2 1 1 1 |3 1 1 1 1 1 1 2 1 |1 1 3 1 3 4 4 1 5 2 1 1 1 2 1 1 2 2 4 1 |1 1 1 1 1 1 1 1 3 1 1 1 1 |3 1 3 1 1 6 1 1 1 1 3 5 5 1 1 1 2 1 1 2 |1 1 1 1 1 1 |2 1 3 1 1 1 5 1 1 1 1 3 |fitness = 91.03757279098184

第53个BestWave: 
1 1 1 1 1 1 1 1 1 3 1 2 1 4 1 6 1 1 |1 1 1 1 1 1 1 1 1 1 2 |3 1 1 1 1 1 2 4 1 1 1 1 |1 1 1 1 1 1 3 1 4 4 3 3 1 1 1 1 |1 1 1 1 2 1 1 1 1 1 |1 2 1 2 1 1 2 1 1 1 1 1 1 1 4 6 1 |1 3 5 2 1 5 2 1 2 4 1 1 3 2 1 1 1 1 |1 1 1 1 1 1 1 |2 2 1 1 3 3 1 1 2 1 1 2 1 1 2 2 3 2 |2 1 2 1 2 1 1 1 1 2 1 1 1 2 1 2 2 1 2 |1 1 1 1 1 1 |1 1 1 1 1 1 1 1 1 1 |1 1 3 2 2 3 1 1 2 2 4 2 3 1 1 2 5 1 1 |2 1 4 4 1 1 1 3 1 |2 1 1 1 1 1 |1 3 3 1 1 1 1 1 1 3 1 1 3 1 1 1 1 |3 1 1 1 1 1 3 1 1 1 2 1 1 1 |1 1 1 1 1 1 1 1 |1 1 1 1 1 1 1 |1 1 1 2 1 1 1 2 1 1 1 1 2 1 4 2 |1 1 1 1 1 1 1 2 1 1 1 1 1 1 1 |3 5 1 1 1 1 1 2 2 2 1 2 1 1 1 1 1 1 |1 1 1 1 2 1 1 1 1 2 2 4 1 1 2 2 |2 1 1 2 2 1 1 1 1 1 1 1 1 1 |1 1 1 1 1 1 1 1 1 |1 1 2 1 5 5 3 1 5 1 3 1 4 1 1 3 1 3 3 1 |1 1 1 1 1 1 1 2 2 2 1 1 1 |3 1 1 2 1 2 1 1 1 4 1 4 1 1 2 3 1 1 1 1 |1 1 1 1 1 1 |2 1 1 3 1 1 1 1 1 1 1 1 |fitness = 92.08488536470237

第54个BestWave: 
1 3 2 1 2 2 2 4 1 1 1 1 1 5 2 6 2 1 |2 1 1 1 1 2 1 1 1 2 1 |1 2 1 1 1 3 1 1 1 1 1 1 |3 1 2 1 1 2 2 1 1 2 4 1 1 1 1 1 |1 1 1 1 1 1 1 1 1 1 |2 2 1 2 1 2 1 2 1 1 1 1 1 4 1 6 1 |3 2 1 1 1 5 1 3 1 1 1 1 2 2 1 3 2 1 |1 2 1 1 1 1 1 |2 2 1 1 3 2 2 1 1 4 3 1 1 1 1 1 4 2 |1 1 2 2 1 1 1 1 1 2 1 1 2 3 1 4 1 2 2 |1 1 1 1 1 1 |1 1 1 1 1 2 1 2 1 1 |1 3 2 2 1 1 1 1 1 1 4 1 5 1 3 2 4 1 1 |1 2 1 5 1 1 1 2 1 |1 1 1 1 1 1 |1 3 2 1 2 1 1 1 1 1 4 2 1 1 1 1 1 |5 1 1 1 2 1 1 1 1 1 1 1 1 1 |1 2 1 1 1 1 1 1 |1 1 1 1 1 1 1 |1 1 2 1 1 1 1 2 1 2 1 1 1 1 2 1 |1 2 1 1 1 1 2 1 1 2 1 1 1 1 1 |1 5 4 1 1 2 1 2 1 2 1 2 1 1 1 2 2 2 |1 1 1 2 4 1 2 1 1 1 1 4 2 1 3 1 |1 1 1 1 1 1 1 1 1 1 2 2 1 2 |1 1 1 1 1 1 1 1 1 |1 1 1 1 1 5 1 2 5 1 1 1 1 2 2 2 3 1 2 1 |1 1 1 2 1 1 1 1 2 1 1 1 1 |4 1 1 1 1 3 1 1 1 5 1 2 4 1 1 2 1 1 1 2 |1 1 1 1 1 1 |1 1 1 1 1 2 3 1 1 1 1 2 |fitness = 91.77474724142468

第55个BestWave: 
1 1 1 2 1 1 1 1 1 1 2 5 1 6 1 6 2 1 |1 1 1 1 1 1 1 1 2 2 1 |1 1 1 1 1 1 1 6 1 1 1 1 |1 1 1 3 1 2 4 1 2 2 3 3 1 1 1 1 |1 1 2 3 1 1 1 1 1 1 |4 1 1 1 1 1 1 1 6 1 2 1 4 2 1 3 1 |1 2 3 1 1 1 1 1 2 5 1 1 1 1 1 1 1 1 |1 1 1 1 1 1 1 |1 1 1 1 1 2 1 1 1 3 1 1 1 1 1 1 1 1 |1 3 1 1 3 2 1 1 2 1 1 2 1 1 2 1 1 1 1 |1 1 1 1 1 2 |1 1 1 1 1 1 1 1 1 1 |1 3 1 6 1 1 3 1 3 2 6 1 3 1 2 2 6 1 1 |1 1 1 5 1 1 3 1 1 |1 1 1 1 1 1 |2 1 1 1 1 2 1 3 1 1 3 1 1 2 1 2 1 |6 1 1 1 1 2 1 1 1 1 1 1 1 2 |1 1 1 1 1 2 1 1 |1 1 1 1 1 1 1 |2 1 4 1 1 1 2 1 2 1 1 4 1 2 1 1 |1 1 2 1 1 1 1 1 1 3 1 2 2 2 1 |1 3 1 1 1 1 2 1 1 1 1 1 1 3 1 1 1 1 |1 1 1 1 2 1 1 1 1 1 1 3 1 1 4 1 |1 1 1 4 1 1 2 1 1 2 3 2 1 1 |1 1 1 1 1 2 1 1 1 |1 1 1 1 4 5 1 1 1 1 3 1 1 1 2 2 1 4 2 1 |1 1 1 1 1 1 2 1 1 1 3 1 1 |2 1 1 1 1 6 3 2 2 3 1 2 2 1 1 1 1 1 3 1 |1 1 2 1 1 1 |1 1 1 2 1 1 3 1 1 1 1 2 |fitness = 92.6039188956575

第56个BestWave: 
1 2 1 3 1 1 1 2 2 1 1 1 1 4 1 6 1 3 |1 1 1 1 2 1 1 1 1 1 1 |1 1 1 1 1 1 1 1 1 1 1 1 |1 1 1 1 3 1 2 2 1 2 3 2 1 1 1 1 |1 1 1 1 1 2 2 1 1 1 |4 1 1 1 2 2 1 1 2 1 2 1 2 1 1 5 1 |1 1 1 1 1 2 2 1 2 1 2 3 1 1 2 3 1 1 |1 1 1 1 1 1 1 |1 1 2 1 4 2 1 1 2 1 3 1 1 1 3 1 4 2 |1 1 1 1 1 1 1 2 1 1 2 2 1 1 1 2 1 2 1 |1 1 1 1 1 1 |1 1 1 1 1 1 1 1 1 1 |3 1 1 5 1 1 1 1 1 1 5 1 2 1 1 3 5 2 1 |1 1 1 3 1 1 1 1 1 |1 1 1 1 1 1 |3 1 3 1 1 1 1 1 1 1 1 3 1 1 1 1 1 |4 2 1 4 1 1 3 1 1 1 1 1 1 1 |1 1 1 1 1 2 1 1 |1 1 1 1 1 1 1 |3 1 2 1 1 1 2 1 2 1 1 1 1 1 3 1 |2 1 1 1 1 1 1 1 1 1 1 1 1 3 1 |1 4 1 1 1 3 2 1 1 2 5 1 3 1 1 1 1 1 |1 1 1 1 1 1 1 1 2 2 2 2 1 1 2 1 |1 1 1 1 1 2 1 1 1 1 1 1 2 2 |1 1 1 1 1 1 1 3 1 |3 2 1 2 2 3 2 2 3 1 1 1 1 1 1 1 1 2 3 1 |1 2 1 1 1 1 1 1 1 1 1 1 1 |3 2 1 1 2 5 1 2 1 4 2 2 3 1 1 1 2 2 1 2 |1 1 1 1 1 1 |1 1 1 1 1 2 3 1 2 1 2 1 |fitness = 90.93887659929732

第57个BestWave: 
1 1 1 2 2 1 1 1 1 1 3 2 1 4 1 5 3 1 |1 2 1 2 1 1 1 1 1 1 1 |3 1 1 1 1 1 1 2 1 1 1 2 |1 1 1 1 4 1 2 1 1 3 3 1 1 1 1 1 |1 1 1 1 1 1 1 1 1 1 |5 1 1 1 2 2 1 2 1 1 2 1 1 3 3 5 1 |1 1 2 1 1 4 4 1 4 1 2 2 2 1 2 3 3 1 |2 1 1 1 1 1 1 |1 1 2 1 4 2 1 1 1 2 3 1 1 1 1 1 1 1 |5 1 1 1 2 1 4 1 1 2 1 1 3 1 2 1 2 1 2 |1 1 1 1 1 1 |1 1 2 1 1 1 1 3 1 1 |2 2 3 5 1 3 1 5 2 3 4 1 1 1 2 3 5 1 1 |1 1 1 4 2 1 1 1 1 |1 1 1 1 1 1 |1 1 2 1 2 2 1 1 1 1 4 3 2 1 1 2 1 |1 1 1 2 1 1 1 1 1 1 1 1 3 1 |1 1 1 1 1 1 1 1 |1 1 1 2 1 1 1 |1 2 1 1 1 2 1 1 1 1 1 1 1 1 3 1 |2 1 1 1 1 1 1 1 1 3 1 1 1 1 1 |1 2 2 2 1 1 2 1 1 1 2 1 1 1 1 2 1 1 |2 1 1 2 1 3 1 1 3 1 1 3 1 1 3 1 |1 1 1 1 1 1 2 1 1 1 2 1 2 1 |2 1 1 1 1 1 2 1 1 |2 1 1 3 4 1 1 3 2 1 1 2 1 1 1 2 1 3 5 1 |1 1 1 1 1 1 1 1 1 1 1 1 1 |6 2 1 1 1 5 1 2 3 2 1 3 3 1 1 1 1 1 1 1 |1 1 1 1 1 1 |1 1 1 1 1 1 4 1 1 1 1 1 |fitness = 91.96212443232852

第58个BestWave: 
1 1 1 1 1 1 1 1 1 1 1 4 1 1 1 5 2 1 |3 1 1 5 1 1 1 2 1 1 1 |1 1 1 1 1 1 1 2 1 1 1 1 |2 1 1 1 1 1 4 1 2 2 1 4 1 1 1 1 |1 1 1 1 1 1 1 1 1 1 |2 1 1 1 1 2 1 2 1 1 1 1 2 2 1 4 1 |1 1 1 1 1 1 4 3 4 3 1 1 5 1 1 2 1 1 |1 2 1 1 1 1 1 |1 1 1 1 1 1 1 1 1 1 3 1 2 1 2 1 4 2 |2 1 2 4 1 1 5 2 1 3 1 2 2 3 5 1 3 2 1 |1 1 1 1 1 1 |1 1 1 1 1 2 1 1 1 1 |3 2 2 1 2 1 1 1 1 2 4 3 1 1 1 1 3 1 1 |1 1 1 2 1 1 1 1 1 |1 1 1 1 1 1 |1 1 1 1 1 1 2 3 3 1 2 2 3 1 1 1 2 |1 1 2 1 1 2 2 1 1 1 1 1 1 1 |1 1 1 1 1 1 1 1 |1 1 1 1 1 1 1 |1 1 2 2 1 1 1 2 2 1 1 1 1 1 1 1 |1 2 1 1 1 1 1 1 1 1 1 2 1 2 1 |2 5 2 1 1 5 1 1 1 1 3 1 1 1 1 1 3 1 |1 1 1 1 1 1 1 4 3 1 1 4 2 1 1 2 |1 2 2 1 1 1 1 1 1 1 1 1 2 1 |1 1 1 1 1 1 1 1 1 |1 1 1 1 3 5 1 1 4 2 1 1 1 1 3 1 1 1 1 2 |1 1 1 1 1 1 1 1 1 1 1 2 1 |2 2 1 1 1 4 1 2 1 1 1 2 5 1 1 3 1 1 1 1 |2 1 1 1 1 2 |1 2 1 2 1 1 3 1 1 1 1 1 |fitness = 91.26190156954775

第59个BestWave: 
1 1 2 2 1 3 4 1 1 1 1 1 1 4 1 5 2 2 |2 1 1 3 1 2 2 1 1 1 1 |1 1 1 1 1 2 1 1 1 2 1 1 |4 1 1 1 3 2 4 1 2 1 1 1 1 1 1 1 |1 1 1 1 2 1 1 1 1 1 |3 1 1 3 2 3 3 1 1 1 3 2 1 1 2 4 1 |2 1 3 1 1 6 3 1 2 1 1 2 2 1 1 3 2 1 |1 1 1 1 1 1 1 |1 1 1 1 2 1 3 3 1 1 2 1 3 1 1 1 3 1 |2 1 2 1 1 1 1 1 1 1 2 2 2 1 4 1 2 1 1 |1 1 1 1 1 1 |1 1 1 1 1 1 1 1 1 1 |1 1 1 3 1 1 1 1 1 2 2 1 2 1 1 3 2 3 1 |1 1 5 4 1 1 1 2 1 |1 1 1 1 1 1 |1 2 3 2 1 2 1 2 1 1 2 2 1 1 1 1 1 |2 3 1 4 1 1 1 1 1 2 2 1 2 1 |1 1 2 2 1 1 1 1 |1 2 1 1 1 1 1 |2 1 1 1 2 1 1 1 1 1 1 1 1 1 1 1 |1 1 1 1 2 1 1 1 2 1 1 1 1 1 1 |1 4 3 1 1 3 1 1 2 2 1 1 1 4 1 1 2 3 |1 1 1 2 2 1 1 1 1 1 2 4 1 1 1 1 |1 1 2 1 1 2 1 1 1 1 1 1 2 1 |2 1 1 1 1 1 1 1 1 |1 1 1 2 5 6 2 3 5 1 1 1 1 1 2 1 3 1 6 2 |1 1 1 1 2 1 1 1 1 1 2 1 1 |1 2 1 1 1 3 2 2 2 1 3 1 4 1 3 1 1 3 1 1 |1 1 1 1 1 1 |2 1 1 1 1 1 2 1 2 1 1 2 |fitness = 91.57168370642202

第60个BestWave: 
2 2 1 1 3 3 1 1 2 2 1 2 2 2 1 6 2 3 |1 2 1 1 1 1 1 2 1 1 1 |1 1 1 1 1 1 1 1 1 3 2 1 |2 2 1 1 5 1 2 3 3 2 1 4 1 1 1 1 |1 1 1 1 1 1 1 1 2 1 |4 1 1 1 1 2 2 1 2 2 1 1 1 2 3 4 1 |1 1 2 1 1 4 1 1 2 1 2 1 3 1 1 2 1 1 |1 1 1 1 1 1 1 |3 3 1 1 1 1 2 2 1 1 3 2 2 1 1 1 4 1 |2 1 1 1 1 1 5 2 2 2 2 1 1 1 3 1 1 1 2 |1 1 1 1 1 1 |1 1 1 2 1 1 1 1 1 1 |2 2 1 6 1 2 1 2 1 3 2 2 1 1 1 1 1 2 1 |2 1 2 3 1 1 1 1 1 |1 1 1 1 1 1 |2 2 1 1 1 1 1 1 1 4 4 1 2 1 1 2 1 |5 1 1 2 1 1 1 1 1 1 1 1 1 1 |1 1 1 1 1 1 1 1 |1 1 1 1 1 1 1 |1 2 3 1 2 1 1 1 1 1 1 1 1 1 1 1 |1 1 1 1 3 2 1 1 2 1 2 1 1 1 1 |1 5 1 2 2 1 3 1 3 1 1 1 3 4 1 2 1 5 |1 1 1 1 2 1 1 1 1 1 1 3 1 1 1 1 |1 1 1 2 1 1 1 1 1 1 2 1 1 1 |5 2 1 1 1 1 1 1 1 |1 1 1 3 5 4 1 1 2 1 2 1 1 1 5 1 1 1 1 2 |1 1 1 2 1 1 2 2 1 1 1 1 1 |5 1 2 1 3 3 1 1 1 1 1 1 6 1 1 1 1 1 1 1 |1 1 1 1 1 1 |1 2 1 1 2 2 4 1 1 1 1 1 |fitness = 92.8266271267635

最优解的最大适应度：93.21577728739989
最优解的最小适应度：90.49915431250868
最优解的平均适应度：91.68637362867776
估计标准差值：0.5777579462599701
最优解的最佳分配：
1 2 2 1 2 1 1 1 1 3 1 2 2 3 1 5 2 1 |1 1 1 5 2 3 1 1 1 1 1 |2 1 1 1 1 2 1 3 1 1 1 1 |1 1 1 2 4 1 1 1 1 1 5 2 3 1 2 1 |1 1 1 1 1 1 1 1 1 1 |1 3 1 1 2 1 1 2 1 1 2 1 1 3 1 4 1 |2 1 1 1 1 3 1 1 4 1 1 1 2 2 1 2 1 1 |1 1 1 1 1 1 1 |2 1 3 1 3 1 1 1 2 2 1 1 1 1 2 1 3 2 |1 2 1 1 2 1 3 1 1 2 3 1 1 1 2 1 1 1 1 |1 1 1 1 1 1 |1 1 1 1 1 3 1 1 1 1 |1 1 1 5 1 1 2 1 1 1 2 1 2 6 1 1 5 2 1 |1 1 1 5 1 1 1 3 1 |1 1 1 1 1 1 |3 1 1 1 1 1 1 1 1 2 5 1 1 1 1 2 4 |5 1 1 1 2 1 1 1 1 1 2 1 1 1 |1 1 1 1 1 1 1 1 |1 1 1 1 1 1 1 |2 1 2 2 2 1 2 1 1 1 1 2 1 2 1 1 |1 1 1 1 1 1 1 1 1 1 1 1 1 1 1 |1 4 3 2 1 2 2 1 2 2 1 2 1 1 3 2 1 1 |2 1 3 1 4 1 2 1 1 1 2 2 1 1 2 1 |1 1 1 2 1 1 1 1 1 2 1 1 3 1 |1 1 1 1 1 1 1 1 1 |1 1 1 2 2 6 2 1 3 2 2 1 1 1 1 1 2 3 4 1 |1 2 1 2 1 4 1 2 2 1 1 2 1 |3 1 1 2 2 1 1 2 1 2 2 2 2 1 3 3 1 3 2 1 |1 1 1 1 1 1 |1 1 1 1 1 1 6 1 1 1 1 1 |600|realPatrol = 600
WWO算法运行求解巡逻调度问题耗时：1小时，43分钟，48秒
