第1个BestWave: 
1 1 1 1 1 1 4 3 1 1 1 1 2 6 1 4 2 1 |1 1 1 1 1 2 1 3 1 3 1 |1 2 1 1 1 1 1 1 1 2 1 1 |1 1 2 1 3 1 3 1 1 1 1 1 1 1 2 2 |1 1 2 1 1 1 1 1 4 1 |1 1 2 1 2 2 1 1 1 1 1 1 2 2 3 5 1 |1 1 2 2 1 6 2 1 3 5 1 2 1 1 1 1 2 1 |1 1 1 2 1 1 1 |5 1 2 3 1 5 1 1 1 1 2 1 1 1 1 2 3 1 |2 1 1 1 2 2 3 2 2 1 1 1 4 1 1 1 1 1 1 |1 1 1 1 1 1 |1 1 1 1 1 1 1 1 1 1 |1 1 1 2 1 1 1 1 1 1 6 3 5 2 1 2 1 1 1 |2 1 1 3 1 1 1 4 2 |1 1 1 1 1 1 |1 2 5 1 1 3 1 1 1 1 3 3 1 1 2 1 1 |5 1 1 1 1 1 4 4 1 1 1 1 1 1 |1 1 1 1 1 1 1 1 |1 1 1 1 1 1 1 |2 1 1 1 1 1 2 1 1 2 1 1 1 1 2 1 |1 2 1 1 1 1 1 1 1 1 2 1 1 1 1 |3 2 2 1 1 2 1 1 1 1 2 1 3 4 1 2 2 1 |2 1 2 1 2 1 1 1 1 1 1 3 1 1 5 1 |1 1 1 1 1 1 1 1 1 1 1 1 2 1 |1 1 1 1 1 1 1 2 1 |2 2 1 2 3 4 1 1 3 1 3 1 1 1 2 1 2 1 3 3 |1 2 1 1 1 1 1 2 1 1 1 1 2 |4 1 4 1 1 4 1 1 1 3 1 3 1 2 1 1 1 1 1 1 |1 1 1 1 1 1 |1 1 1 2 2 1 1 4 1 1 1 1 |fitness = 91.31369968610025

第2个BestWave: 
1 2 1 1 1 2 2 1 1 1 2 1 1 2 1 6 2 1 |1 1 1 2 1 3 1 2 1 1 1 |2 1 1 1 1 3 1 1 1 1 3 1 |2 1 1 2 1 1 1 2 2 3 3 5 1 1 1 1 |1 1 2 2 1 1 1 1 1 1 |4 1 2 1 1 1 1 1 2 1 1 1 1 3 1 4 1 |1 1 1 5 3 2 1 1 2 1 1 1 1 1 1 3 4 2 |1 1 1 1 1 1 1 |2 1 1 2 4 4 1 1 1 1 1 2 1 1 1 2 1 1 |3 1 1 4 1 1 2 1 1 3 2 1 2 1 1 2 1 1 1 |1 1 3 1 1 1 |1 1 1 1 2 1 1 1 1 1 |2 1 1 4 1 3 1 1 1 1 3 1 1 1 1 1 3 1 1 |1 1 2 2 1 1 1 2 2 |1 1 1 1 1 1 |1 2 3 1 1 1 1 2 2 1 3 2 2 2 1 1 1 |1 2 1 1 1 1 1 1 1 1 2 2 2 1 |1 1 1 2 1 1 1 1 |1 1 1 1 1 1 1 |3 2 2 1 1 2 1 2 1 1 1 2 1 3 1 2 |1 1 1 1 1 3 1 1 4 2 2 1 1 1 1 |1 4 1 2 1 1 1 1 1 2 2 1 1 1 4 2 1 1 |1 1 1 4 1 1 1 1 1 1 1 2 2 1 1 3 |1 2 1 2 2 2 3 1 1 1 1 1 2 1 |4 1 2 1 1 1 1 1 1 |1 1 2 3 4 4 1 1 4 1 1 1 2 1 2 1 3 2 1 3 |3 1 1 3 1 1 1 1 1 1 1 1 1 |4 2 3 1 1 3 1 2 1 1 1 2 4 2 2 4 1 1 1 1 |1 2 1 1 1 1 |1 1 1 1 1 1 1 1 1 1 1 2 |fitness = 91.18316764699415

第3个BestWave: 
1 2 1 1 1 4 2 2 1 1 1 1 1 4 1 6 4 1 |1 1 1 1 1 1 1 1 1 1 1 |2 1 1 1 1 3 1 4 1 1 2 3 |4 1 1 1 6 1 2 1 2 1 2 2 1 2 1 2 |1 1 1 1 1 1 1 1 2 1 |4 1 2 2 2 1 1 1 2 1 1 1 1 1 2 1 1 |1 1 2 1 1 1 3 1 2 1 1 1 1 1 1 4 1 1 |1 1 1 1 1 1 1 |1 1 3 2 1 5 1 1 1 1 1 1 1 1 1 2 1 2 |2 1 1 2 1 1 2 1 1 3 1 2 2 1 1 1 1 1 1 |1 1 1 1 1 1 |1 1 1 1 1 1 1 1 1 1 |1 2 2 4 1 6 3 1 2 1 3 1 2 4 1 1 3 1 1 |1 1 1 3 1 1 1 1 2 |1 1 1 1 1 1 |1 1 1 3 2 2 2 2 1 1 3 1 1 1 1 1 1 |3 1 1 1 1 2 1 2 1 1 1 2 2 1 |2 1 1 1 1 1 1 1 |1 1 1 1 1 1 1 |2 2 2 1 2 1 1 4 1 1 2 2 2 1 2 1 |1 1 1 1 1 1 1 1 1 1 1 1 2 1 1 |1 4 3 1 1 3 1 1 1 1 4 1 1 3 3 1 1 3 |1 3 1 1 1 2 1 2 2 4 1 1 1 1 1 1 |1 1 1 1 1 1 1 1 1 1 1 1 2 1 |4 1 1 3 1 1 2 1 1 |1 2 1 2 6 5 1 3 1 1 1 2 1 1 1 1 2 2 5 1 |1 2 1 1 1 2 1 2 3 2 1 1 1 |4 2 1 1 2 2 1 1 2 1 1 4 3 1 2 4 2 1 2 1 |1 1 2 1 1 1 |1 1 1 1 1 1 1 1 1 1 1 1 |fitness = 91.99971567704011

第4个BestWave: 
2 1 1 1 3 1 1 1 1 1 1 1 1 1 1 3 2 1 |2 1 1 2 2 1 1 1 2 2 1 |1 1 2 1 1 1 1 6 1 1 2 1 |1 1 2 1 4 1 5 1 1 3 5 1 1 1 1 2 |1 1 1 1 1 1 1 1 1 1 |1 1 1 3 1 1 1 1 1 1 1 1 1 1 1 5 1 |1 1 1 1 2 6 1 1 1 4 1 2 4 2 1 1 4 2 |2 1 1 1 1 1 1 |1 1 1 2 1 4 1 1 1 1 5 2 1 2 3 1 1 2 |1 1 1 2 2 1 2 2 1 1 1 1 2 1 2 1 1 2 1 |2 1 1 1 1 1 |1 1 1 1 1 1 1 1 1 1 |1 1 2 3 3 1 3 3 2 1 2 1 1 2 2 2 1 1 1 |2 1 1 4 1 1 1 2 1 |1 1 1 1 1 1 |4 1 5 2 2 2 1 2 1 1 4 1 1 1 2 1 1 |2 1 1 2 1 1 3 1 1 1 1 2 1 1 |1 2 1 1 1 1 1 1 |1 1 1 1 1 1 1 |2 2 1 1 1 1 1 2 1 1 2 1 1 1 1 2 |1 1 1 1 1 2 2 1 1 5 2 1 1 1 1 |1 6 1 2 1 1 1 1 2 1 3 1 1 1 2 1 1 1 |1 1 1 1 1 1 1 5 1 1 1 1 1 1 1 2 |1 1 1 3 2 1 1 1 1 1 1 1 1 1 |1 1 1 1 1 1 1 1 1 |1 2 1 1 2 6 2 1 3 3 1 1 1 1 4 1 1 2 1 1 |1 1 1 1 1 1 1 2 2 1 1 1 1 |6 1 2 3 1 3 2 1 2 2 4 2 5 2 3 1 3 2 1 1 |1 1 2 1 1 1 |2 1 1 1 1 2 2 1 1 1 2 1 |fitness = 91.62998250944365

第5个BestWave: 
1 3 2 1 5 1 2 2 1 1 1 1 1 4 1 6 1 1 |1 2 1 1 1 1 1 1 1 1 1 |1 1 1 1 1 1 2 4 1 1 1 2 |4 2 1 1 3 1 1 1 2 1 5 5 3 1 1 1 |1 1 1 1 1 1 1 1 1 1 |1 3 1 1 2 1 1 1 1 1 2 1 1 4 1 5 1 |1 1 1 2 1 1 3 2 3 1 1 1 1 1 1 2 1 1 |1 1 2 1 1 1 1 |1 2 3 1 2 2 2 2 1 1 2 1 1 1 1 1 1 1 |4 1 2 2 3 1 1 1 1 1 2 1 2 1 1 1 1 1 1 |1 1 1 1 1 1 |1 1 1 1 1 1 1 1 1 1 |1 1 1 5 3 3 2 1 1 1 4 2 2 3 3 5 5 1 1 |1 1 3 2 1 1 1 2 1 |1 1 1 1 1 1 |1 1 3 1 1 1 1 1 1 1 1 1 1 1 1 2 1 |3 1 1 1 2 1 1 1 1 1 1 1 2 1 |1 1 1 1 1 1 1 1 |1 1 1 1 1 1 1 |2 2 1 1 2 1 1 1 2 1 1 2 1 1 1 3 |1 1 1 1 1 1 1 1 1 2 1 1 1 1 3 |1 5 1 2 1 1 1 1 4 2 1 1 1 1 1 2 1 2 |1 1 1 1 1 1 2 2 1 1 2 3 1 2 3 3 |2 1 1 1 1 1 1 1 1 1 1 1 1 1 |6 1 1 1 1 1 1 2 2 |2 2 1 3 5 5 1 2 3 3 1 1 3 1 4 1 4 1 4 1 |2 1 2 1 1 2 1 1 2 1 1 1 1 |1 1 1 1 1 4 1 3 3 3 2 3 1 2 1 1 1 1 1 2 |1 1 1 1 1 1 |1 1 2 1 1 1 1 1 1 1 1 1 |fitness = 91.58189079073499

第6个BestWave: 
2 1 2 2 1 2 1 1 2 2 2 2 1 4 1 6 3 1 |1 1 1 1 1 1 1 1 1 1 1 |1 1 1 1 1 1 3 5 2 1 1 1 |1 1 1 1 6 1 3 1 1 2 4 3 1 1 1 1 |1 1 2 1 1 1 1 1 1 1 |1 1 1 2 1 1 1 1 1 2 1 1 2 3 1 4 1 |1 1 3 1 1 3 1 3 2 1 1 1 2 1 2 3 1 2 |1 1 1 1 1 1 1 |1 1 1 2 1 2 2 1 1 1 1 1 1 1 1 1 4 1 |3 1 1 2 1 1 2 1 1 1 2 3 1 1 1 1 1 1 1 |2 1 1 1 1 1 |3 1 1 1 1 1 1 1 1 1 |1 4 1 4 2 4 1 1 1 1 2 1 3 1 2 1 5 1 1 |1 1 1 1 1 1 1 1 1 |1 1 1 1 1 1 |1 4 4 1 1 1 1 2 1 1 6 3 1 1 1 2 1 |2 1 1 2 1 1 2 2 1 1 2 1 3 1 |1 1 1 2 1 3 1 1 |1 1 1 1 1 2 1 |1 1 1 2 1 2 1 1 1 1 1 1 1 1 1 2 |1 1 1 1 1 1 2 1 2 1 1 1 2 1 1 |2 5 3 1 1 2 1 2 1 1 1 1 1 3 1 2 1 3 |1 1 1 1 1 1 1 1 3 2 1 1 1 1 1 1 |1 1 1 1 1 1 2 1 1 1 2 1 2 1 |1 2 1 1 1 1 1 2 1 |1 1 1 2 2 2 1 2 6 2 2 1 2 2 2 1 1 5 5 1 |2 1 1 1 2 1 1 1 2 1 1 1 1 |3 1 2 1 3 2 1 3 3 2 1 4 4 1 2 1 1 1 3 3 |1 1 1 1 1 1 |1 1 1 1 1 2 4 1 1 1 1 1 |fitness = 91.66536497383585

第7个BestWave: 
2 2 3 1 1 1 1 1 1 3 1 2 1 1 2 4 1 1 |1 2 1 3 1 1 2 1 2 1 1 |1 1 1 1 1 1 1 1 1 1 1 1 |1 1 1 1 4 1 4 1 3 2 2 3 1 1 1 1 |1 2 1 1 1 1 1 1 2 1 |6 1 1 1 1 2 2 1 1 1 2 1 1 1 1 4 1 |2 2 1 2 1 2 1 4 3 1 1 2 3 1 2 3 2 3 |1 1 1 1 1 1 1 |2 1 4 1 2 3 1 1 1 3 5 2 1 1 1 1 4 1 |1 4 1 3 2 1 5 1 2 5 2 1 1 2 1 2 1 1 3 |1 1 1 1 1 1 |1 1 2 1 1 1 1 1 1 1 |1 1 1 4 3 4 1 1 1 1 4 4 2 2 2 1 1 1 2 |1 1 1 6 1 1 1 2 1 |1 1 1 1 1 1 |1 1 4 1 1 1 2 1 2 1 1 3 1 2 2 1 1 |4 1 1 3 1 1 2 1 1 1 3 1 1 2 |1 1 1 1 1 1 3 2 |1 1 1 1 1 1 1 |2 1 1 1 1 2 1 1 1 1 1 1 1 1 1 2 |1 1 1 1 1 1 1 1 1 2 1 1 2 2 1 |1 6 3 1 1 1 1 2 4 1 1 1 1 6 1 1 1 4 |1 1 2 1 1 1 3 1 1 1 1 1 3 1 1 2 |1 1 1 1 1 1 1 1 2 1 1 1 1 1 |1 1 1 1 1 1 1 1 1 |1 1 1 1 4 5 1 1 1 2 1 1 1 2 1 2 1 1 2 1 |1 1 1 1 2 1 1 1 2 1 1 1 1 |3 1 1 1 1 5 1 1 1 2 1 1 2 1 1 1 2 1 2 1 |1 1 1 1 1 1 |1 1 1 1 1 1 1 2 1 1 2 1 |fitness = 91.70329293984123

第8个BestWave: 
1 1 1 1 1 1 1 1 1 1 1 3 1 5 1 3 2 2 |1 1 1 2 1 1 1 1 1 2 2 |1 1 1 1 1 1 1 1 2 2 1 1 |1 1 1 1 2 1 2 1 1 1 2 2 1 2 1 1 |1 1 1 2 1 1 1 1 1 1 |5 1 2 1 1 1 2 1 4 1 1 2 1 2 2 4 1 |1 1 1 2 1 2 1 1 3 1 1 3 1 2 1 1 4 1 |1 1 1 1 1 1 1 |1 2 2 2 2 4 2 1 1 1 5 1 1 1 2 1 4 2 |2 1 1 3 1 1 1 2 1 4 1 2 1 2 3 1 2 1 1 |1 1 1 1 1 1 |1 1 1 1 1 1 1 1 1 1 |2 1 1 3 1 3 1 2 2 2 2 2 3 1 1 1 1 1 2 |1 1 1 5 3 1 1 1 2 |1 1 1 1 4 1 |2 1 4 1 1 1 1 1 1 1 1 1 1 2 1 1 2 |4 1 1 1 1 1 5 2 4 1 1 1 1 1 |1 1 1 1 1 1 1 1 |1 1 1 1 1 1 1 |1 1 1 1 1 1 1 1 1 1 1 3 1 1 1 2 |1 1 1 1 1 1 1 2 1 3 1 1 1 1 1 |1 5 1 2 1 2 3 1 1 1 3 1 1 2 1 1 4 6 |1 1 2 1 1 1 1 1 1 1 1 2 2 2 2 2 |1 1 1 3 1 1 1 1 1 2 2 1 2 1 |2 1 1 1 1 1 1 1 1 |1 2 1 1 4 3 4 1 2 2 1 1 2 2 1 3 1 1 4 1 |1 2 1 1 1 1 1 1 1 2 2 1 1 |5 2 3 2 1 1 1 2 1 3 1 3 4 2 1 1 1 1 3 1 |1 1 1 1 1 1 |2 1 1 1 4 1 1 1 3 1 2 1 |fitness = 91.9313478132435

第9个BestWave: 
1 1 1 1 2 2 2 1 2 1 1 1 1 3 1 5 4 2 |1 1 1 1 1 1 1 1 2 1 1 |1 1 1 1 1 1 2 3 1 1 1 1 |2 1 1 4 3 1 5 1 2 3 3 1 1 1 1 1 |1 1 1 1 2 1 1 1 1 1 |1 1 1 1 1 2 1 2 1 1 1 1 1 2 1 4 1 |2 1 3 1 1 1 2 1 1 2 1 1 1 2 1 2 4 1 |1 1 1 1 1 1 2 |1 1 1 2 4 1 2 1 1 1 3 1 1 1 1 2 1 1 |1 3 2 3 1 4 1 3 1 2 3 1 1 2 1 1 1 1 1 |1 1 1 1 1 2 |1 1 1 1 1 1 1 1 1 1 |1 2 1 2 2 3 1 1 1 1 4 1 3 1 1 1 1 1 1 |1 2 1 5 1 1 1 1 1 |1 1 1 1 1 1 |1 2 1 1 1 1 1 1 3 1 1 2 2 1 1 2 1 |3 1 1 1 1 3 3 1 2 1 1 1 2 1 |1 1 1 1 1 1 1 1 |1 1 1 1 1 1 1 |1 1 1 1 4 2 1 2 1 1 1 1 1 1 1 2 |1 1 1 1 1 1 3 1 1 1 1 1 1 1 1 |1 4 3 1 1 1 1 1 3 1 3 1 3 3 1 1 1 1 |1 1 1 2 3 1 1 1 3 1 1 4 2 1 1 3 |1 1 3 1 2 1 1 1 1 1 1 1 2 1 |5 1 1 1 1 1 1 1 1 |1 2 2 2 5 3 3 2 2 1 1 1 1 1 1 1 1 1 3 2 |3 1 2 1 1 1 1 1 1 1 1 1 2 |4 1 1 3 1 5 1 2 2 1 1 1 2 1 1 1 1 2 3 2 |1 1 1 1 1 1 |2 2 1 3 1 1 2 1 1 1 1 1 |fitness = 91.60383269730299

第10个BestWave: 
2 2 1 1 1 1 1 1 1 1 1 1 1 4 1 4 2 1 |1 1 1 1 1 2 1 1 1 1 1 |1 2 1 2 2 1 2 4 3 1 2 1 |1 1 2 1 4 1 2 1 2 1 5 1 2 1 1 1 |2 1 1 3 1 1 2 1 1 1 |3 1 1 1 1 1 1 1 3 1 1 1 1 6 2 4 1 |1 2 3 3 1 3 2 1 1 1 2 2 1 1 1 4 5 1 |1 1 1 1 1 1 2 |1 1 1 2 1 1 2 2 1 1 2 1 2 1 1 1 1 1 |3 1 1 1 1 2 1 1 2 6 3 2 1 2 3 1 2 1 1 |1 1 1 1 1 1 |1 1 1 1 1 1 1 1 1 1 |2 3 1 3 1 3 1 1 2 1 5 1 1 1 4 1 1 1 1 |1 1 1 6 1 1 1 1 1 |1 1 1 1 1 1 |3 1 1 2 1 1 1 1 1 2 3 2 2 1 1 2 3 |1 1 1 1 1 1 1 1 1 1 2 1 1 2 |1 1 1 1 1 1 1 1 |1 1 1 1 1 1 1 |1 2 5 1 1 1 1 2 1 3 1 2 2 1 2 1 |1 1 2 1 1 2 1 1 2 1 2 1 2 1 1 |1 5 3 1 1 4 2 1 2 1 2 1 1 1 2 3 1 1 |1 1 1 1 2 1 1 1 2 2 1 2 1 1 2 1 |1 1 1 1 1 1 1 1 2 2 1 1 1 1 |3 1 1 1 1 1 2 1 1 |1 2 2 1 5 1 1 2 3 2 1 1 2 1 1 1 2 1 6 1 |1 2 1 3 1 1 1 1 1 1 1 1 2 |1 3 1 2 1 1 1 1 1 1 1 1 3 1 1 4 2 2 1 2 |1 1 1 1 1 1 |1 1 1 1 1 1 3 1 5 1 1 1 |fitness = 90.64483218273278

第11个BestWave: 
2 2 1 1 1 2 2 1 2 2 1 1 1 5 1 3 2 1 |1 1 2 1 1 1 1 1 2 1 1 |2 1 1 3 1 2 3 1 1 1 1 1 |1 1 1 2 5 1 1 1 1 1 6 1 1 2 1 3 |1 1 2 1 1 1 1 1 3 1 |4 2 1 2 1 1 1 1 1 1 1 1 2 2 1 4 2 |1 3 2 1 1 3 4 1 1 1 2 1 1 2 1 2 2 1 |1 1 1 1 1 1 1 |1 2 1 1 4 2 2 1 1 2 6 1 1 1 1 1 3 1 |1 3 1 2 1 1 2 2 1 5 1 1 1 1 2 1 1 1 1 |1 1 1 1 1 1 |1 2 1 1 1 1 1 1 1 1 |1 2 2 1 1 4 1 2 1 1 4 3 2 2 2 1 5 2 1 |1 1 1 3 2 1 1 4 2 |1 1 1 1 1 1 |1 1 4 2 1 2 1 2 1 1 2 1 1 1 1 1 1 |3 1 1 4 1 1 1 1 2 1 1 1 1 1 |1 1 1 1 1 1 1 1 |1 1 1 1 1 1 1 |1 2 2 1 1 1 2 1 1 1 2 1 1 1 1 1 |1 1 1 1 1 1 2 1 1 2 2 1 2 1 1 |1 4 1 2 1 2 1 2 1 1 2 1 1 4 1 3 1 2 |2 1 2 1 1 2 1 1 1 1 2 1 1 1 1 1 |1 1 1 2 1 1 2 1 1 1 1 1 1 2 |1 1 1 1 1 1 1 1 1 |1 3 1 2 5 4 1 1 6 1 2 1 1 1 2 1 1 2 2 1 |1 1 1 2 2 1 1 2 1 2 1 1 1 |3 2 2 3 2 3 1 1 2 1 1 3 2 2 3 2 1 1 1 1 |1 1 1 1 1 3 |2 1 3 1 1 2 1 1 2 1 1 1 |fitness = 91.27992175928854

第12个BestWave: 
1 1 1 2 1 2 1 2 1 2 1 1 2 4 1 6 3 1 |1 1 1 1 1 2 1 1 1 1 1 |1 1 2 1 1 1 1 2 1 1 1 1 |1 1 1 2 2 1 1 1 5 1 4 3 1 1 1 1 |1 1 1 1 1 1 1 1 1 1 |1 4 1 1 1 1 1 1 1 1 1 1 1 2 1 3 1 |1 1 1 2 2 3 2 1 1 4 2 1 1 2 4 2 1 1 |1 1 1 1 1 1 1 |1 1 1 1 2 3 1 1 1 1 2 1 1 2 1 1 1 1 |1 2 2 1 1 1 1 2 2 1 1 1 1 1 5 3 1 2 1 |1 1 1 1 1 1 |2 2 1 1 1 1 2 1 1 1 |1 1 1 3 3 4 2 3 1 3 6 1 1 1 1 2 6 1 1 |1 1 2 3 1 2 1 2 1 |1 1 1 1 1 1 |2 1 4 1 3 1 1 1 1 1 6 1 1 1 1 2 1 |3 1 1 1 1 1 5 1 1 2 1 1 5 1 |2 3 1 1 1 1 1 1 |1 1 1 1 1 1 1 |1 1 1 1 1 1 1 2 1 1 1 2 2 1 1 1 |1 1 1 1 2 1 1 1 3 1 2 1 1 1 2 |2 5 1 1 1 4 1 1 2 1 1 1 1 1 1 1 1 5 |1 1 1 2 3 1 1 1 1 1 1 2 2 1 3 1 |1 1 2 2 1 1 3 1 1 1 2 1 1 1 |2 2 1 1 1 1 1 1 1 |2 1 1 1 4 5 1 1 3 1 1 2 1 1 1 3 2 5 4 1 |1 1 1 1 1 1 1 1 1 1 1 1 1 |4 1 2 1 1 1 2 1 2 1 3 4 3 2 2 1 1 4 1 2 |1 1 1 1 1 2 |1 1 2 1 1 1 1 1 1 1 1 1 |fitness = 92.66530061364881

第13个BestWave: 
1 2 2 2 1 1 1 1 1 1 1 1 1 4 1 6 4 2 |1 1 1 2 1 1 1 5 1 3 1 |1 2 1 1 1 1 1 2 1 1 1 1 |5 1 1 1 1 1 3 1 2 1 5 2 1 1 1 1 |1 1 1 1 2 4 1 1 1 1 |1 1 1 1 1 6 2 1 2 1 1 1 1 4 1 4 2 |1 1 1 2 1 1 1 2 2 1 2 1 3 1 2 3 1 1 |1 1 1 1 1 1 1 |5 1 1 2 2 1 1 1 1 2 2 1 2 1 1 2 1 1 |2 4 1 2 1 1 1 2 5 1 1 2 1 1 2 1 1 3 2 |1 1 1 1 1 1 |1 1 1 1 1 1 1 1 1 1 |2 1 2 2 1 1 2 1 1 1 4 1 1 1 1 1 3 1 2 |1 1 1 3 1 1 1 2 1 |1 1 1 2 1 1 |3 1 4 2 2 1 1 1 1 1 4 1 1 1 1 1 3 |6 1 1 3 1 1 1 1 1 1 1 1 1 1 |1 1 1 1 1 1 1 1 |1 1 1 1 1 2 1 |2 1 1 1 1 1 2 1 1 1 1 2 2 1 1 1 |2 2 1 1 1 1 1 2 3 2 3 1 1 1 1 |1 5 1 1 2 1 1 2 3 1 2 1 1 1 1 1 3 3 |1 2 1 1 2 2 1 2 1 1 2 2 1 1 3 1 |1 1 1 1 1 1 1 2 1 2 1 2 1 1 |1 1 1 2 1 1 1 1 1 |1 1 1 5 6 6 1 3 3 1 1 1 1 1 1 1 1 1 1 1 |1 1 1 2 1 1 1 2 3 1 1 1 1 |4 1 1 3 1 1 1 1 1 2 2 1 1 2 4 2 1 2 1 1 |1 1 1 1 1 2 |1 1 1 1 1 1 3 2 1 2 1 1 |fitness = 92.17514538004994

第14个BestWave: 
1 1 1 1 1 2 2 1 1 1 1 2 1 5 1 3 2 1 |1 1 1 1 1 1 2 4 1 1 1 |1 1 1 1 1 1 2 1 1 1 1 1 |1 1 1 2 4 1 2 1 2 1 6 4 1 1 1 1 |1 1 1 1 1 1 2 1 2 1 |4 1 2 1 2 5 2 2 3 1 1 2 1 2 1 5 1 |3 2 2 1 1 1 1 2 1 1 1 1 1 1 1 1 2 1 |1 1 1 1 1 1 1 |5 1 1 2 2 4 1 1 2 1 3 1 2 1 1 1 2 2 |2 1 1 1 1 1 1 2 2 5 1 1 2 1 1 1 1 2 1 |1 1 1 1 1 1 |1 2 1 1 1 1 1 1 1 1 |2 4 1 2 2 5 2 1 1 1 5 2 2 1 1 1 3 1 1 |1 1 4 2 1 1 1 1 1 |1 1 1 1 1 1 |1 2 1 1 2 2 3 1 2 1 3 1 1 2 2 1 2 |2 1 1 2 1 2 2 1 1 1 2 1 1 1 |1 1 1 1 1 1 1 1 |1 1 1 1 1 1 1 |1 1 1 1 1 1 1 1 1 1 5 2 1 2 1 1 |3 1 1 1 1 1 3 1 1 3 2 2 1 3 1 |1 6 1 1 1 1 1 2 1 1 3 1 1 1 1 1 1 2 |1 2 2 1 2 2 1 1 2 1 1 3 1 1 1 4 |2 1 1 2 1 2 2 1 1 1 1 1 3 1 |2 1 1 1 1 1 1 2 1 |1 1 1 2 2 5 1 1 2 1 1 1 1 3 1 1 1 3 5 2 |2 1 1 1 2 2 1 1 1 1 2 1 1 |2 1 1 2 1 1 1 2 1 2 1 4 5 1 1 1 1 2 1 1 |1 1 1 1 1 1 |1 2 1 2 1 1 1 1 2 1 2 1 |fitness = 91.53397629515217

第15个BestWave: 
2 2 1 1 2 4 2 1 1 1 1 1 1 6 2 3 2 2 |3 1 1 2 1 4 1 1 1 2 1 |1 2 1 1 1 1 2 1 1 1 1 2 |1 2 1 2 3 1 3 2 3 1 4 1 1 1 1 1 |1 1 1 1 1 1 1 1 1 2 |3 1 1 1 1 2 1 2 1 2 1 1 2 1 2 5 2 |1 1 2 1 2 2 2 1 1 1 1 2 5 1 1 1 1 1 |1 1 1 1 1 1 1 |2 1 1 1 1 1 1 3 1 2 3 1 3 1 1 2 3 2 |1 1 1 1 2 2 1 3 3 1 1 1 1 1 1 2 2 2 1 |1 1 1 2 1 1 |1 1 1 1 1 1 1 1 1 1 |1 1 1 4 1 2 2 2 2 3 6 1 1 1 1 1 2 1 1 |1 1 1 5 1 2 1 2 1 |1 1 1 1 1 1 |1 2 2 2 1 1 1 3 1 1 3 2 1 1 2 1 2 |5 1 1 1 1 1 2 2 1 2 2 1 1 1 |1 1 1 1 1 1 2 1 |1 1 1 1 1 1 1 |4 2 1 1 1 1 2 1 1 1 1 1 1 1 1 1 |1 1 1 1 2 1 1 2 1 1 1 1 2 1 2 |1 5 1 4 1 1 1 4 3 1 1 1 1 2 3 1 2 3 |2 2 1 1 1 1 1 1 1 1 2 3 1 1 1 1 |1 1 1 2 1 1 1 2 1 1 1 3 3 1 |3 1 1 1 1 1 1 1 1 |1 1 4 2 4 6 1 1 6 1 2 1 3 2 1 1 1 3 1 1 |1 2 1 2 2 1 1 1 1 1 1 1 1 |2 1 1 2 1 1 1 1 1 1 3 1 2 2 1 3 1 1 1 1 |1 1 1 1 1 2 |1 1 2 1 1 1 1 1 1 1 1 1 |fitness = 91.05960064861503

第16个BestWave: 
1 1 2 1 2 1 2 1 1 2 2 1 1 3 1 6 5 1 |1 2 1 1 1 1 2 2 1 1 1 |2 1 1 1 1 1 1 2 1 1 1 1 |1 1 1 1 2 1 3 2 3 1 2 4 1 2 1 1 |1 1 1 1 1 1 1 1 1 1 |1 2 1 1 2 4 1 1 2 1 1 1 1 2 1 3 1 |1 1 2 5 1 4 1 1 5 2 1 1 2 1 1 1 1 1 |1 1 1 1 1 1 1 |2 2 1 1 1 1 1 2 1 1 4 1 1 2 1 2 2 1 |1 1 2 1 1 1 5 2 1 2 3 1 1 1 1 1 1 4 1 |1 1 1 1 1 1 |1 1 1 1 1 1 1 1 1 1 |2 2 1 4 2 1 1 2 1 1 4 1 2 2 1 1 1 1 3 |1 1 1 5 1 2 1 1 1 |1 1 1 1 1 1 |1 1 1 1 5 2 1 2 2 1 1 2 1 1 1 1 1 |3 1 1 2 1 1 1 1 2 1 1 2 1 1 |1 1 1 1 1 1 1 1 |1 1 1 3 1 1 1 |2 2 2 2 1 1 1 1 1 1 1 1 1 1 3 1 |1 2 1 1 1 1 1 1 1 1 1 1 2 2 1 |1 4 2 4 1 2 2 1 1 1 4 2 3 2 2 1 1 5 |1 1 2 1 2 1 1 1 3 1 2 4 1 1 3 1 |1 1 2 1 2 2 1 1 1 1 1 2 1 3 |2 1 1 2 1 1 1 1 1 |2 3 1 4 6 5 1 1 2 1 2 2 1 2 1 1 2 1 2 1 |2 1 1 1 1 1 2 1 1 1 1 2 1 |5 1 1 1 1 3 1 1 1 1 1 5 1 1 1 1 2 1 1 1 |1 1 1 1 1 1 |3 1 1 1 1 1 1 2 1 1 1 1 |fitness = 91.70617416253177

第17个BestWave: 
1 2 1 1 1 2 4 1 1 1 2 1 3 4 2 5 2 1 |1 1 1 2 2 4 1 1 1 1 1 |1 1 1 1 1 2 1 5 2 1 1 2 |1 2 1 1 1 1 6 1 2 2 4 2 1 2 1 2 |1 1 1 1 1 1 1 1 1 1 |4 1 1 1 1 1 1 1 1 2 1 1 1 3 1 4 2 |1 1 1 3 1 5 2 1 4 2 1 1 1 1 1 1 3 2 |1 1 1 1 1 1 1 |1 3 1 1 1 1 3 1 1 1 3 2 1 1 2 2 1 1 |2 1 4 1 1 1 2 3 1 1 1 1 1 1 2 2 1 2 1 |1 1 1 1 1 1 |1 1 1 1 1 1 1 1 1 1 |1 2 1 1 1 2 2 1 1 1 4 1 1 2 2 1 5 1 1 |1 1 1 5 1 1 1 2 1 |1 1 1 1 1 1 |1 2 3 1 1 2 1 2 2 1 2 1 1 1 3 1 1 |4 1 3 2 1 1 1 1 2 2 1 1 1 1 |1 1 1 1 1 1 1 1 |2 1 1 2 1 1 1 |3 1 1 1 1 1 1 2 2 1 1 1 1 1 1 2 |3 3 2 1 1 1 1 2 2 1 1 1 1 1 2 |1 6 1 1 1 3 5 2 3 1 1 2 1 3 1 1 2 1 |1 1 2 1 1 1 2 2 2 1 1 1 2 1 1 4 |2 1 1 1 2 2 2 1 1 2 1 1 1 1 |2 1 1 1 1 1 1 1 1 |2 1 2 2 1 4 2 1 4 1 1 1 1 1 1 1 1 4 1 1 |1 2 1 2 1 1 1 1 1 3 1 1 1 |4 1 1 1 2 4 2 1 1 1 1 2 3 1 1 1 1 1 1 1 |1 1 1 1 1 1 |1 1 1 1 2 1 1 1 4 1 1 1 |fitness = 92.4244145618861

第18个BestWave: 
1 1 1 1 2 2 1 1 2 2 1 2 1 6 1 5 1 1 |1 1 1 3 1 1 1 1 1 1 1 |1 1 1 1 1 1 1 2 1 2 1 1 |1 1 2 1 4 1 2 3 1 1 5 1 1 1 1 1 |2 1 1 1 1 1 1 1 1 1 |2 1 1 1 1 2 2 2 3 1 1 1 1 4 1 4 1 |1 1 3 1 2 1 1 1 2 1 1 4 4 2 1 1 1 1 |1 1 1 1 1 1 1 |1 1 2 1 1 2 2 1 1 1 2 1 1 1 1 5 1 1 |1 2 1 2 1 3 2 5 1 1 1 1 2 2 3 1 3 1 2 |1 1 1 1 1 1 |1 1 1 1 2 1 1 1 1 1 |4 2 1 4 1 5 1 2 2 1 1 3 1 1 1 1 5 1 2 |1 2 1 4 1 3 1 1 1 |1 1 1 1 1 1 |1 1 2 2 4 2 1 1 1 1 5 1 1 1 1 1 1 |2 1 1 1 1 1 2 2 1 1 2 1 1 1 |1 1 1 1 1 1 1 1 |1 1 1 1 1 1 1 |1 1 3 1 1 1 1 1 1 1 1 1 1 2 1 2 |1 1 1 1 1 1 1 1 2 1 1 1 1 1 1 |2 4 1 1 1 1 2 1 3 1 1 2 3 5 2 2 1 2 |1 1 2 4 2 1 1 1 3 1 1 4 1 2 1 1 |1 1 1 3 1 2 1 1 2 1 1 3 1 1 |2 1 1 2 1 1 1 1 1 |1 1 1 1 5 6 1 1 3 1 4 1 1 1 1 1 1 1 3 1 |1 2 1 1 1 1 2 1 1 1 2 1 1 |4 4 4 1 1 5 1 1 1 1 1 2 2 1 1 1 1 1 1 1 |1 1 1 1 1 1 |2 1 1 1 2 1 1 1 1 1 1 1 |fitness = 92.55297469248384

第19个BestWave: 
2 2 1 1 2 2 1 2 1 1 1 6 1 6 1 3 1 1 |1 1 1 2 1 2 1 3 1 2 1 |1 1 1 1 1 1 1 1 1 1 2 1 |2 2 2 2 3 1 4 1 1 3 3 1 1 2 1 1 |1 1 1 1 1 1 1 1 3 2 |3 2 1 1 1 1 1 1 2 1 1 3 1 3 1 5 1 |1 2 1 1 1 5 2 1 3 1 1 1 2 1 1 3 1 1 |1 1 1 1 1 1 1 |1 3 1 1 2 1 1 1 1 1 6 1 1 2 1 1 2 1 |2 1 1 1 2 1 2 1 4 2 1 1 1 1 1 2 1 2 1 |1 1 1 1 1 1 |1 1 1 1 2 1 1 1 1 1 |2 1 2 4 1 1 1 1 1 1 3 2 3 1 1 1 4 2 1 |1 1 1 4 1 1 2 1 1 |1 1 1 1 1 1 |3 1 4 1 1 1 1 1 1 1 3 1 1 2 1 1 1 |2 1 1 2 1 2 1 1 1 1 1 1 1 1 |1 1 1 1 1 1 1 1 |1 1 1 1 1 1 1 |1 2 4 2 1 1 1 1 1 1 1 1 1 3 1 3 |1 1 1 1 1 2 1 1 2 2 1 1 1 1 1 |1 6 1 2 4 1 1 1 2 1 1 1 4 1 1 4 1 1 |1 2 1 2 1 1 1 2 4 1 1 2 1 1 3 1 |1 1 1 2 1 1 1 1 1 1 1 1 1 1 |1 1 1 1 1 1 1 1 1 |1 4 1 1 6 5 2 2 4 1 1 1 2 4 1 2 1 3 3 2 |1 3 1 1 1 1 1 1 2 1 1 1 1 |3 2 1 1 1 4 1 2 1 1 2 1 4 1 1 4 1 1 2 1 |1 1 1 1 1 1 |1 1 1 2 1 1 4 1 1 1 1 1 |fitness = 93.52987350155978

第20个BestWave: 
2 1 3 1 2 1 1 1 1 2 2 1 1 1 1 4 2 1 |1 1 1 1 1 2 1 3 2 1 1 |1 1 1 1 1 1 1 5 1 1 1 1 |2 1 1 1 1 2 1 1 1 2 5 3 1 1 2 1 |1 1 1 1 1 1 1 1 1 1 |4 1 1 1 2 1 1 1 1 1 1 4 1 3 3 3 2 |2 2 1 5 1 2 1 3 5 3 1 3 2 1 1 1 1 1 |1 1 1 1 1 1 1 |1 1 2 1 4 2 2 2 1 1 5 1 1 2 1 3 1 1 |2 1 1 1 2 1 2 2 4 2 1 2 2 1 1 1 1 1 1 |1 1 1 1 1 1 |1 1 2 1 1 1 1 1 1 1 |1 1 1 5 3 3 1 1 1 2 4 1 1 2 1 1 3 1 1 |1 1 1 6 2 1 1 2 1 |1 1 1 1 1 1 |1 2 3 1 1 1 1 1 1 1 1 1 1 1 3 1 2 |2 1 1 1 1 1 1 1 1 2 1 1 1 1 |1 1 1 1 1 1 1 1 |1 1 1 1 1 1 1 |1 1 1 2 1 3 2 2 2 1 1 1 1 2 1 1 |1 1 1 1 1 1 1 1 2 1 3 1 1 1 1 |1 4 1 2 1 4 1 1 2 1 6 2 1 2 2 1 1 2 |1 1 2 4 2 1 1 3 1 2 1 1 2 2 2 1 |2 1 1 2 2 1 1 2 1 1 1 1 5 1 |2 1 1 2 1 1 1 1 1 |3 1 4 1 5 5 2 1 3 4 1 1 1 2 1 1 2 1 3 1 |1 1 1 2 1 1 1 1 1 1 1 1 1 |1 1 1 1 2 1 1 1 1 1 1 2 4 2 1 2 1 3 1 1 |1 1 1 1 1 1 |1 1 1 1 2 1 1 1 1 1 2 2 |fitness = 91.25837428260837

第21个BestWave: 
2 2 2 1 1 2 1 2 1 1 1 1 1 5 1 4 3 3 |2 1 1 1 3 1 1 1 2 1 1 |2 1 1 1 1 1 2 1 1 1 1 1 |2 1 1 1 3 1 3 1 2 3 5 3 2 3 1 3 |1 1 1 1 1 1 1 1 1 1 |3 1 1 1 2 4 2 1 1 1 1 1 1 1 1 4 1 |1 2 2 2 3 3 1 1 4 2 1 1 3 1 1 2 1 1 |1 1 1 1 1 1 1 |1 1 1 1 2 2 1 5 1 2 1 1 1 1 1 1 3 2 |1 1 1 2 3 2 4 1 2 2 1 1 1 1 1 3 1 1 1 |1 1 1 1 1 1 |1 1 1 1 1 1 1 1 1 1 |2 1 1 3 1 4 2 1 1 3 5 1 1 1 1 1 1 2 1 |2 1 1 3 1 1 1 1 1 |1 1 1 1 1 1 |2 1 1 1 1 1 1 1 2 3 3 1 2 1 1 1 1 |6 1 1 1 1 1 5 2 1 1 1 1 1 2 |1 1 1 1 1 1 1 1 |1 1 1 1 2 1 1 |1 1 6 2 2 1 2 1 2 2 2 2 1 1 1 1 |3 1 1 1 1 1 1 1 1 1 1 1 1 1 1 |2 4 1 2 1 1 1 1 2 1 2 1 1 4 2 1 1 1 |1 1 2 1 4 1 1 1 5 1 1 2 1 1 3 2 |1 1 1 1 1 1 1 1 1 2 1 1 1 1 |1 1 1 1 1 1 1 2 1 |1 1 2 1 5 4 1 2 4 3 1 1 2 1 1 1 1 3 3 1 |1 2 1 3 1 1 1 1 1 1 1 1 1 |2 2 2 2 1 1 1 1 3 1 2 2 3 2 2 1 1 1 1 1 |1 1 1 1 1 1 |1 1 1 1 1 1 2 2 3 1 1 1 |fitness = 92.59213805734255

第22个BestWave: 
1 1 3 1 3 1 1 1 1 1 1 1 1 5 1 6 3 1 |1 1 3 2 1 1 1 1 1 1 1 |1 1 1 1 1 2 1 2 2 2 1 1 |1 1 1 1 5 1 1 1 2 4 4 2 1 1 1 1 |1 1 1 1 1 1 1 1 1 1 |3 1 1 1 1 1 2 1 2 2 1 1 1 1 1 5 1 |3 4 1 1 2 3 1 1 2 1 2 1 2 1 1 1 2 1 |1 1 1 1 1 1 1 |3 1 1 1 1 1 1 1 1 1 2 1 1 3 2 4 1 1 |1 1 1 1 2 1 1 1 2 4 1 1 2 1 2 3 2 1 1 |1 1 1 1 1 1 |2 1 1 2 1 1 2 1 1 1 |2 1 1 2 1 5 1 3 1 2 1 1 4 5 2 1 2 1 1 |1 1 1 2 1 1 2 3 2 |1 1 1 1 1 1 |1 1 2 1 2 1 2 4 1 1 3 1 1 1 1 1 1 |5 2 2 3 1 1 1 1 1 1 1 1 1 1 |1 1 1 1 1 1 2 1 |1 1 1 1 1 1 1 |1 1 4 2 1 1 1 2 4 2 1 5 1 1 3 1 |1 1 1 1 1 1 1 1 1 1 1 1 1 1 1 |1 3 1 1 2 2 1 1 1 2 3 2 1 4 2 1 1 1 |1 1 1 1 1 1 1 1 1 1 1 1 2 1 1 1 |1 2 1 5 2 1 1 2 1 1 1 1 2 1 |1 1 1 1 1 1 2 1 2 |1 1 4 1 2 6 2 2 6 2 1 2 1 1 3 1 1 1 1 1 |1 1 1 1 1 2 1 1 1 1 1 1 1 |2 1 2 1 2 6 1 1 1 2 6 3 2 1 2 2 2 2 1 1 |1 1 1 1 1 1 |1 1 1 1 1 1 3 1 1 1 1 1 |fitness = 91.11813407445351

第23个BestWave: 
1 1 1 1 3 1 2 1 1 1 2 2 1 6 1 6 2 1 |1 2 2 1 1 2 2 1 1 3 2 |1 1 1 1 2 2 1 1 1 3 1 2 |2 1 2 1 4 1 5 1 2 3 3 1 1 2 2 1 |1 1 1 1 1 1 1 1 1 1 |6 1 1 1 1 1 2 1 1 1 2 3 1 1 3 2 1 |1 1 1 1 1 2 1 1 1 2 1 1 1 1 3 2 2 3 |1 1 1 1 1 1 1 |2 1 1 2 2 1 1 1 1 1 2 2 1 2 2 2 1 1 |6 1 1 1 1 2 4 1 1 3 1 2 1 1 1 5 1 1 1 |1 1 1 1 1 1 |1 1 2 1 1 1 2 1 1 1 |1 1 1 3 1 2 1 1 1 1 3 1 4 1 3 1 3 1 1 |1 1 1 2 1 1 1 1 1 |1 1 1 1 1 1 |2 1 1 1 1 2 1 1 1 2 1 1 1 1 1 1 1 |2 1 1 4 1 1 1 1 2 1 1 1 2 1 |1 1 1 1 1 1 1 1 |1 1 1 2 1 1 1 |4 1 1 1 1 1 1 1 1 1 1 2 2 1 1 1 |1 1 1 1 1 1 2 1 1 1 1 1 1 2 1 |1 4 2 1 1 4 1 1 2 1 1 1 1 1 2 1 1 5 |5 1 1 1 1 1 1 1 1 2 1 1 2 1 1 1 |1 3 1 1 1 1 1 1 1 1 1 1 1 1 |2 1 1 1 1 1 1 1 1 |3 3 1 1 6 5 2 1 4 1 1 1 2 1 2 1 1 3 4 1 |1 1 1 1 1 1 1 2 1 1 2 1 1 |5 1 3 1 1 1 1 2 1 4 1 5 3 2 1 1 2 1 4 1 |1 1 1 1 2 2 |6 1 1 1 1 1 3 1 2 1 1 1 |fitness = 90.9727896080099

第24个BestWave: 
1 1 1 1 1 1 1 1 1 1 1 1 1 3 1 6 1 1 |1 1 1 1 1 2 2 1 1 1 1 |1 1 1 1 1 1 1 1 1 1 1 1 |3 1 3 1 1 1 1 1 2 1 1 1 1 2 1 1 |1 1 2 1 1 1 1 1 1 1 |3 1 1 3 1 1 1 1 2 1 1 1 1 2 2 2 1 |1 1 1 1 1 3 4 1 3 1 1 1 1 3 1 2 1 3 |1 1 1 1 1 1 1 |2 1 1 2 1 1 2 2 1 1 1 1 1 1 1 1 2 1 |1 1 1 1 1 1 1 1 2 1 1 3 3 2 2 1 1 1 1 |1 1 1 2 1 1 |2 1 1 1 1 1 1 1 1 1 |2 1 1 2 1 1 2 2 4 1 2 3 2 1 1 2 4 1 1 |1 1 1 6 1 1 1 3 1 |1 1 1 1 1 1 |1 2 6 1 1 1 1 2 1 2 1 1 2 2 1 1 1 |6 1 1 1 1 1 1 1 1 1 2 1 1 1 |1 1 1 1 1 1 1 1 |1 1 1 1 1 1 1 |2 1 4 1 1 2 2 1 1 1 1 1 2 1 1 1 |2 1 1 1 1 1 1 1 1 1 1 2 1 3 1 |1 4 3 1 1 3 1 1 1 1 2 1 2 1 2 1 1 1 |1 1 1 1 1 3 1 1 4 1 1 1 1 1 1 2 |1 1 1 3 1 1 1 1 1 1 1 1 1 1 |1 1 1 1 1 1 1 1 1 |1 1 1 1 4 5 2 1 6 1 3 2 1 1 1 1 3 4 5 1 |1 1 1 1 1 1 1 1 1 1 1 1 1 |1 1 1 1 1 4 1 1 1 1 1 1 3 1 1 1 3 2 1 1 |1 1 1 1 1 1 |1 1 1 1 1 1 2 1 1 1 1 1 |fitness = 91.74923062819056

第25个BestWave: 
2 3 1 1 1 1 1 1 1 1 2 1 1 1 1 5 5 2 |2 1 1 3 1 1 1 1 1 1 1 |1 1 1 1 2 1 1 1 1 2 1 1 |1 2 1 3 1 1 1 2 1 1 1 1 1 2 1 1 |1 1 1 1 1 1 1 1 1 1 |2 2 2 1 1 1 2 1 1 1 1 2 1 5 1 3 1 |2 1 1 2 1 2 1 1 1 3 1 1 1 3 1 1 1 1 |1 1 1 1 1 1 1 |2 1 1 3 3 1 2 1 1 2 1 1 1 3 2 1 5 1 |2 1 1 1 1 1 2 1 1 3 1 1 1 1 1 1 2 1 1 |1 1 1 1 1 1 |1 1 2 1 1 1 1 1 1 1 |2 1 1 4 1 2 1 1 2 1 4 2 1 2 1 1 4 1 1 |1 1 2 4 1 1 1 3 1 |1 1 1 1 1 1 |2 1 5 1 2 4 2 2 2 1 1 1 1 2 1 1 1 |4 4 2 3 1 1 2 1 2 1 1 2 1 1 |1 1 1 1 1 1 1 1 |1 1 1 1 1 1 1 |1 1 1 2 1 1 1 2 1 1 1 2 1 1 3 2 |1 3 2 1 3 1 1 1 1 1 2 1 1 1 1 |1 6 1 1 1 2 1 1 5 1 1 1 1 2 3 1 1 1 |1 1 2 1 2 1 1 1 1 1 1 5 1 1 1 2 |1 1 1 2 1 1 2 1 1 3 1 2 1 1 |2 2 1 1 1 1 1 1 1 |1 2 4 2 3 5 1 2 5 1 1 3 3 1 1 1 1 5 2 2 |1 1 1 1 1 1 1 1 2 1 1 2 2 |2 3 2 2 1 5 1 3 3 6 1 1 2 2 2 1 1 2 1 1 |1 1 1 1 1 1 |1 1 1 1 1 1 3 1 1 1 2 1 |fitness = 91.33026264604864

第26个BestWave: 
1 1 1 1 1 1 1 1 1 1 1 2 1 3 1 3 1 1 |2 1 1 2 2 1 1 6 1 1 1 |1 1 1 1 1 1 1 4 1 3 1 1 |2 1 2 1 5 1 1 1 1 2 3 1 1 2 3 2 |1 1 1 1 1 1 1 1 1 2 |1 2 1 1 1 1 1 1 1 1 2 1 1 4 1 1 2 |2 2 2 1 1 1 4 2 1 1 1 2 1 1 1 1 3 1 |1 1 2 2 1 1 1 |1 2 1 1 1 5 3 1 2 2 3 1 1 2 1 1 1 2 |1 1 3 1 2 1 1 1 1 1 3 1 1 1 1 3 1 1 2 |1 1 1 1 1 1 |1 1 1 1 1 1 1 1 1 1 |1 2 1 4 2 1 1 2 1 3 3 1 1 2 1 1 5 1 1 |1 1 1 3 1 1 1 3 1 |1 1 1 1 1 1 |2 2 2 1 1 1 2 1 1 2 3 1 3 1 3 2 2 |6 1 1 1 1 1 1 1 1 1 1 1 1 1 |1 1 1 1 2 1 1 1 |1 1 1 1 1 1 1 |3 1 3 1 1 1 1 2 1 3 1 2 1 2 3 2 |1 3 1 1 2 3 2 2 2 1 1 1 1 2 1 |1 5 1 1 1 3 1 1 1 1 1 1 1 1 2 1 1 4 |1 3 1 5 1 1 1 2 4 2 1 4 1 2 1 1 |1 1 1 1 1 1 2 1 1 1 1 2 1 1 |5 1 2 1 1 1 1 1 1 |2 1 1 2 3 3 1 4 3 1 2 2 2 1 2 1 1 1 4 1 |2 1 3 1 1 1 1 1 1 1 2 1 1 |4 1 2 1 1 1 1 1 1 2 2 1 6 1 1 1 1 1 1 1 |1 1 1 1 1 1 |2 1 1 1 1 1 3 1 2 1 1 1 |fitness = 91.6244843858761

第27个BestWave: 
1 1 1 2 2 1 4 1 2 2 2 2 1 6 1 6 1 1 |2 1 1 1 1 1 2 1 1 1 3 |1 1 1 2 1 2 1 2 1 1 1 1 |1 1 1 1 2 1 1 1 1 1 6 2 1 1 1 3 |1 1 1 1 1 1 1 2 1 1 |5 3 1 1 1 1 1 1 1 1 1 1 1 2 3 2 1 |1 1 1 1 1 3 1 1 1 2 1 1 1 1 2 4 5 2 |1 1 1 1 1 2 1 |2 3 2 1 1 2 2 2 1 2 3 1 2 1 1 1 2 1 |1 1 1 1 2 2 2 1 2 1 1 1 1 2 1 1 3 1 1 |1 1 1 1 1 1 |1 1 1 1 1 1 1 1 1 1 |2 2 1 2 1 5 1 1 2 1 4 2 2 2 1 1 6 1 2 |1 1 1 4 1 1 1 2 1 |1 1 1 1 1 1 |1 1 2 1 1 2 3 1 1 1 1 1 3 3 1 1 1 |5 1 1 1 1 1 2 1 1 1 1 1 1 1 |1 1 1 1 2 1 1 1 |1 2 1 2 1 1 1 |1 2 2 1 1 2 1 1 1 1 1 1 2 1 1 1 |2 1 1 1 1 1 1 1 1 1 1 1 1 1 2 |1 4 1 1 1 1 1 1 6 2 4 2 2 2 1 3 1 3 |1 1 1 1 1 1 1 1 1 1 1 6 1 1 1 1 |1 1 1 1 1 1 1 1 1 1 2 2 1 3 |1 2 1 1 1 1 1 2 1 |1 1 2 1 3 4 1 1 1 2 1 2 2 1 1 1 1 5 4 2 |1 1 1 1 1 1 1 3 2 1 1 1 1 |3 2 4 1 1 4 1 1 4 1 2 3 6 1 2 1 1 1 2 1 |1 1 1 1 1 1 |1 2 1 2 1 1 1 2 1 1 1 1 |fitness = 91.59420769448906

第28个BestWave: 
1 1 2 1 1 2 1 1 2 1 4 1 2 2 1 6 5 1 |2 1 1 1 1 1 1 3 2 1 1 |1 1 2 1 1 1 2 3 1 1 1 1 |2 2 1 1 3 1 4 2 2 2 6 2 1 1 1 2 |1 1 1 1 1 1 1 1 1 1 |1 1 1 2 1 1 2 1 2 2 1 2 2 4 1 6 1 |1 1 1 3 2 4 4 2 6 1 1 1 1 1 1 1 3 1 |1 1 1 1 1 1 1 |2 1 3 2 2 1 1 1 1 1 4 1 1 1 1 1 2 2 |2 1 2 1 3 2 1 1 1 1 1 2 2 1 3 1 1 1 2 |1 1 1 2 1 1 |1 1 1 1 1 1 1 1 1 1 |3 5 1 6 2 1 1 1 1 1 2 1 1 1 1 1 1 2 1 |1 1 1 1 1 1 1 2 1 |1 1 1 1 1 1 |1 1 5 1 1 1 1 1 1 1 3 1 2 2 2 1 1 |4 1 1 2 1 1 1 1 1 2 1 2 1 1 |2 1 1 1 1 1 1 1 |1 1 1 1 1 1 1 |2 4 1 2 1 1 1 1 2 2 2 1 1 1 1 1 |3 1 1 1 1 1 2 1 1 1 1 1 1 1 1 |1 4 1 2 1 1 1 1 2 1 2 2 1 3 2 2 1 1 |1 1 1 2 2 1 2 1 1 1 1 2 1 2 2 1 |1 2 2 1 1 1 1 2 2 1 1 1 2 1 |2 1 1 1 1 1 1 1 1 |1 1 1 1 5 6 1 1 2 2 1 2 2 2 1 2 2 1 1 1 |1 1 1 1 2 1 1 1 1 1 1 2 1 |1 1 1 1 1 1 1 2 1 3 2 1 5 1 1 1 1 1 1 1 |1 1 1 1 1 1 |1 1 2 1 1 1 1 1 1 1 1 1 |fitness = 91.29913642359207

第29个BestWave: 
1 4 2 1 2 1 2 1 1 1 1 2 2 5 1 3 4 1 |1 1 1 1 1 1 2 1 1 1 2 |1 1 1 1 1 1 2 3 1 1 1 2 |1 2 1 2 2 2 2 1 1 6 2 1 1 1 2 1 |1 1 1 1 1 1 1 1 3 1 |2 2 2 1 1 3 1 2 2 1 1 2 3 3 1 5 1 |2 1 1 2 1 1 1 3 3 1 1 1 3 1 1 1 1 1 |1 1 1 1 1 1 1 |1 1 1 2 1 3 1 3 2 1 1 1 1 1 1 2 2 2 |1 1 1 2 1 1 3 2 1 4 1 2 1 1 1 1 2 1 1 |1 1 1 1 1 1 |1 1 1 1 1 1 1 1 1 1 |1 1 1 5 1 2 2 1 2 1 2 3 4 4 1 2 2 1 1 |1 1 1 1 1 1 1 4 2 |1 1 1 1 1 1 |1 2 1 1 1 2 1 1 2 1 1 2 1 1 1 1 2 |4 2 2 5 1 1 1 1 1 1 1 1 1 1 |1 1 1 1 1 1 1 1 |1 1 2 1 1 1 1 |1 1 2 1 1 2 2 1 1 2 1 2 1 1 2 1 |1 1 1 1 1 1 1 1 1 1 1 3 2 1 4 |1 6 1 1 1 2 1 2 5 2 5 1 1 1 1 1 1 4 |1 1 1 1 1 1 1 1 3 1 1 2 1 1 1 1 |1 1 1 1 1 1 1 1 1 1 1 2 1 2 |1 1 1 1 1 1 1 1 1 |1 2 1 1 5 6 2 1 6 1 3 1 2 1 1 3 1 1 5 1 |1 1 1 1 1 1 1 1 1 1 1 1 1 |1 3 3 2 1 5 2 2 1 2 1 6 4 1 1 1 1 1 1 1 |1 1 1 1 1 1 |1 1 1 1 2 1 2 1 1 1 1 1 |fitness = 91.8710704560487

第30个BestWave: 
3 2 1 1 4 2 2 1 1 2 1 2 2 5 1 4 1 1 |1 1 1 3 2 1 1 2 1 1 1 |1 1 1 1 1 1 1 3 2 1 1 1 |1 1 1 1 4 1 1 1 1 4 5 4 1 2 1 2 |1 1 1 1 1 1 1 1 1 2 |2 1 3 2 1 1 1 1 1 1 1 3 1 1 2 5 1 |1 4 1 1 2 1 1 3 3 6 2 1 3 1 1 1 1 1 |1 1 1 1 1 1 1 |1 2 2 1 3 1 1 1 1 1 6 1 1 1 1 4 6 1 |2 1 2 2 1 1 1 1 1 2 1 2 1 2 1 4 1 1 1 |1 1 1 1 1 1 |1 1 1 1 1 1 1 1 1 1 |1 1 2 4 1 3 1 1 1 2 3 1 2 6 1 1 2 1 1 |1 1 1 4 3 1 1 1 2 |1 1 1 1 1 1 |2 1 2 1 1 1 2 1 1 2 3 3 1 1 1 1 1 |4 2 1 2 1 1 2 1 2 1 1 1 1 1 |1 1 2 1 1 1 1 1 |1 1 1 2 1 1 1 |1 1 2 3 1 1 1 2 1 1 1 1 2 1 1 2 |1 4 1 1 1 1 1 1 2 2 2 1 2 1 1 |2 5 1 1 1 2 1 1 1 1 1 1 2 2 2 1 3 2 |1 1 1 4 1 1 2 1 3 1 2 1 1 2 1 1 |1 1 3 1 2 1 1 1 2 1 1 1 1 1 |1 1 1 1 1 1 1 1 1 |1 1 1 1 3 6 1 1 2 2 1 1 1 2 2 1 2 2 1 1 |1 1 1 1 1 1 2 1 2 1 1 1 1 |5 1 1 1 2 2 1 2 1 1 2 2 2 2 2 1 1 1 1 1 |1 1 1 1 1 1 |1 1 1 1 1 1 1 2 1 2 1 1 |fitness = 93.10642525758281

第31个BestWave: 
3 2 2 1 1 2 1 2 1 1 1 1 2 1 1 6 3 4 |1 1 1 3 1 1 1 2 1 3 2 |1 1 1 1 2 1 1 3 1 1 1 1 |1 1 1 1 5 1 5 4 2 1 6 1 6 1 1 1 |1 1 1 1 1 1 1 1 1 1 |2 1 1 1 3 1 1 1 3 1 1 1 2 3 1 6 2 |1 1 1 1 1 2 1 1 2 1 1 1 1 2 1 2 1 3 |1 1 1 1 1 1 1 |1 1 1 1 1 1 1 1 2 1 1 1 1 1 1 1 2 2 |1 1 1 2 1 1 4 4 2 2 1 1 1 1 1 1 1 1 1 |1 1 1 1 1 1 |1 1 1 1 1 1 1 1 1 1 |1 1 2 2 1 4 2 1 1 2 5 1 3 3 1 1 5 1 2 |1 1 1 1 1 1 1 4 1 |1 1 2 1 1 1 |5 2 1 1 2 1 1 1 1 5 1 2 1 1 1 5 1 |2 1 1 1 1 1 3 1 1 1 1 1 2 1 |1 1 1 1 1 1 1 1 |1 1 1 1 1 1 1 |1 1 2 2 3 1 1 2 2 1 1 1 1 2 1 2 |2 1 3 1 1 1 1 1 1 2 1 1 1 1 2 |2 6 1 1 1 2 2 1 1 1 1 1 1 2 1 3 1 1 |1 1 1 2 1 1 1 3 2 1 1 3 2 1 1 1 |1 1 1 1 1 1 1 1 1 1 1 1 1 2 |1 2 1 1 1 1 2 1 1 |1 3 1 1 5 6 2 1 6 1 1 2 1 1 1 1 1 4 3 1 |1 3 1 1 1 1 2 1 1 1 1 1 2 |1 1 1 1 1 1 1 1 2 1 2 1 6 1 3 2 1 3 1 1 |2 1 1 1 1 1 |1 2 1 1 1 1 1 1 1 1 2 1 |fitness = 90.83614405769171

第32个BestWave: 
1 2 2 1 2 1 1 2 2 1 1 1 2 3 1 5 2 2 |1 1 1 1 1 1 1 1 1 1 1 |1 1 1 1 2 1 1 1 1 1 1 1 |1 1 1 1 4 1 1 2 2 2 4 1 3 1 1 1 |3 1 1 1 1 1 1 1 1 1 |5 1 1 1 1 1 1 2 1 1 2 1 1 1 1 4 2 |1 1 3 1 1 1 1 1 3 2 2 1 4 2 2 1 1 1 |1 1 1 1 1 1 1 |1 1 1 1 3 1 1 1 1 1 2 1 1 1 1 1 4 1 |2 1 2 3 1 4 2 1 1 6 1 1 1 1 1 1 2 1 1 |1 1 1 1 1 1 |1 1 1 1 1 1 2 1 1 1 |1 1 1 5 1 2 1 1 1 4 3 1 1 1 1 3 2 2 1 |1 1 2 2 1 1 1 3 1 |1 1 1 1 1 1 |1 1 1 1 2 3 1 2 1 1 2 1 1 1 1 1 1 |4 2 1 1 1 1 1 1 1 1 1 3 1 1 |3 1 1 1 1 1 1 3 |1 2 1 1 1 1 1 |1 1 1 1 1 1 1 2 1 1 1 1 1 1 2 1 |1 1 1 1 2 2 1 2 2 1 1 1 1 1 1 |1 3 1 1 2 3 1 1 1 1 2 2 1 2 2 1 1 1 |1 1 1 1 1 1 1 1 1 1 1 2 1 1 2 1 |1 1 1 1 1 1 1 1 1 1 1 2 2 2 |1 2 1 2 1 1 1 1 1 |1 2 3 1 4 3 1 1 3 1 1 1 1 2 1 1 1 4 3 3 |1 1 1 1 2 1 1 1 1 1 1 1 1 |3 1 1 1 1 6 1 1 1 2 2 2 3 1 4 1 1 1 1 2 |1 1 1 1 1 1 |1 1 1 1 2 1 1 1 1 1 2 1 |fitness = 91.32963471599821

第33个BestWave: 
1 1 1 1 2 2 1 3 1 1 3 2 1 2 1 5 4 2 |1 1 1 1 1 1 1 1 1 1 1 |1 1 1 1 1 1 1 2 1 1 1 1 |2 1 1 1 5 1 3 1 2 5 3 4 1 1 1 1 |1 1 1 1 1 1 1 1 1 1 |1 1 1 1 1 1 1 3 1 1 1 1 3 2 1 4 2 |1 1 2 2 1 5 2 2 3 2 2 3 1 1 2 4 1 1 |1 1 1 1 1 1 1 |1 1 1 1 1 1 1 1 1 1 5 1 2 1 1 1 4 1 |1 1 1 2 2 1 1 1 1 3 1 1 1 1 2 1 1 1 1 |1 1 1 1 1 1 |1 1 1 1 1 1 1 1 1 1 |1 2 1 4 2 5 2 1 3 1 2 1 1 3 1 1 2 1 1 |1 1 1 3 1 2 1 2 1 |1 1 1 1 1 1 |1 1 1 2 2 1 3 1 1 1 2 1 1 1 1 1 1 |1 1 1 2 1 1 1 1 1 1 2 1 1 1 |1 1 1 1 1 1 1 1 |1 2 1 2 1 1 1 |2 1 2 2 1 1 2 2 1 2 1 1 3 1 1 2 |2 1 1 1 1 1 1 1 1 2 1 1 1 2 1 |1 5 1 1 2 1 1 1 1 2 2 1 2 1 2 1 1 2 |1 1 2 2 1 1 1 1 2 1 1 6 2 1 1 2 |1 1 1 3 1 1 1 1 1 2 1 1 1 1 |2 1 1 2 1 1 1 1 1 |5 2 4 1 5 4 2 1 1 1 2 1 1 1 1 1 1 1 5 2 |1 2 2 1 1 1 1 1 1 3 1 1 2 |4 1 2 1 2 6 3 1 3 3 3 2 3 2 2 2 2 2 2 1 |1 1 1 1 1 1 |4 1 1 1 1 1 1 1 1 1 1 1 |fitness = 91.36973982280406

第34个BestWave: 
1 2 1 1 4 1 1 1 1 1 1 2 2 4 1 5 2 1 |1 2 1 2 1 1 1 3 1 2 1 |1 1 1 1 1 1 1 1 1 2 1 1 |2 2 1 1 2 2 3 1 2 1 1 1 2 1 1 3 |1 2 1 1 2 1 1 1 1 1 |1 1 1 1 1 1 2 1 1 1 2 3 1 1 2 4 1 |2 1 1 1 1 3 2 2 2 2 1 1 1 1 1 1 3 4 |1 1 1 1 1 1 1 |1 1 5 1 1 1 1 1 1 2 5 1 1 1 2 1 5 2 |2 2 3 1 1 1 1 2 1 1 1 1 2 2 1 2 1 3 1 |1 1 2 1 1 1 |1 1 1 2 1 1 1 1 1 1 |1 2 1 2 1 1 1 1 1 4 3 1 1 2 1 1 2 2 2 |2 3 1 5 2 1 1 2 1 |1 1 1 1 1 1 |1 2 3 3 1 1 3 1 1 1 3 1 1 1 1 1 1 |5 1 1 1 1 1 1 1 1 1 1 1 1 1 |1 1 1 1 1 1 1 1 |1 1 1 1 1 1 1 |2 1 2 1 2 1 1 2 4 1 1 1 1 2 1 1 |2 1 1 1 1 2 1 1 2 1 2 1 1 2 2 |1 6 4 1 1 3 2 1 1 2 3 1 1 2 2 1 1 1 |1 1 1 1 1 2 1 1 1 1 1 1 1 1 2 2 |1 1 1 2 1 1 2 1 1 1 1 1 2 2 |4 1 1 1 1 1 1 1 1 |2 1 2 3 2 6 1 2 4 1 1 2 1 1 3 2 1 2 3 1 |1 2 1 1 2 1 1 1 1 1 2 1 1 |2 2 2 1 1 2 2 1 1 3 1 4 6 1 2 1 2 1 1 1 |1 2 1 2 1 1 |1 3 1 1 1 1 2 2 1 1 1 1 |fitness = 91.37934930274434

第35个BestWave: 
2 3 1 1 3 1 1 1 1 2 2 1 1 4 2 3 3 1 |1 1 1 3 1 3 1 2 1 1 1 |1 1 1 1 1 1 1 2 1 1 1 1 |1 1 1 1 1 2 4 1 1 2 5 1 1 1 1 1 |1 1 1 1 1 1 1 1 1 2 |5 1 1 1 1 2 2 1 1 1 1 1 1 2 1 6 1 |1 3 2 1 1 5 1 1 2 1 1 1 1 1 3 1 3 1 |1 1 1 1 2 1 2 |2 1 1 1 2 3 1 1 1 2 1 1 1 1 2 3 1 2 |1 3 1 3 2 1 1 1 1 1 2 2 2 2 2 1 1 2 1 |1 1 1 1 1 1 |2 1 1 2 1 1 1 3 1 1 |1 2 1 5 1 5 1 2 2 1 3 1 1 1 1 1 5 1 1 |2 2 1 2 1 1 1 3 1 |1 1 1 1 1 1 |3 1 3 1 1 1 2 2 1 1 3 1 1 2 1 2 1 |2 1 1 2 1 1 2 2 1 1 1 1 1 2 |1 1 1 1 1 1 1 1 |1 1 1 1 1 1 1 |2 2 1 2 3 2 1 1 1 1 1 1 2 1 4 2 |1 1 1 2 1 1 5 1 1 1 1 1 1 1 1 |1 2 1 1 1 3 1 1 1 2 1 2 1 1 1 1 1 4 |1 1 2 4 1 2 1 1 1 3 2 2 1 1 3 2 |1 1 2 2 1 1 2 1 1 1 1 1 2 2 |1 1 1 1 1 1 1 3 1 |1 2 2 1 2 2 2 1 3 1 1 2 1 2 1 1 1 1 6 1 |3 1 2 1 1 1 1 1 1 1 2 2 1 |6 1 1 1 1 5 1 1 1 1 1 4 2 1 1 1 1 1 1 1 |1 1 1 1 1 1 |1 1 1 1 1 1 6 1 1 1 1 2 |fitness = 91.46541128246173

第36个BestWave: 
1 1 1 1 1 1 1 1 1 1 1 4 1 5 2 6 1 1 |1 1 1 2 1 1 1 1 1 1 1 |1 1 1 2 1 2 1 2 1 2 1 1 |1 1 1 1 2 2 5 1 1 1 6 3 1 3 1 1 |2 2 1 1 1 2 1 1 1 1 |1 2 1 2 1 1 1 1 1 1 1 1 2 3 1 4 1 |2 1 4 1 1 3 1 1 1 1 3 1 2 2 1 1 1 2 |1 1 2 2 3 1 1 |2 3 3 1 1 1 1 1 1 1 2 2 1 1 2 2 1 1 |3 1 1 2 3 1 1 1 1 1 1 5 1 4 1 1 2 4 1 |1 1 1 1 1 1 |1 1 1 1 1 1 1 1 1 1 |1 1 1 3 1 5 1 2 1 2 5 1 1 3 1 1 5 4 3 |1 1 1 5 1 1 1 4 1 |1 1 1 1 1 1 |1 3 3 1 1 2 2 1 1 1 1 2 1 2 1 1 1 |6 2 2 1 1 1 1 1 1 1 2 1 1 1 |1 1 1 1 1 1 1 1 |1 1 1 1 1 1 1 |1 1 1 1 1 1 1 3 2 1 1 1 1 1 1 1 |1 4 1 1 2 1 3 1 1 1 1 2 1 1 1 |3 4 1 1 1 1 1 1 1 1 4 1 3 1 1 1 1 1 |2 1 1 1 1 1 1 3 2 1 1 4 2 1 3 1 |1 1 2 2 1 1 2 1 1 3 1 1 1 1 |3 1 1 1 1 1 1 1 1 |1 1 1 1 4 1 2 2 1 2 1 1 1 2 2 2 1 1 6 2 |1 1 1 1 1 1 1 1 1 1 1 1 2 |1 1 1 1 4 6 1 2 2 2 1 1 4 1 1 1 1 1 1 1 |1 1 1 1 1 1 |2 1 1 2 1 1 1 1 1 1 1 1 |fitness = 92.15273207101195

第37个BestWave: 
1 3 5 3 1 1 2 1 1 1 1 1 3 2 1 4 1 1 |1 1 1 2 1 1 1 1 1 1 2 |1 1 1 1 1 1 1 6 2 1 1 1 |1 2 1 2 6 1 5 1 1 2 1 1 1 1 1 1 |1 1 1 1 1 1 1 1 1 1 |2 2 1 1 1 1 1 1 1 1 5 2 1 1 1 3 1 |1 2 1 2 1 2 2 3 1 2 1 2 1 1 1 2 1 1 |1 1 1 1 1 1 1 |1 1 1 1 1 1 2 1 1 1 1 1 1 1 1 1 2 5 |1 1 3 4 1 1 4 3 2 2 2 1 1 2 1 2 2 1 1 |1 1 1 1 1 1 |1 1 1 1 1 2 1 1 1 1 |3 1 2 3 1 6 1 2 1 3 5 2 2 1 1 1 5 1 1 |1 1 1 4 1 1 1 1 1 |1 1 2 1 1 1 |1 1 2 1 1 1 2 2 1 1 3 1 1 1 1 2 1 |6 1 1 1 1 1 3 1 1 1 1 1 1 1 |1 1 1 2 1 1 1 1 |1 1 1 6 1 1 1 |1 1 1 1 1 1 1 2 1 2 1 1 1 1 1 1 |1 1 1 1 1 1 1 1 2 1 1 1 1 2 1 |1 4 1 2 2 1 1 1 1 1 2 2 1 2 3 1 1 2 |1 1 1 2 1 2 1 1 2 1 2 2 1 1 1 1 |1 1 1 1 1 1 1 1 1 1 1 1 1 1 |2 1 1 1 1 1 1 2 1 |1 1 1 2 4 4 1 2 1 2 1 1 3 2 1 1 1 2 3 3 |1 1 1 1 2 1 1 1 1 2 2 1 1 |1 1 1 4 2 2 1 2 2 1 2 3 5 1 2 1 3 2 1 3 |1 1 1 1 1 1 |1 1 1 1 1 1 1 1 1 1 1 1 |fitness = 91.14607567473314

第38个BestWave: 
1 1 1 1 1 1 2 2 1 1 1 1 1 2 1 6 1 1 |1 1 1 1 1 1 1 3 1 1 1 |1 1 1 1 1 1 1 3 1 1 1 1 |3 1 1 1 3 2 5 1 5 1 4 4 1 1 1 1 |1 1 1 1 1 1 1 2 1 1 |1 2 1 2 1 1 2 1 1 1 1 2 1 1 4 4 1 |1 1 1 2 2 1 1 3 2 3 1 1 1 5 1 1 2 1 |1 1 1 1 1 1 1 |1 2 1 4 1 2 1 4 1 1 2 2 2 1 1 3 1 2 |1 2 1 1 1 2 1 1 1 2 2 2 2 1 1 1 1 1 1 |1 1 1 2 1 1 |2 1 1 1 1 1 1 1 1 1 |1 1 1 6 1 4 1 1 1 1 4 1 4 5 1 2 3 1 2 |1 1 1 5 1 1 1 2 1 |1 1 1 1 1 1 |1 1 3 3 1 5 1 1 1 2 2 1 2 2 1 2 1 |4 1 1 1 1 1 1 2 1 1 1 1 1 1 |1 1 1 1 1 1 1 1 |2 1 1 1 1 1 1 |2 1 1 1 1 2 3 2 1 1 1 2 1 1 1 1 |1 1 1 1 1 1 1 1 2 1 1 4 1 1 1 |1 3 1 2 1 2 2 2 2 1 1 2 1 5 1 1 2 6 |1 1 1 2 1 1 2 1 1 1 1 1 1 1 1 1 |1 1 2 1 1 1 1 1 1 2 1 1 2 1 |3 1 1 2 1 1 1 1 1 |2 1 1 1 4 2 1 2 4 1 1 1 1 2 3 1 2 1 3 2 |3 1 1 1 1 3 1 3 1 1 1 1 2 |3 1 2 1 1 1 1 1 1 4 1 2 3 1 1 1 2 2 3 2 |1 1 1 1 1 1 |2 1 1 1 1 2 3 1 1 2 1 1 |fitness = 91.45626685103677

第39个BestWave: 
1 1 1 1 1 1 1 1 1 1 1 1 1 4 1 6 1 1 |1 1 1 3 2 3 1 3 1 3 1 |1 1 1 1 1 1 1 2 1 1 1 1 |1 1 1 1 1 2 4 1 1 1 5 3 1 1 1 1 |1 1 1 1 1 2 1 1 1 1 |1 2 1 1 1 1 1 1 2 1 1 4 1 2 1 5 1 |4 2 2 2 1 2 1 1 2 3 1 2 2 1 1 1 2 1 |1 1 1 1 1 1 1 |1 1 1 1 3 3 2 1 1 2 2 1 1 1 1 3 1 2 |2 4 2 1 1 1 4 1 1 2 1 2 1 1 1 3 1 1 1 |1 1 1 1 1 1 |1 1 2 2 1 1 1 1 1 1 |1 3 1 4 1 4 1 2 1 1 2 1 1 4 1 1 2 1 1 |1 1 1 1 1 1 1 6 1 |1 1 1 1 1 1 |2 3 1 4 1 1 1 1 1 3 1 3 2 1 2 2 1 |5 1 1 2 1 2 2 1 1 1 2 2 2 2 |1 2 1 1 1 1 1 1 |1 1 1 1 1 1 1 |1 1 2 2 1 1 1 1 1 1 3 1 1 1 2 1 |1 1 1 1 1 1 1 1 1 2 1 1 1 1 1 |1 3 1 1 1 1 1 1 1 3 2 1 1 3 2 2 1 4 |1 1 1 3 1 1 2 2 1 1 1 3 2 2 1 1 |1 1 1 3 1 1 1 3 1 1 1 2 1 1 |2 1 1 1 1 1 1 1 1 |2 1 2 1 5 6 2 1 4 1 1 1 1 1 2 1 1 1 2 1 |1 1 1 1 1 1 2 1 1 1 2 1 1 |1 2 2 2 1 4 1 2 1 2 3 5 1 3 4 3 1 1 1 1 |1 1 1 1 1 1 |2 1 1 2 1 1 3 1 1 2 3 1 |fitness = 93.2358712746652

第40个BestWave: 
2 4 2 1 1 1 1 1 1 1 2 1 1 4 2 1 2 1 |1 1 1 1 1 1 1 1 1 1 1 |1 1 2 1 1 1 1 4 1 1 1 1 |1 1 2 2 6 1 2 1 1 5 5 2 2 1 1 1 |1 1 1 1 1 1 2 2 2 1 |1 1 1 1 1 1 1 2 2 2 2 1 1 4 2 1 2 |1 2 1 2 1 5 5 1 3 2 1 1 2 1 2 1 1 1 |1 1 1 1 1 1 1 |3 1 1 1 2 2 2 1 3 1 1 1 1 2 1 1 2 3 |4 1 1 1 1 1 1 1 1 4 1 1 1 1 1 2 1 1 4 |1 1 1 1 1 1 |1 1 1 1 1 1 1 1 1 2 |4 1 1 5 1 4 2 1 1 4 2 1 1 2 1 1 3 2 1 |1 1 1 3 1 1 1 1 2 |1 1 1 1 1 1 |2 1 4 1 1 1 2 1 1 3 3 1 1 1 1 1 1 |5 1 1 1 1 1 1 1 1 1 2 1 4 1 |1 1 1 1 1 1 1 1 |1 1 1 4 1 1 1 |1 1 1 1 1 1 1 3 3 2 3 1 1 1 1 2 |1 1 3 1 1 1 1 1 3 3 1 1 1 1 1 |1 6 1 3 1 1 1 1 2 1 1 1 1 3 2 1 1 1 |2 2 1 1 5 1 1 1 1 2 1 1 1 2 1 1 |1 2 1 2 1 1 1 1 1 2 1 1 2 1 |1 1 1 1 1 1 1 1 1 |1 1 1 1 4 5 1 1 1 1 1 1 1 1 1 1 1 1 2 1 |2 1 1 2 1 1 1 1 2 1 1 1 2 |5 4 1 1 2 3 2 1 1 2 3 4 5 1 1 1 1 1 4 1 |1 1 1 1 1 1 |1 1 1 1 1 2 1 1 1 1 2 1 |fitness = 91.90134670299841

第41个BestWave: 
2 1 1 1 2 1 3 3 1 1 1 2 1 2 1 3 2 1 |1 1 1 1 1 2 1 1 1 1 1 |2 1 1 2 1 1 1 1 1 3 1 1 |2 1 1 1 2 1 3 1 1 1 2 1 4 1 2 1 |1 1 1 1 1 1 1 1 1 1 |2 1 1 1 1 2 3 1 2 1 2 1 1 4 1 4 1 |1 1 3 1 1 4 1 2 2 2 1 1 1 1 1 1 1 1 |1 1 1 1 1 1 1 |2 1 1 1 1 1 4 1 1 1 4 1 1 1 1 1 3 1 |3 2 1 2 2 1 1 1 1 3 1 1 1 3 1 1 1 1 1 |1 1 1 1 1 1 |1 1 1 2 1 1 1 1 1 1 |3 2 1 5 1 6 1 1 1 1 2 1 1 4 1 1 4 2 1 |1 1 1 4 1 2 1 1 1 |1 1 1 1 1 1 |1 1 3 1 1 1 2 1 1 1 4 1 2 2 1 1 1 |2 1 3 1 1 1 1 2 1 1 1 1 1 1 |1 1 1 1 1 1 1 1 |1 1 1 1 2 1 1 |1 1 2 3 1 2 2 1 1 1 1 1 1 1 1 1 |1 1 1 1 1 1 1 1 1 1 1 1 1 1 1 |1 3 1 1 1 1 2 1 2 1 1 1 1 4 2 1 1 3 |1 1 1 2 1 2 1 1 3 3 1 4 1 3 1 5 |1 1 1 1 1 1 1 1 1 1 1 1 2 1 |2 1 1 1 2 1 1 1 1 |1 1 2 1 4 5 1 2 2 1 1 2 1 2 1 2 1 1 4 1 |2 1 1 1 1 1 1 1 1 2 1 2 1 |1 2 5 3 1 4 1 1 2 1 1 2 4 1 3 1 1 1 1 1 |1 1 2 1 1 1 |1 1 1 1 1 1 2 4 1 1 1 1 |fitness = 91.76898581015175

第42个BestWave: 
1 3 1 1 1 1 1 1 2 2 1 1 1 4 2 6 1 1 |1 1 1 1 1 1 2 1 2 1 1 |1 1 1 1 1 1 1 5 1 1 1 2 |1 1 2 1 3 1 5 1 1 1 3 1 1 1 1 2 |1 1 1 1 1 1 1 1 1 1 |2 2 1 1 2 1 1 3 1 3 1 1 2 1 1 1 1 |1 1 1 1 1 5 1 1 6 1 1 2 1 1 1 4 2 1 |1 1 1 1 1 1 1 |1 1 2 1 2 4 1 2 1 1 4 1 1 1 2 2 1 2 |1 1 1 1 1 1 4 1 1 4 1 1 1 1 1 1 1 2 1 |1 1 1 1 1 1 |1 1 1 1 1 1 1 1 1 1 |3 2 1 3 1 4 1 1 1 1 3 1 2 2 1 1 3 1 1 |1 1 1 3 1 2 1 1 1 |1 1 1 1 1 1 |1 1 1 3 1 1 2 1 1 1 4 1 1 1 2 1 2 |5 1 1 2 1 1 2 1 1 1 4 1 1 2 |1 1 1 1 1 1 1 1 |1 1 1 1 1 1 2 |2 2 1 1 1 1 1 5 3 2 1 1 2 1 1 2 |1 1 1 1 1 3 1 1 1 1 1 1 2 2 1 |1 6 2 1 1 1 1 1 1 1 1 1 3 4 2 1 3 2 |1 1 2 1 2 1 1 6 4 1 1 1 3 1 1 1 |1 1 1 3 2 1 1 1 1 1 1 1 1 1 |1 1 1 1 1 1 1 1 1 |2 1 2 2 6 2 1 1 1 2 2 2 1 1 1 1 1 1 4 1 |1 1 1 3 1 1 1 1 1 2 1 3 2 |2 1 2 1 1 4 1 3 1 1 1 5 4 1 3 1 1 1 5 2 |1 1 1 1 1 1 |2 1 1 1 1 1 5 1 1 1 1 1 |fitness = 91.37445230794835

第43个BestWave: 
2 1 1 2 1 1 1 3 1 1 1 1 1 4 1 4 2 1 |2 2 1 1 1 2 1 1 1 1 1 |1 1 2 1 1 1 1 1 1 1 1 2 |1 1 1 1 1 1 3 1 2 1 3 1 1 2 1 1 |1 1 2 1 1 1 1 1 1 1 |5 1 1 1 1 1 1 1 1 1 1 2 2 2 1 3 1 |3 1 1 2 3 2 3 3 1 1 1 2 3 2 1 1 1 1 |1 1 1 1 1 1 1 |1 1 1 1 2 3 3 2 1 1 3 1 1 1 1 1 1 1 |3 1 2 4 1 2 1 1 1 3 1 4 1 1 1 2 2 2 1 |1 1 1 1 1 1 |1 1 1 1 1 1 1 1 1 1 |1 3 1 6 1 5 1 2 1 1 3 1 1 3 3 2 2 1 1 |1 1 1 6 1 1 1 1 1 |1 1 1 1 1 1 |2 1 3 1 1 4 1 1 1 2 1 1 1 1 1 1 1 |3 1 2 1 1 1 1 1 1 2 1 1 1 1 |1 1 1 1 1 1 1 1 |1 1 1 1 1 2 1 |1 1 5 1 2 1 1 1 5 1 1 3 1 1 1 2 |1 1 1 1 1 1 1 1 1 1 1 5 1 1 2 |1 5 1 1 1 1 1 1 1 1 2 1 1 3 1 2 3 1 |2 2 1 2 1 1 1 2 4 1 1 1 2 4 1 1 |1 1 1 3 1 1 1 2 1 1 1 1 4 1 |4 1 1 1 1 1 1 2 1 |1 1 1 2 1 6 2 1 5 2 1 3 1 1 1 1 2 1 5 1 |1 2 1 1 1 1 1 1 1 2 1 2 2 |4 2 4 1 1 4 2 2 2 1 1 2 3 2 1 2 1 1 4 1 |1 1 1 1 1 1 |1 1 1 1 2 1 1 1 1 1 1 1 |fitness = 91.49636446228232

第44个BestWave: 
1 2 4 2 1 1 1 2 1 2 2 2 1 2 1 5 5 1 |1 1 2 3 1 1 1 2 1 1 1 |2 1 1 1 1 2 1 4 1 1 2 1 |3 2 1 2 4 1 3 1 5 4 4 4 1 1 1 1 |1 1 1 1 1 1 1 1 1 1 |4 1 1 2 1 2 1 2 1 2 1 1 1 2 1 2 2 |1 1 1 1 1 1 2 1 3 1 1 2 5 1 1 2 2 4 |1 1 1 3 1 1 1 |2 2 1 2 1 2 2 1 2 1 1 2 1 1 1 2 2 1 |1 1 2 1 1 1 4 1 2 2 1 1 1 2 1 2 1 1 1 |1 1 1 1 1 1 |1 1 1 1 1 1 1 1 1 1 |1 1 1 2 2 4 1 3 1 1 2 1 2 1 1 2 1 1 2 |2 1 1 2 1 1 1 1 1 |1 1 1 1 1 1 |1 1 4 1 1 1 1 2 1 1 4 1 2 1 1 1 3 |3 1 1 1 1 1 2 1 1 1 1 4 1 1 |1 1 1 2 2 1 1 1 |1 1 1 1 1 1 1 |1 1 3 2 1 1 1 1 1 1 1 1 1 1 1 1 |1 1 1 1 1 1 1 1 1 3 1 1 1 1 1 |1 6 1 1 1 2 1 1 3 1 1 1 1 3 1 1 1 1 |1 1 1 1 1 1 2 2 4 1 1 3 1 1 1 1 |1 2 1 2 2 1 1 1 1 1 1 1 1 1 |1 1 2 2 1 1 1 1 1 |2 2 2 1 3 2 2 1 6 1 1 1 1 1 1 1 1 1 5 1 |1 1 1 1 2 2 2 3 1 2 1 1 1 |4 2 1 2 3 4 1 1 1 2 2 1 5 1 5 2 1 2 2 1 |1 1 1 2 1 1 |1 2 1 1 1 1 3 1 1 1 1 1 |fitness = 91.88156751867102

第45个BestWave: 
2 1 1 3 1 2 1 1 1 1 3 2 1 5 1 6 6 1 |1 2 1 2 1 1 1 1 1 2 1 |1 1 1 1 2 1 2 4 1 1 1 1 |1 2 1 1 4 1 5 3 1 1 4 1 1 1 1 3 |1 1 1 1 1 1 1 1 1 1 |1 1 1 2 1 1 1 1 1 1 1 1 1 4 1 3 1 |1 1 4 1 1 1 1 1 1 1 1 1 3 1 1 1 1 2 |1 1 1 1 2 1 1 |1 2 1 1 1 1 2 1 2 1 1 1 1 1 1 1 1 1 |1 1 2 1 1 2 1 1 1 4 1 2 2 1 1 2 1 1 1 |1 1 1 1 1 1 |1 1 1 1 1 1 1 1 1 1 |1 1 2 1 1 2 2 1 1 2 4 1 1 1 1 1 2 1 1 |1 1 1 4 1 1 1 1 1 |1 1 1 1 1 1 |1 1 2 1 1 1 1 1 1 1 3 4 1 1 1 2 2 |5 1 1 1 1 1 4 2 2 1 2 1 2 1 |1 1 1 1 1 1 1 1 |1 1 1 1 1 1 1 |2 2 2 2 1 1 2 1 1 4 2 1 1 1 2 1 |1 1 1 1 1 1 1 2 1 1 1 1 1 3 2 |1 3 1 1 1 1 1 1 1 1 2 1 1 1 1 1 1 2 |1 1 1 1 1 1 1 2 2 1 1 3 1 1 1 1 |1 1 1 1 2 1 2 1 1 2 2 1 1 2 |1 1 1 1 1 1 2 1 1 |1 1 3 3 2 4 1 1 3 1 1 1 1 1 1 2 4 1 2 1 |1 1 1 1 1 1 1 1 1 3 1 1 1 |3 1 3 1 1 2 2 1 1 1 5 1 2 2 2 1 1 1 1 1 |1 1 1 1 1 1 |1 1 2 1 1 1 6 1 1 1 1 1 |fitness = 91.68271502114472

第46个BestWave: 
1 1 1 1 1 1 1 1 1 1 1 1 1 4 1 3 3 1 |1 1 1 1 1 1 1 1 3 1 1 |1 1 2 1 2 1 1 1 1 1 1 1 |1 1 2 3 1 1 6 1 1 1 2 4 2 1 2 3 |1 1 1 1 1 1 1 1 1 1 |1 1 1 1 2 2 1 1 1 1 1 1 1 3 1 3 1 |1 1 1 1 1 3 1 1 3 1 2 2 1 4 1 1 1 1 |1 1 1 1 1 1 1 |3 1 1 1 1 3 1 1 1 1 1 1 1 1 1 1 2 1 |3 1 1 2 2 1 3 1 1 1 2 1 1 1 1 1 1 1 1 |1 1 1 1 1 1 |1 1 1 1 1 1 1 1 1 1 |2 1 1 1 1 1 1 2 2 1 6 1 1 1 1 1 3 1 1 |1 1 1 3 2 1 1 1 1 |1 1 1 1 1 1 |1 1 3 2 1 1 1 1 1 1 3 1 1 1 1 1 1 |1 1 1 1 1 1 1 1 1 1 1 1 1 1 |2 1 1 1 1 1 1 1 |1 1 1 1 1 1 1 |1 1 1 2 1 2 1 2 2 1 1 1 1 1 1 1 |1 3 1 1 1 1 1 1 1 1 1 1 1 1 2 |1 4 1 1 3 1 1 1 1 1 1 1 2 3 1 1 1 2 |1 1 1 1 1 1 1 1 4 2 1 2 1 1 3 1 |1 1 1 2 1 1 1 1 1 2 1 1 3 1 |1 1 1 1 1 1 1 1 1 |2 1 3 1 6 6 1 1 4 2 1 2 2 1 2 1 1 1 4 2 |1 2 1 1 1 1 2 1 1 1 2 1 1 |1 1 1 1 1 5 1 1 1 1 1 1 2 1 1 1 1 1 1 2 |1 1 1 1 1 1 |1 1 1 1 1 1 1 1 1 1 1 2 |fitness = 90.92272689817689

第47个BestWave: 
1 1 1 2 1 2 1 1 1 1 2 1 1 4 1 6 1 1 |1 1 2 4 1 2 3 1 1 2 1 |2 1 1 2 1 2 1 1 1 1 1 1 |2 4 1 1 2 1 1 1 1 3 5 1 1 1 1 1 |1 2 1 1 1 1 1 1 1 1 |2 1 1 1 1 4 2 1 1 1 1 3 1 1 2 5 3 |1 1 6 4 1 4 2 2 1 1 2 1 2 1 1 1 3 1 |1 1 1 1 1 1 1 |6 1 1 1 1 2 1 1 1 1 2 1 1 1 1 1 1 3 |1 1 1 1 1 1 1 1 1 2 1 1 2 1 1 2 1 3 1 |1 2 1 1 1 1 |1 1 1 1 1 1 1 1 1 1 |1 4 1 4 1 4 1 2 2 2 3 2 1 3 1 2 6 1 1 |1 1 2 1 1 1 1 1 1 |1 1 1 1 1 1 |1 1 1 1 1 1 1 1 1 1 1 2 1 2 2 1 1 |3 1 1 1 1 1 4 1 1 1 2 2 1 1 |1 1 1 1 1 1 1 1 |1 1 1 1 1 1 1 |3 1 1 1 1 2 3 1 1 2 1 1 1 1 1 4 |1 3 1 1 1 1 1 1 1 2 2 1 2 3 1 |1 4 2 1 2 2 3 1 2 1 1 1 2 1 1 1 1 4 |1 1 2 1 1 2 1 1 4 1 1 1 2 1 1 2 |1 2 1 2 1 2 1 1 1 2 1 2 1 1 |3 1 1 1 1 1 1 1 1 |2 1 1 3 6 5 2 1 1 2 1 1 1 1 1 3 1 4 2 1 |1 1 1 1 1 1 1 2 2 1 1 2 1 |1 1 1 1 1 2 1 2 3 1 1 3 5 1 1 2 1 1 3 1 |1 1 1 1 1 1 |1 1 1 1 1 1 4 1 1 1 1 2 |fitness = 91.7354072913845

第48个BestWave: 
1 2 1 1 1 1 2 1 1 1 1 2 1 3 1 6 2 1 |3 2 1 1 2 3 1 2 1 1 1 |1 1 1 1 1 1 1 4 2 1 1 1 |2 1 2 2 2 1 4 1 1 2 5 2 1 1 1 1 |1 1 1 1 1 1 1 1 2 2 |1 1 1 1 1 1 1 3 2 1 3 1 3 2 1 1 3 |1 1 2 1 1 4 2 1 3 1 1 1 3 1 1 1 1 1 |1 1 1 1 2 1 1 |1 3 1 3 2 5 2 1 1 1 4 2 1 1 1 5 1 1 |1 2 1 3 1 1 1 1 1 1 1 1 1 1 2 2 1 1 2 |1 1 1 1 1 1 |1 1 1 1 1 1 1 1 1 1 |3 1 1 1 1 3 1 1 2 2 1 1 3 1 1 1 1 2 4 |1 1 1 5 1 1 2 3 1 |2 1 1 1 1 1 |2 1 1 1 1 1 4 1 1 1 1 1 3 1 1 1 1 |4 1 1 1 2 1 2 2 1 2 1 1 1 1 |1 1 1 1 1 2 1 1 |1 1 1 1 1 1 1 |1 1 1 1 1 1 1 2 1 3 1 1 1 3 2 1 |2 1 1 1 1 1 1 1 1 1 2 2 1 1 1 |1 6 1 1 1 2 1 1 1 1 4 1 1 1 4 1 1 5 |1 1 1 1 2 1 1 1 2 1 1 2 1 2 1 1 |1 1 1 2 1 1 2 1 1 1 1 1 3 1 |2 1 3 1 1 1 1 1 2 |1 1 1 2 4 4 1 4 2 3 2 1 2 1 3 1 1 1 6 2 |1 1 1 3 1 2 2 1 1 1 1 1 1 |4 2 1 1 2 3 1 3 1 3 1 1 3 1 1 1 1 1 2 2 |1 1 1 1 1 1 |1 1 2 1 1 1 4 1 1 2 1 1 |fitness = 91.51164514530599

第49个BestWave: 
1 2 3 1 1 1 1 1 1 1 1 1 1 3 2 5 4 1 |1 2 1 1 1 1 1 1 1 1 1 |1 3 1 1 1 1 1 4 1 1 1 1 |3 1 1 1 6 1 1 1 2 1 1 6 2 1 1 1 |1 1 1 1 1 1 1 1 1 2 |4 1 1 1 1 3 1 2 1 1 1 1 3 5 1 5 1 |1 2 3 1 2 4 1 2 1 1 4 1 1 3 1 1 3 2 |1 1 1 1 1 1 1 |1 1 3 1 1 5 2 1 1 1 2 2 2 2 1 1 4 1 |2 2 3 1 1 1 1 1 1 1 3 1 2 1 1 1 1 1 1 |1 1 2 1 1 1 |1 1 1 1 1 1 1 1 1 1 |1 1 2 3 1 4 1 1 2 1 1 1 2 1 1 2 2 1 1 |1 1 1 1 1 1 1 2 1 |1 1 1 1 1 1 |5 1 1 1 1 1 2 1 3 1 2 1 1 1 1 2 1 |6 1 2 1 1 1 2 1 1 1 1 1 2 1 |1 1 1 1 1 2 1 1 |1 1 1 1 1 1 1 |2 1 1 1 1 1 1 1 2 1 1 2 1 1 1 1 |1 1 1 1 1 1 1 1 1 1 2 1 1 1 1 |1 6 2 1 1 1 2 2 2 2 1 1 1 1 2 1 2 1 |1 1 1 2 1 2 1 2 3 1 1 1 1 3 2 1 |1 1 1 1 2 1 1 2 2 1 1 2 2 1 |2 1 1 1 1 2 1 2 1 |1 1 3 1 4 4 1 1 6 2 1 1 1 1 1 1 2 3 2 1 |1 1 2 2 2 1 2 1 2 1 1 1 1 |5 3 1 1 1 6 2 1 2 4 2 1 3 1 2 2 1 1 2 1 |1 1 1 1 1 3 |2 2 1 1 1 1 1 1 1 1 2 1 |fitness = 91.83193054698775

第50个BestWave: 
1 1 1 1 1 2 1 2 1 2 1 2 2 5 1 6 4 1 |1 1 1 1 2 1 1 2 1 2 1 |4 1 2 1 1 1 1 1 1 1 3 1 |1 1 1 1 3 1 4 1 1 1 4 1 1 2 1 1 |1 1 3 1 1 1 1 1 1 1 |2 2 2 1 1 4 1 2 1 1 1 1 1 2 1 3 1 |1 1 1 1 1 3 1 1 2 6 1 1 1 1 1 2 3 1 |1 1 1 1 1 1 1 |2 1 1 1 2 3 1 1 1 2 1 1 1 1 1 2 6 1 |1 1 2 1 2 1 2 1 4 1 1 1 1 1 1 1 1 1 1 |1 1 1 1 1 1 |1 1 1 1 1 1 1 1 1 1 |4 2 4 1 1 3 3 1 2 1 2 1 3 1 1 1 2 1 1 |1 1 1 1 1 1 1 2 1 |1 1 1 1 1 1 |1 1 3 1 1 1 1 2 1 1 1 2 1 1 1 1 1 |2 1 1 1 1 1 4 1 1 1 2 2 1 1 |1 1 1 1 1 1 1 1 |1 1 1 1 1 1 1 |2 3 2 1 1 1 2 3 2 3 2 1 1 1 1 1 |1 1 1 1 1 1 1 1 1 1 1 4 1 1 2 |1 4 1 1 1 2 1 1 1 1 2 2 1 2 1 1 1 5 |3 2 1 1 1 3 1 1 1 1 1 2 2 2 4 1 |1 3 1 1 1 1 1 1 1 1 1 2 1 1 |3 1 1 1 1 1 1 1 1 |1 1 2 1 5 6 2 1 4 1 1 1 2 1 2 1 1 3 3 2 |1 1 1 1 1 4 1 1 1 1 1 1 1 |1 1 1 3 1 1 1 2 1 1 3 2 5 1 1 2 1 2 1 1 |2 1 1 1 2 1 |4 1 1 1 1 1 1 2 1 1 2 1 |fitness = 91.27467598003263

第51个BestWave: 
2 2 1 1 3 2 1 3 2 1 1 1 1 3 1 3 5 1 |1 1 1 2 1 1 1 5 1 2 1 |1 1 1 1 1 1 1 2 1 1 1 1 |2 2 1 1 5 3 1 2 1 1 1 1 1 1 2 2 |1 1 1 1 1 2 1 1 2 2 |2 3 1 1 2 4 2 1 2 1 2 2 2 5 1 4 2 |1 2 1 1 2 5 1 2 2 1 2 3 1 1 1 1 1 1 |1 2 1 1 1 1 1 |2 4 1 1 3 1 1 1 2 1 1 2 4 1 3 1 1 2 |1 1 1 1 1 3 4 3 1 2 1 3 1 2 2 1 3 2 2 |1 1 1 1 1 1 |1 1 1 1 1 1 1 1 1 1 |2 2 2 4 2 1 1 1 1 1 6 1 1 4 1 2 2 1 2 |1 1 1 6 1 1 1 1 1 |1 1 1 1 1 1 |2 1 3 2 3 1 1 1 1 1 2 1 1 1 1 1 1 |6 1 1 1 1 1 2 1 2 1 2 2 1 2 |1 1 1 1 2 1 1 1 |1 1 1 1 1 1 1 |3 1 1 1 1 2 1 2 1 1 1 2 1 1 1 1 |1 1 2 1 2 1 1 1 1 1 2 1 2 1 1 |1 5 2 1 2 3 1 1 1 1 1 1 1 1 4 1 1 1 |2 1 2 1 1 1 1 1 1 1 1 5 1 4 3 1 |1 2 1 1 1 2 1 2 1 2 1 2 2 1 |2 1 1 1 1 1 1 2 1 |2 2 3 2 6 6 1 1 2 1 1 3 2 1 1 1 1 3 2 1 |1 1 1 2 1 1 1 1 1 1 1 1 1 |1 1 1 1 1 4 2 3 1 1 1 1 2 1 1 1 2 1 1 1 |1 1 1 1 1 1 |1 1 1 1 1 1 2 1 1 2 2 2 |fitness = 91.1168650347941

第52个BestWave: 
1 1 1 1 1 2 1 3 1 2 1 1 1 3 2 4 2 1 |1 1 1 1 1 1 1 1 1 1 1 |2 1 1 1 1 1 1 2 1 1 1 1 |1 4 1 1 2 1 1 1 1 1 2 2 1 2 1 1 |1 1 1 1 1 1 3 1 2 1 |4 2 1 1 1 4 2 1 2 1 2 1 1 2 1 5 1 |1 1 1 3 1 3 1 1 1 3 1 2 1 1 1 1 1 4 |1 1 1 1 1 1 1 |1 1 1 1 1 1 5 3 1 1 2 1 1 1 1 1 2 1 |2 1 1 1 2 1 3 1 1 1 2 2 1 1 2 4 1 1 2 |1 1 1 1 1 1 |1 1 1 1 1 1 1 1 1 2 |2 2 1 5 1 3 3 1 1 1 4 1 1 4 1 1 4 1 1 |1 1 3 5 1 1 1 2 1 |1 1 1 1 1 1 |2 1 3 1 2 1 1 3 1 1 5 2 1 1 1 2 1 |6 4 2 1 1 1 1 1 1 1 1 1 1 1 |1 1 1 1 2 1 1 1 |1 1 1 1 1 1 1 |1 1 1 1 1 1 1 1 4 1 1 1 1 1 1 3 |1 1 1 1 1 1 1 1 1 3 1 1 2 2 1 |1 5 1 1 1 2 3 2 1 1 4 2 1 5 1 1 1 1 |1 1 1 2 2 1 1 1 1 1 1 3 1 1 2 1 |1 2 1 1 1 1 1 1 1 1 1 1 3 3 |2 1 1 1 1 1 1 1 1 |1 1 1 2 3 2 2 1 1 1 2 2 2 1 1 2 2 1 4 1 |2 1 1 1 1 1 1 1 1 1 1 1 1 |4 1 3 2 3 3 2 1 3 1 5 1 4 4 3 2 4 1 1 2 |1 1 1 1 1 1 |1 1 1 1 2 1 2 1 1 1 2 1 |fitness = 90.92878407533176

第53个BestWave: 
1 1 1 2 4 1 2 2 1 2 2 3 1 5 3 6 1 2 |2 1 1 1 1 2 1 1 1 1 1 |1 1 1 1 1 1 1 1 2 1 1 1 |1 1 1 1 1 2 2 1 1 5 5 5 2 1 1 1 |2 1 1 2 1 1 1 1 1 1 |5 1 1 1 1 2 1 1 3 1 1 2 1 2 2 5 1 |2 1 1 2 1 3 1 2 1 3 1 3 1 2 1 3 1 1 |1 1 1 1 1 1 1 |1 4 2 2 1 1 1 1 1 1 1 3 3 1 3 1 1 1 |1 1 1 1 1 1 1 1 1 1 2 1 1 1 1 1 1 1 3 |1 1 1 1 1 1 |1 1 1 1 1 1 1 1 1 1 |2 1 3 4 1 5 3 3 1 5 5 1 1 2 3 1 2 2 2 |1 1 1 5 1 1 1 1 1 |1 1 1 1 1 1 |1 1 2 2 2 2 1 1 1 1 3 2 1 1 1 1 1 |4 1 1 1 1 1 1 1 1 1 1 2 1 1 |1 1 1 1 1 2 1 1 |1 1 1 1 1 1 1 |2 1 1 1 3 1 1 1 1 4 1 1 2 1 2 1 |1 1 1 1 1 2 1 1 1 1 1 1 1 1 2 |1 5 1 2 1 1 1 2 3 1 3 1 1 2 2 1 1 2 |1 2 1 3 1 1 2 1 1 1 2 5 1 2 1 4 |1 1 1 3 1 1 1 1 2 1 1 1 1 1 |1 1 1 1 1 1 1 1 1 |1 2 1 1 4 5 1 1 4 1 1 1 1 1 2 2 1 2 3 3 |2 1 1 1 1 1 1 1 2 1 1 2 1 |2 1 2 1 1 1 1 1 1 2 5 1 5 1 2 1 1 1 1 1 |1 1 1 1 1 1 |1 1 1 2 1 1 1 1 1 1 1 1 |fitness = 91.8219706077519

第54个BestWave: 
1 1 1 1 1 3 2 1 1 1 2 3 1 4 2 6 3 2 |1 1 1 3 1 1 1 1 1 1 1 |1 1 1 1 1 1 1 2 1 1 1 1 |1 1 2 1 6 1 1 1 1 1 4 1 2 1 1 1 |1 1 1 1 1 2 1 2 1 1 |1 1 1 1 1 1 3 1 1 2 1 1 1 1 2 3 1 |1 1 1 1 1 2 4 2 1 1 2 1 1 1 1 2 2 1 |1 1 1 1 1 1 1 |1 1 1 2 3 2 2 1 3 1 2 1 2 1 2 1 1 1 |2 2 1 5 2 1 3 1 1 1 1 3 1 1 2 1 2 1 1 |1 1 1 1 1 1 |1 1 1 1 1 1 1 1 1 1 |1 3 1 1 2 3 1 1 1 1 4 2 3 1 1 3 4 1 1 |1 1 1 1 1 1 1 2 1 |1 1 1 1 1 1 |2 1 6 1 1 2 3 1 1 1 3 3 2 1 1 3 1 |2 1 1 2 1 1 2 1 1 1 1 1 2 1 |1 1 1 1 1 1 1 1 |1 1 1 2 1 1 1 |6 1 5 2 2 2 1 1 2 2 2 2 2 1 1 1 |1 1 1 1 1 1 2 1 1 1 1 1 1 1 1 |1 6 1 2 3 3 1 1 4 1 1 1 1 1 2 2 1 2 |1 1 1 2 3 2 2 1 4 2 2 1 2 1 2 1 |1 1 1 2 1 1 1 1 1 1 1 1 1 2 |3 1 1 1 1 1 1 1 2 |1 1 1 1 1 4 1 1 4 1 4 1 1 2 1 1 1 2 6 1 |2 1 1 1 1 1 2 1 3 1 1 1 1 |2 1 2 1 1 1 1 1 1 1 2 3 2 3 2 2 1 2 1 2 |1 1 1 1 1 1 |1 2 1 1 1 1 5 3 1 2 1 1 |fitness = 91.17012669510231

第55个BestWave: 
1 1 2 1 1 3 2 4 1 2 1 2 1 1 1 6 1 3 |1 1 1 1 1 1 1 1 1 1 2 |3 2 1 2 1 3 1 1 2 1 1 1 |3 1 1 1 1 2 2 1 1 2 1 1 1 2 1 1 |1 1 1 1 1 1 1 1 1 1 |2 2 2 1 1 1 2 1 3 1 1 1 1 1 1 4 2 |1 1 1 3 1 3 3 1 1 1 1 1 2 2 1 1 2 1 |1 1 1 1 1 1 1 |1 1 2 1 3 1 1 2 1 1 6 1 1 1 1 3 2 1 |1 1 1 2 1 1 5 1 2 4 1 1 2 3 1 1 1 1 1 |1 2 1 1 1 1 |1 1 1 1 1 1 1 1 1 1 |4 1 2 6 1 5 1 3 2 1 2 1 2 2 1 1 3 1 1 |2 1 1 5 1 1 1 1 1 |1 1 1 1 1 1 |2 2 6 1 1 1 1 3 1 1 2 1 1 1 1 1 1 |5 2 2 2 1 2 1 1 1 1 1 1 1 1 |1 1 1 1 1 1 1 1 |2 1 1 3 1 1 1 |2 1 1 1 1 1 1 1 1 1 2 4 2 1 2 1 |1 1 2 1 1 1 1 1 1 1 1 1 1 1 1 |1 5 1 2 1 1 1 1 1 1 4 2 1 4 3 3 1 1 |1 1 2 2 1 1 1 2 1 1 1 2 1 1 2 1 |1 1 1 2 1 2 1 1 2 1 1 1 2 1 |1 1 1 1 1 1 1 1 1 |1 1 1 2 3 6 5 1 1 1 2 2 1 1 1 1 1 1 2 1 |1 1 1 1 1 1 1 2 1 1 1 1 2 |5 1 1 1 1 6 1 1 1 1 3 4 4 3 1 1 1 2 2 5 |1 1 1 1 1 1 |1 1 1 1 2 1 1 3 1 1 1 1 |fitness = 91.30902357055969

第56个BestWave: 
1 1 1 1 2 1 2 2 1 2 3 2 3 2 3 5 5 2 |1 1 1 1 1 1 1 1 1 1 1 |2 1 1 2 1 3 1 3 1 1 1 1 |1 3 1 2 2 1 1 1 1 1 5 1 1 1 1 3 |1 1 1 1 1 2 1 1 1 2 |2 1 1 1 1 1 1 1 4 1 1 1 1 1 1 5 2 |1 1 1 1 1 1 1 5 2 5 1 1 1 1 2 1 2 2 |1 1 1 1 1 1 2 |2 1 2 1 1 2 1 1 1 1 3 1 2 3 2 1 4 2 |1 1 1 1 1 1 1 1 1 2 1 1 2 1 1 5 1 1 1 |1 1 1 1 1 1 |1 1 3 1 1 1 1 1 1 2 |2 2 1 1 1 6 1 1 1 1 1 1 1 1 1 1 3 1 1 |1 1 1 5 1 1 1 2 1 |1 1 1 1 1 1 |1 4 1 2 1 1 3 3 1 1 3 3 1 1 2 1 2 |3 1 2 2 1 2 5 1 2 1 2 1 1 1 |1 1 1 1 1 1 1 1 |1 1 1 1 1 1 1 |1 1 2 1 1 1 2 1 1 1 1 3 1 1 1 2 |1 2 1 1 3 1 1 1 3 1 1 1 1 1 1 |1 5 1 1 1 1 2 2 1 1 1 2 1 1 1 1 1 4 |1 1 1 1 1 1 1 1 4 3 1 1 1 1 2 1 |1 2 1 1 1 1 1 1 1 2 1 1 1 1 |3 3 1 1 1 1 1 1 1 |2 2 1 1 2 6 1 1 6 1 1 1 1 2 1 1 1 2 4 2 |1 1 3 1 1 1 1 1 1 2 1 1 1 |2 1 2 1 3 1 1 2 1 2 2 1 4 1 3 3 1 1 3 1 |1 2 1 1 1 1 |1 1 2 1 1 1 6 1 1 1 1 1 |fitness = 91.12715176832468

第57个BestWave: 
2 1 1 1 1 1 1 1 1 2 2 1 1 5 3 4 4 1 |1 2 1 1 1 1 1 3 1 1 1 |1 1 1 1 1 1 1 3 1 1 1 1 |3 1 1 1 2 3 5 2 1 2 5 1 2 1 1 1 |1 1 1 1 1 1 1 1 2 1 |1 2 1 1 1 1 2 1 2 1 2 3 1 3 1 3 2 |1 1 1 1 1 5 1 3 1 2 1 1 3 1 1 1 2 1 |1 1 1 1 1 1 1 |1 1 1 1 1 1 2 1 1 1 2 2 1 1 1 3 4 3 |2 1 1 1 2 2 1 1 1 2 2 1 2 2 4 1 2 3 1 |1 1 1 3 1 1 |1 1 1 1 1 2 1 1 1 1 |2 1 3 5 1 5 1 1 2 1 4 1 2 3 1 3 2 1 1 |1 1 1 1 1 1 1 1 1 |1 1 1 1 2 1 |2 1 4 2 1 3 1 1 2 1 3 2 1 1 1 1 2 |6 1 1 2 1 1 1 1 1 1 1 1 1 1 |1 3 1 1 1 1 1 1 |1 1 1 1 1 1 1 |1 2 1 1 1 1 1 1 1 1 1 1 1 2 1 1 |1 1 1 1 1 1 1 2 2 2 1 1 1 1 1 |1 6 1 2 1 1 1 1 1 1 2 1 4 2 1 2 2 3 |2 1 1 1 3 1 1 1 1 1 1 5 1 1 1 1 |4 2 1 1 1 2 2 1 1 1 1 1 1 2 |1 1 1 1 1 1 1 1 1 |1 5 1 1 5 6 1 1 2 1 1 1 1 1 1 1 1 3 1 1 |1 1 1 1 1 1 1 1 1 1 2 1 2 |2 1 1 1 2 5 2 2 1 1 4 3 3 1 2 2 1 1 2 2 |1 1 1 1 1 1 |1 1 1 1 2 1 1 1 1 1 1 2 |fitness = 91.59317048416679

第58个BestWave: 
1 1 2 1 1 3 1 3 1 1 3 1 1 3 1 5 4 1 |1 1 2 3 1 1 2 2 1 1 1 |1 1 1 1 1 1 1 4 2 3 1 1 |1 1 3 1 5 1 1 1 1 4 3 1 1 3 1 1 |1 1 1 1 1 2 1 1 1 1 |1 2 1 1 2 1 1 1 2 3 2 1 1 3 1 5 1 |2 1 1 3 1 1 4 1 3 2 1 2 2 1 2 2 1 1 |1 1 1 1 1 1 1 |1 2 1 5 1 3 2 2 1 1 1 1 1 1 1 1 3 1 |1 1 1 1 1 1 5 1 1 1 1 1 1 1 1 1 1 4 1 |1 1 1 1 1 1 |1 1 1 1 1 1 1 1 1 1 |3 1 1 4 1 1 1 1 1 2 4 2 2 3 1 1 4 1 1 |1 2 1 6 1 1 2 1 1 |1 1 1 1 1 1 |1 1 1 1 1 1 1 3 1 1 2 2 1 1 1 1 1 |1 1 2 1 1 1 1 1 1 1 1 1 1 1 |1 1 1 1 1 1 1 3 |1 1 1 1 1 1 1 |1 1 1 3 1 1 1 1 1 1 2 1 1 1 1 1 |2 1 1 1 2 2 1 1 1 1 2 1 1 1 1 |3 4 4 1 1 2 1 4 1 1 3 2 1 1 1 1 2 4 |1 2 2 1 2 2 1 1 3 2 1 3 1 1 1 2 |1 1 1 1 1 2 2 1 1 1 1 2 2 1 |3 1 1 1 1 1 1 2 1 |1 1 1 2 2 6 2 3 2 1 1 1 1 1 2 2 1 1 5 1 |1 1 1 1 1 1 2 1 1 4 1 2 1 |2 2 1 1 1 2 1 1 1 2 2 3 6 1 1 1 1 1 3 2 |1 1 1 1 1 1 |3 1 1 1 1 1 1 1 1 1 3 1 |fitness = 91.94395982298549

第59个BestWave: 
2 1 1 1 1 3 6 1 1 1 1 1 2 5 1 2 1 1 |1 1 1 6 1 1 1 1 1 1 1 |1 1 1 1 1 2 1 5 1 1 1 1 |2 1 1 1 3 2 1 2 1 1 4 4 1 1 1 1 |1 1 2 1 1 1 1 1 1 1 |5 1 1 1 1 1 1 1 1 2 1 2 1 2 3 3 3 |1 1 2 1 1 3 1 1 1 3 1 1 1 1 2 1 2 3 |1 1 1 1 1 1 1 |3 3 1 1 1 1 1 1 1 1 1 1 1 1 1 1 1 1 |2 2 1 1 2 1 4 1 3 1 2 2 2 2 1 3 3 1 1 |1 1 1 1 3 1 |1 1 1 1 2 1 1 1 1 1 |1 3 2 6 2 3 2 1 4 1 5 1 1 3 1 2 4 1 4 |1 1 1 5 1 1 1 3 1 |1 1 1 1 1 1 |2 1 3 1 1 1 1 2 1 1 1 1 1 1 1 1 2 |1 1 1 2 1 2 1 1 1 1 3 1 1 1 |1 1 1 1 1 1 1 1 |1 1 2 1 1 1 1 |3 1 1 1 1 1 1 1 1 2 2 1 1 1 2 1 |2 1 1 3 2 1 1 2 2 3 1 1 1 2 1 |1 6 1 2 2 1 2 2 1 1 2 1 1 2 1 2 1 1 |1 3 1 2 1 1 2 1 2 1 1 2 2 1 4 1 |1 1 1 2 2 1 1 1 1 1 1 3 3 1 |2 1 1 1 1 1 1 1 1 |1 1 1 2 2 3 2 1 4 1 1 1 1 1 3 2 2 2 2 1 |2 1 1 2 1 1 1 1 1 2 1 1 1 |1 1 2 1 1 3 1 1 2 1 1 1 5 3 1 1 1 2 2 1 |1 1 1 1 1 1 |3 1 1 1 1 1 1 1 1 1 1 1 |fitness = 90.77049888438343

第60个BestWave: 
4 1 1 2 2 1 1 1 1 1 1 1 3 5 1 5 1 1 |1 1 1 1 1 1 1 1 1 1 1 |1 1 2 1 1 2 1 1 1 1 1 1 |1 1 1 1 4 1 4 1 4 2 5 1 1 1 2 1 |1 1 1 1 1 1 1 1 1 1 |2 1 2 1 1 1 1 1 3 1 1 2 1 1 1 6 2 |1 1 1 1 2 3 3 3 2 2 3 2 3 1 3 2 2 1 |1 1 1 1 1 1 1 |2 1 1 1 4 3 3 1 1 2 3 1 1 1 2 2 2 1 |2 1 2 1 1 1 3 1 1 1 1 3 2 1 1 1 2 2 1 |1 1 1 1 1 1 |1 1 1 1 1 1 1 1 1 2 |2 1 1 3 1 2 1 1 1 3 4 1 2 1 1 1 1 1 1 |1 1 1 1 1 1 1 2 1 |1 1 1 1 1 1 |3 1 6 3 2 1 1 1 1 3 2 1 2 1 1 1 1 |6 1 2 1 2 1 5 1 1 1 3 1 1 2 |1 1 1 1 1 1 1 1 |1 1 1 1 1 1 1 |1 1 3 2 1 1 2 1 2 1 1 1 1 1 2 3 |1 1 1 1 1 1 1 1 1 1 1 1 1 1 1 |3 4 2 1 1 5 2 1 1 2 3 1 1 1 2 1 1 1 |1 2 1 1 4 2 1 2 2 4 1 1 1 1 2 1 |1 1 1 1 1 1 3 1 2 1 1 1 1 1 |2 1 1 1 1 1 1 1 1 |1 3 3 1 2 5 1 1 4 2 1 1 1 1 1 2 1 1 6 1 |2 2 1 1 2 1 1 1 1 1 1 1 1 |3 3 1 1 1 1 1 2 1 1 1 2 5 1 2 1 1 1 1 1 |1 1 1 1 1 1 |1 2 1 1 1 1 4 1 1 1 1 1 |fitness = 91.67810476278898

最优解的最大适应度：93.52987350155978
最优解的最小适应度：90.64483218273278
最优解的平均适应度：91.63189100818582
估计标准差值：0.5788862722116221
最优解的最佳分配：
2 2 1 1 2 2 1 2 1 1 1 6 1 6 1 3 1 1 |1 1 1 2 1 2 1 3 1 2 1 |1 1 1 1 1 1 1 1 1 1 2 1 |2 2 2 2 3 1 4 1 1 3 3 1 1 2 1 1 |1 1 1 1 1 1 1 1 3 2 |3 2 1 1 1 1 1 1 2 1 1 3 1 3 1 5 1 |1 2 1 1 1 5 2 1 3 1 1 1 2 1 1 3 1 1 |1 1 1 1 1 1 1 |1 3 1 1 2 1 1 1 1 1 6 1 1 2 1 1 2 1 |2 1 1 1 2 1 2 1 4 2 1 1 1 1 1 2 1 2 1 |1 1 1 1 1 1 |1 1 1 1 2 1 1 1 1 1 |2 1 2 4 1 1 1 1 1 1 3 2 3 1 1 1 4 2 1 |1 1 1 4 1 1 2 1 1 |1 1 1 1 1 1 |3 1 4 1 1 1 1 1 1 1 3 1 1 2 1 1 1 |2 1 1 2 1 2 1 1 1 1 1 1 1 1 |1 1 1 1 1 1 1 1 |1 1 1 1 1 1 1 |1 2 4 2 1 1 1 1 1 1 1 1 1 3 1 3 |1 1 1 1 1 2 1 1 2 2 1 1 1 1 1 |1 6 1 2 4 1 1 1 2 1 1 1 4 1 1 4 1 1 |1 2 1 2 1 1 1 2 4 1 1 2 1 1 3 1 |1 1 1 2 1 1 1 1 1 1 1 1 1 1 |1 1 1 1 1 1 1 1 1 |1 4 1 1 6 5 2 2 4 1 1 1 2 4 1 2 1 3 3 2 |1 3 1 1 1 1 1 1 2 1 1 1 1 |3 2 1 1 1 4 1 2 1 1 2 1 4 1 1 4 1 1 2 1 |1 1 1 1 1 1 |1 1 1 2 1 1 4 1 1 1 1 1 |600|realPatrol = 600
WWO算法运行求解巡逻调度问题耗时：1小时，31分钟，43秒
