第1个BestWave: 
1 1 1 1 1 5 5 1 1 1 1 1 1 5 1 5 1 1 |1 1 1 5 1 1 1 1 1 2 1 |1 1 1 1 1 1 1 1 1 5 1 1 |1 1 1 1 1 1 6 1 1 1 6 1 1 1 1 1 |1 1 3 1 1 1 1 1 4 1 |1 1 1 1 1 1 1 1 1 1 1 1 1 5 1 5 4 |1 1 1 1 1 6 1 1 4 1 1 1 1 1 1 1 6 1 |1 1 1 1 1 1 1 |1 1 1 1 1 1 1 1 1 1 1 1 1 1 1 4 1 1 |1 1 1 1 1 1 2 1 1 6 1 1 1 1 1 1 1 1 1 |1 2 1 1 1 1 |1 1 1 1 1 1 1 1 1 1 |1 1 1 6 1 6 1 1 1 1 5 4 3 1 1 1 1 1 1 |1 1 1 6 1 1 1 5 1 |1 1 1 1 1 1 |1 1 1 1 1 2 1 1 1 1 1 1 1 1 1 3 3 |5 1 1 1 1 1 5 1 1 1 1 1 1 1 |1 3 1 1 1 1 1 1 |1 1 1 4 1 1 1 |1 1 1 1 1 1 1 1 1 1 1 1 1 1 1 1 |1 1 1 1 1 1 1 1 1 1 1 1 1 1 1 |1 5 1 1 1 2 1 1 1 1 1 1 1 1 1 1 1 5 |1 1 1 1 5 1 1 1 5 1 1 6 1 1 1 2 |1 1 1 1 1 1 1 1 1 1 1 1 1 1 |6 1 1 1 1 1 1 1 1 |2 1 1 1 6 6 1 1 6 1 1 1 4 1 1 1 1 1 6 1 |1 1 1 3 1 1 3 1 1 1 1 1 1 |2 1 1 1 1 6 1 1 1 3 5 1 1 1 1 1 1 1 1 1 |1 1 1 1 1 6 |1 1 1 1 1 1 6 2 1 1 1 1 |realPatrol = 600|fitness = 103.64471980081812

第2个BestWave: 
1 1 1 1 1 2 1 1 1 1 1 1 1 6 1 6 6 1 |1 1 1 5 1 3 1 2 1 1 1 |1 1 1 1 1 1 1 6 1 1 1 1 |1 1 1 1 6 1 6 1 1 1 6 5 1 1 1 1 |1 1 1 1 1 1 1 1 4 1 |5 1 1 1 1 1 1 1 1 1 1 1 1 1 2 5 1 |1 1 3 1 1 5 1 1 1 1 1 1 1 1 1 2 2 1 |1 2 1 1 1 1 1 |1 1 1 1 1 1 1 1 1 1 1 1 1 1 1 1 1 1 |1 1 1 1 1 1 3 3 1 1 1 1 1 1 1 1 1 1 1 |1 1 1 1 1 4 |1 1 1 1 1 1 1 1 1 1 |1 1 1 4 1 5 1 1 1 1 6 1 1 6 1 1 4 1 1 |1 1 4 6 1 1 1 6 1 |1 1 1 1 1 1 |1 1 1 1 1 1 1 1 1 1 1 1 1 1 1 1 1 |6 1 1 6 1 1 5 1 1 1 1 4 1 1 |1 1 1 1 1 1 1 1 |1 1 1 5 1 1 1 |1 1 1 1 1 1 1 1 1 1 1 4 1 1 1 1 |1 1 1 1 1 1 1 1 1 2 1 1 1 1 1 |1 6 4 1 1 1 1 1 1 1 1 1 1 5 1 1 1 1 |1 1 1 1 1 1 1 1 1 1 1 1 1 1 2 1 |1 1 1 6 1 1 1 1 1 1 1 1 1 1 |5 1 1 1 1 1 1 1 1 |1 1 1 3 5 6 1 1 4 1 1 1 1 1 1 1 1 1 6 1 |1 1 1 1 1 1 1 1 1 1 1 1 1 |4 1 1 1 1 5 1 1 1 1 3 1 2 1 1 1 1 1 1 1 |1 3 1 1 1 6 |5 1 1 1 1 1 5 1 1 1 1 1 |realPatrol = 600|fitness = 108.92016316439192

第3个BestWave: 
1 1 1 1 1 1 1 1 1 1 1 1 1 3 1 6 6 1 |1 1 1 5 3 1 1 6 1 1 1 |1 1 4 1 1 1 1 3 1 1 1 1 |1 1 1 1 6 1 6 1 4 1 5 1 1 1 1 1 |1 1 1 1 1 1 1 1 5 1 |5 1 1 1 1 1 1 1 1 1 1 1 1 3 1 6 1 |1 1 4 1 1 5 1 1 1 1 1 1 1 1 1 1 1 1 |1 1 1 1 1 1 1 |1 1 1 1 1 4 1 1 1 1 3 1 1 1 1 1 1 1 |2 1 1 1 1 1 3 1 1 3 1 1 1 1 1 1 1 1 1 |1 1 1 1 1 4 |1 1 1 1 1 1 1 1 1 1 |1 4 1 4 1 5 1 1 1 1 4 1 1 5 1 1 1 1 1 |1 1 6 6 1 1 1 5 4 |1 1 1 2 5 1 |1 1 1 1 1 1 1 1 1 1 1 1 1 1 1 1 1 |6 1 1 1 1 1 1 1 1 1 1 1 1 1 |1 2 1 1 1 1 1 3 |1 1 1 6 1 1 1 |1 1 1 1 1 1 1 1 1 1 1 1 1 1 1 1 |1 1 1 1 1 1 1 1 1 1 1 1 1 1 1 |1 5 1 1 1 1 1 1 1 1 1 1 1 1 1 1 1 1 |1 1 1 4 1 1 1 1 5 1 1 4 1 1 1 1 |1 1 1 1 1 1 1 1 1 1 1 1 4 1 |6 1 1 1 1 1 1 1 1 |1 1 1 2 6 5 1 1 1 2 1 1 1 1 1 1 3 1 1 1 |1 1 1 1 1 1 1 1 1 1 1 1 1 |5 1 5 1 1 5 1 1 1 4 1 1 5 1 1 1 1 1 1 1 |1 1 1 1 1 3 |4 4 1 1 1 1 6 1 1 1 1 1 |realPatrol = 600|fitness = 107.57385165136428

最优解的最大适应度：108.92016316439192
最优解的最小适应度：103.64471980081812
最优解的平均适应度：106.71291153885811
估计标准差值：2.7410744387120016
最优解的最佳分配：
1 1 1 1 1 2 1 1 1 1 1 1 1 6 1 6 6 1 |1 1 1 5 1 3 1 2 1 1 1 |1 1 1 1 1 1 1 6 1 1 1 1 |1 1 1 1 6 1 6 1 1 1 6 5 1 1 1 1 |1 1 1 1 1 1 1 1 4 1 |5 1 1 1 1 1 1 1 1 1 1 1 1 1 2 5 1 |1 1 3 1 1 5 1 1 1 1 1 1 1 1 1 2 2 1 |1 2 1 1 1 1 1 |1 1 1 1 1 1 1 1 1 1 1 1 1 1 1 1 1 1 |1 1 1 1 1 1 3 3 1 1 1 1 1 1 1 1 1 1 1 |1 1 1 1 1 4 |1 1 1 1 1 1 1 1 1 1 |1 1 1 4 1 5 1 1 1 1 6 1 1 6 1 1 4 1 1 |1 1 4 6 1 1 1 6 1 |1 1 1 1 1 1 |1 1 1 1 1 1 1 1 1 1 1 1 1 1 1 1 1 |6 1 1 6 1 1 5 1 1 1 1 4 1 1 |1 1 1 1 1 1 1 1 |1 1 1 5 1 1 1 |1 1 1 1 1 1 1 1 1 1 1 4 1 1 1 1 |1 1 1 1 1 1 1 1 1 2 1 1 1 1 1 |1 6 4 1 1 1 1 1 1 1 1 1 1 5 1 1 1 1 |1 1 1 1 1 1 1 1 1 1 1 1 1 1 2 1 |1 1 1 6 1 1 1 1 1 1 1 1 1 1 |5 1 1 1 1 1 1 1 1 |1 1 1 3 5 6 1 1 4 1 1 1 1 1 1 1 1 1 6 1 |1 1 1 1 1 1 1 1 1 1 1 1 1 |4 1 1 1 1 5 1 1 1 1 3 1 2 1 1 1 1 1 1 1 |1 3 1 1 1 6 |5 1 1 1 1 1 5 1 1 1 1 1 |600|realPatrol = 600
WWO算法运行求解巡逻调度问题耗时：0小时，13分钟，35秒
