第1个BestWave: 
1 1 1 1 2 1 1 1 1 1 1 1 1 5 1 6 2 1 |1 1 1 1 1 1 1 4 1 1 1 |1 4 1 1 1 1 1 6 1 1 1 1 |1 1 1 1 6 1 6 1 1 1 5 6 1 1 1 1 |1 1 4 4 1 1 1 1 1 1 |1 1 1 1 1 1 1 1 1 4 1 1 1 1 1 6 1 |1 1 1 4 1 5 1 1 1 2 1 1 1 1 1 1 1 1 |1 1 1 1 1 1 1 |4 1 4 1 1 3 1 1 1 1 5 1 1 1 1 1 1 1 |1 1 1 1 1 1 1 1 1 4 1 1 1 3 1 1 1 1 1 |1 1 1 1 1 6 |1 1 1 1 1 1 1 1 1 1 |1 2 1 3 1 5 1 1 1 1 6 1 1 6 1 1 1 1 1 |1 1 4 6 1 5 1 6 1 |1 1 1 1 1 1 |1 1 3 3 1 1 1 1 1 1 1 5 1 1 1 1 1 |6 1 1 1 3 1 6 4 1 1 1 1 1 1 |1 1 1 1 1 1 1 1 |1 1 1 6 2 1 1 |1 1 3 1 1 1 1 1 1 1 1 1 1 1 1 1 |1 1 1 1 1 1 1 1 1 1 1 1 1 1 1 |1 1 1 1 1 4 1 1 1 1 3 1 1 4 1 1 1 1 |1 1 1 1 1 1 1 1 1 1 1 1 1 1 1 1 |1 2 1 1 1 1 1 1 1 1 1 1 4 1 |6 1 1 1 1 1 1 1 1 |1 1 1 1 6 6 1 1 6 1 1 1 1 1 1 1 1 3 1 1 |1 1 1 1 1 1 1 1 1 1 1 1 1 |3 1 3 1 1 1 1 1 1 1 1 1 5 1 1 1 1 3 1 1 |1 1 1 1 1 6 |1 1 1 1 1 1 1 1 1 1 1 1 |realPatrol = 600|fitness = 103.91998841215683

第2个BestWave: 
1 1 1 1 1 1 3 1 1 1 1 1 1 1 1 6 1 1 |1 1 1 1 1 1 1 6 1 1 1 |1 1 1 1 1 1 1 3 1 1 1 1 |1 1 1 1 1 1 4 1 1 1 6 1 1 1 1 1 |1 1 1 1 1 1 1 1 1 3 |5 1 1 1 1 5 1 1 2 1 1 1 1 5 1 6 1 |1 1 1 1 1 6 1 3 1 1 1 1 1 4 1 1 3 1 |1 1 1 1 1 1 1 |1 1 1 1 2 2 2 1 1 1 6 1 2 1 1 1 1 1 |1 1 1 1 2 1 1 1 1 1 1 1 1 1 1 1 1 1 1 |1 1 1 1 1 3 |1 1 1 1 1 1 1 5 1 1 |1 4 1 6 1 5 3 1 1 1 6 1 1 1 1 1 4 1 1 |1 1 6 1 1 1 1 6 1 |1 1 1 1 5 1 |3 1 1 4 1 3 1 1 1 1 2 1 1 1 1 1 1 |6 1 1 4 1 1 4 1 1 1 2 1 1 1 |1 1 1 1 1 1 1 1 |1 1 1 5 1 1 1 |1 1 1 1 1 1 1 1 1 1 1 1 1 1 1 1 |1 1 1 1 1 1 1 1 1 1 1 1 1 1 1 |1 6 5 1 1 4 1 1 1 1 1 1 1 6 1 1 1 1 |1 1 1 3 1 1 1 1 1 1 1 1 1 1 3 1 |1 1 1 1 4 1 1 1 1 1 1 1 3 1 |6 1 1 1 1 1 1 1 1 |1 1 1 1 6 6 1 1 5 1 1 1 1 1 2 1 1 1 6 1 |1 1 1 1 1 1 1 1 1 1 1 1 1 |2 1 1 1 1 1 1 1 1 1 1 3 5 1 1 1 1 1 1 1 |1 1 1 1 1 5 |3 1 1 1 1 1 6 1 1 1 1 1 |realPatrol = 600|fitness = 103.74555814511415

第3个BestWave: 
1 1 1 1 1 1 1 1 1 1 1 1 1 4 1 3 1 1 |1 1 1 5 1 1 1 1 1 1 1 |1 1 1 1 1 1 1 1 1 1 1 1 |1 1 1 1 4 1 3 1 1 1 6 1 1 1 1 1 |1 1 1 1 1 1 1 1 1 1 |1 1 1 1 1 4 1 1 1 1 1 1 1 1 1 5 4 |2 2 1 1 1 5 1 1 4 1 1 1 1 1 1 5 1 1 |1 1 5 1 1 1 1 |1 1 1 1 1 5 4 1 1 1 1 1 1 1 1 1 5 1 |1 1 1 1 1 1 2 1 1 5 1 1 1 1 1 1 1 1 1 |1 1 1 1 1 5 |1 1 1 1 1 1 1 1 1 1 |1 1 1 6 1 6 1 1 1 1 6 1 2 5 1 1 6 1 1 |1 1 2 6 1 2 1 6 4 |1 1 1 1 4 1 |1 1 1 1 1 1 1 1 1 1 1 2 1 1 1 1 1 |6 1 1 1 1 1 1 1 2 1 1 1 1 1 |1 1 1 1 1 1 1 1 |1 1 1 6 1 1 1 |1 1 1 1 1 1 1 1 1 1 1 1 1 1 1 1 |1 1 1 1 1 1 1 1 1 1 1 1 1 1 1 |1 6 4 1 1 1 1 1 5 1 1 1 1 1 1 1 1 5 |1 1 1 1 1 1 1 1 1 1 1 1 1 5 1 1 |1 1 1 1 1 1 1 4 1 1 1 1 1 1 |6 1 1 1 3 1 1 6 1 |1 1 1 3 4 5 4 1 6 1 1 1 1 1 1 1 1 1 6 1 |1 1 1 1 1 1 1 1 1 1 1 1 1 |5 1 1 1 1 6 1 1 1 1 1 1 5 1 1 1 1 1 1 1 |1 5 1 1 5 1 |1 1 1 1 1 1 1 1 1 1 1 1 |realPatrol = 600|fitness = 102.0814322564434

最优解的最大适应度：103.91998841215683
最优解的最小适应度：102.0814322564434
最优解的平均适应度：103.24899293790479
估计标准差值：1.0148915893759676
最优解的最佳分配：
1 1 1 1 2 1 1 1 1 1 1 1 1 5 1 6 2 1 |1 1 1 1 1 1 1 4 1 1 1 |1 4 1 1 1 1 1 6 1 1 1 1 |1 1 1 1 6 1 6 1 1 1 5 6 1 1 1 1 |1 1 4 4 1 1 1 1 1 1 |1 1 1 1 1 1 1 1 1 4 1 1 1 1 1 6 1 |1 1 1 4 1 5 1 1 1 2 1 1 1 1 1 1 1 1 |1 1 1 1 1 1 1 |4 1 4 1 1 3 1 1 1 1 5 1 1 1 1 1 1 1 |1 1 1 1 1 1 1 1 1 4 1 1 1 3 1 1 1 1 1 |1 1 1 1 1 6 |1 1 1 1 1 1 1 1 1 1 |1 2 1 3 1 5 1 1 1 1 6 1 1 6 1 1 1 1 1 |1 1 4 6 1 5 1 6 1 |1 1 1 1 1 1 |1 1 3 3 1 1 1 1 1 1 1 5 1 1 1 1 1 |6 1 1 1 3 1 6 4 1 1 1 1 1 1 |1 1 1 1 1 1 1 1 |1 1 1 6 2 1 1 |1 1 3 1 1 1 1 1 1 1 1 1 1 1 1 1 |1 1 1 1 1 1 1 1 1 1 1 1 1 1 1 |1 1 1 1 1 4 1 1 1 1 3 1 1 4 1 1 1 1 |1 1 1 1 1 1 1 1 1 1 1 1 1 1 1 1 |1 2 1 1 1 1 1 1 1 1 1 1 4 1 |6 1 1 1 1 1 1 1 1 |1 1 1 1 6 6 1 1 6 1 1 1 1 1 1 1 1 3 1 1 |1 1 1 1 1 1 1 1 1 1 1 1 1 |3 1 3 1 1 1 1 1 1 1 1 1 5 1 1 1 1 3 1 1 |1 1 1 1 1 6 |1 1 1 1 1 1 1 1 1 1 1 1 |600|realPatrol = 600
WWO算法运行求解巡逻调度问题耗时：0小时，13分钟，30秒
