第1个BestWave: 
1 1 1 1 1 1 3 1 1 1 4 1 1 6 1 6 5 1 |1 1 1 1 2 1 1 4 1 1 2 |1 1 1 1 1 1 1 6 1 1 1 1 |1 1 1 1 1 1 4 1 1 1 6 4 1 1 1 1 |1 1 1 1 1 1 1 1 1 1 |1 1 4 1 1 1 1 1 1 1 1 1 1 4 1 3 1 |1 1 4 1 1 6 3 2 1 1 1 1 1 1 1 1 1 1 |1 1 1 1 1 1 2 |1 1 1 1 2 1 1 1 1 1 1 1 1 1 1 1 4 1 |1 1 1 1 1 5 4 3 1 5 2 1 1 1 1 1 1 1 1 |1 1 1 1 1 1 |1 1 1 1 1 1 1 1 1 1 |1 1 1 4 1 1 1 1 1 1 5 1 1 4 1 1 1 1 1 |4 1 3 6 1 1 1 6 1 |1 1 1 1 1 1 |1 1 6 1 4 1 1 1 1 1 4 1 1 1 1 1 1 |6 1 1 1 1 1 1 1 1 1 1 1 1 1 |1 1 1 1 1 1 1 2 |2 1 1 3 1 1 1 |1 1 1 1 1 1 1 1 1 1 1 1 1 1 1 1 |1 1 1 1 1 1 1 1 1 1 1 1 1 1 1 |1 6 1 1 1 1 1 1 2 1 5 1 1 1 1 1 1 5 |1 1 2 2 1 1 1 1 6 1 1 5 1 1 1 1 |1 1 1 2 1 1 1 1 1 1 1 1 6 4 |6 1 1 1 1 1 3 1 1 |1 1 1 1 6 4 1 1 2 1 1 1 1 1 1 1 2 3 3 1 |1 1 1 1 1 1 1 1 4 1 1 1 1 |3 4 1 1 1 2 4 1 1 1 1 3 4 1 1 1 1 1 1 1 |1 1 1 1 1 1 |5 1 1 1 1 1 1 1 1 1 1 1 |realPatrol = 600|fitness = 103.08026212373912

第2个BestWave: 
1 1 1 1 1 1 1 1 1 1 1 1 1 6 1 6 1 1 |1 1 1 1 1 1 1 5 1 1 1 |1 1 1 3 1 1 1 1 1 1 1 1 |1 1 1 1 6 1 5 1 1 4 6 1 1 1 1 1 |1 1 5 1 1 1 1 1 1 1 |4 1 1 3 1 1 1 1 1 1 1 1 1 1 1 6 1 |1 5 4 1 1 1 1 1 3 1 1 2 1 1 1 1 1 1 |1 1 1 1 1 1 1 |1 1 1 1 1 1 1 1 1 1 6 1 1 1 1 1 1 1 |1 1 1 1 1 1 1 1 1 5 1 1 1 1 1 1 1 1 1 |1 1 1 1 1 6 |1 1 1 1 1 1 1 1 1 1 |1 1 1 4 1 6 1 1 1 4 1 1 1 1 1 1 5 1 1 |1 2 5 6 1 5 1 1 5 |1 1 1 1 6 1 |1 1 6 1 1 1 1 1 1 1 4 1 1 1 1 1 1 |6 2 1 1 1 1 4 1 1 1 1 1 1 1 |1 1 1 1 1 1 1 1 |1 1 1 4 1 1 1 |1 1 1 1 1 1 1 1 1 1 1 1 1 1 1 1 |1 1 1 1 1 1 1 1 1 1 1 1 1 1 1 |1 6 1 1 1 5 1 1 1 1 1 1 1 4 1 1 1 5 |1 1 1 1 1 1 1 1 1 1 1 5 1 1 1 1 |1 1 1 6 1 1 1 1 1 1 1 1 4 1 |6 1 1 1 1 1 1 1 1 |1 1 1 1 6 1 1 1 5 1 1 1 1 1 2 1 1 3 5 1 |1 1 1 1 1 1 1 1 1 1 1 1 1 |1 1 1 1 1 5 1 1 1 1 1 2 4 1 1 1 1 1 1 1 |1 1 1 4 1 6 |3 1 1 1 1 1 4 1 1 1 1 1 |realPatrol = 600|fitness = 106.46646133312048

第3个BestWave: 
1 1 1 1 1 1 3 1 3 1 1 1 1 1 1 6 5 1 |1 1 1 6 1 1 1 1 1 1 1 |1 1 1 1 1 6 1 6 1 1 1 1 |1 1 2 1 1 1 1 1 1 6 4 5 1 1 1 1 |1 1 1 1 1 1 1 1 1 1 |4 1 1 1 1 4 1 1 1 1 1 1 1 3 1 6 1 |1 1 1 3 1 6 1 1 1 1 1 1 2 1 1 2 5 1 |1 1 1 1 1 1 5 |1 1 1 1 1 1 1 1 1 1 1 1 1 1 1 1 1 1 |1 1 1 3 1 1 1 1 1 4 6 3 1 1 1 1 1 1 1 |1 1 4 1 1 1 |1 1 1 1 1 1 1 1 1 1 |1 1 1 6 1 5 1 1 1 1 6 1 1 6 1 1 1 1 1 |1 1 1 6 2 1 1 1 1 |1 1 1 1 1 1 |1 1 1 1 1 1 1 1 1 1 3 1 1 1 1 1 1 |6 1 1 1 1 1 4 1 1 1 1 1 1 1 |1 1 1 1 1 1 1 1 |1 1 1 1 1 1 1 |1 1 1 1 1 1 1 1 1 1 1 1 1 1 1 1 |1 1 1 1 1 1 2 1 1 1 4 1 1 1 4 |1 4 1 1 1 1 1 1 1 1 1 1 1 1 3 1 1 1 |1 1 3 1 1 1 1 1 5 1 1 6 1 1 1 1 |1 1 1 3 1 1 1 1 1 1 1 3 6 1 |5 1 1 1 1 1 1 1 1 |1 1 1 1 6 6 1 1 5 1 1 1 1 1 1 1 1 3 6 1 |1 1 3 1 1 1 1 1 1 1 1 1 1 |3 1 1 1 1 3 1 1 1 1 1 1 6 1 6 1 1 1 1 1 |1 1 1 2 1 5 |1 1 1 1 1 1 1 1 1 1 1 1 |realPatrol = 600|fitness = 103.44106959786197

最优解的最大适应度：106.46646133312048
最优解的最小适应度：103.08026212373912
最优解的平均适应度：104.32926435157385
估计标准差值：1.8596380593531434
最优解的最佳分配：
1 1 1 1 1 1 1 1 1 1 1 1 1 6 1 6 1 1 |1 1 1 1 1 1 1 5 1 1 1 |1 1 1 3 1 1 1 1 1 1 1 1 |1 1 1 1 6 1 5 1 1 4 6 1 1 1 1 1 |1 1 5 1 1 1 1 1 1 1 |4 1 1 3 1 1 1 1 1 1 1 1 1 1 1 6 1 |1 5 4 1 1 1 1 1 3 1 1 2 1 1 1 1 1 1 |1 1 1 1 1 1 1 |1 1 1 1 1 1 1 1 1 1 6 1 1 1 1 1 1 1 |1 1 1 1 1 1 1 1 1 5 1 1 1 1 1 1 1 1 1 |1 1 1 1 1 6 |1 1 1 1 1 1 1 1 1 1 |1 1 1 4 1 6 1 1 1 4 1 1 1 1 1 1 5 1 1 |1 2 5 6 1 5 1 1 5 |1 1 1 1 6 1 |1 1 6 1 1 1 1 1 1 1 4 1 1 1 1 1 1 |6 2 1 1 1 1 4 1 1 1 1 1 1 1 |1 1 1 1 1 1 1 1 |1 1 1 4 1 1 1 |1 1 1 1 1 1 1 1 1 1 1 1 1 1 1 1 |1 1 1 1 1 1 1 1 1 1 1 1 1 1 1 |1 6 1 1 1 5 1 1 1 1 1 1 1 4 1 1 1 5 |1 1 1 1 1 1 1 1 1 1 1 5 1 1 1 1 |1 1 1 6 1 1 1 1 1 1 1 1 4 1 |6 1 1 1 1 1 1 1 1 |1 1 1 1 6 1 1 1 5 1 1 1 1 1 2 1 1 3 5 1 |1 1 1 1 1 1 1 1 1 1 1 1 1 |1 1 1 1 1 5 1 1 1 1 1 2 4 1 1 1 1 1 1 1 |1 1 1 4 1 6 |3 1 1 1 1 1 4 1 1 1 1 1 |600|realPatrol = 600
WWO算法运行求解巡逻调度问题耗时：0小时，13分钟，34秒
第1个BestWave: 
1 1 1 1 1 1 1 1 1 1 1 1 1 4 1 6 4 1 |1 1 1 6 1 3 1 3 1 1 1 |4 1 1 1 1 1 1 5 1 1 3 1 |1 1 1 1 2 1 4 1 1 1 6 5 1 1 1 1 |1 1 1 1 1 1 1 1 1 1 |3 1 1 1 1 1 1 3 1 1 1 1 1 3 1 6 1 |1 1 1 1 1 6 1 1 3 1 1 1 1 1 1 1 4 1 |1 1 1 1 1 1 1 |1 1 1 1 1 2 1 1 1 1 3 1 1 1 1 1 5 1 |1 1 1 1 1 1 1 1 1 1 1 1 1 1 1 1 1 1 1 |1 1 1 1 1 3 |1 1 1 1 1 1 1 1 1 3 |1 1 1 5 1 6 1 1 1 1 5 1 3 3 1 2 6 1 1 |1 1 6 6 1 5 1 5 1 |1 1 1 1 1 1 |1 1 1 1 1 1 1 1 1 1 1 1 1 1 1 1 1 |5 1 1 2 1 1 1 1 1 1 1 1 1 1 |1 1 1 1 1 1 1 1 |1 1 1 6 1 1 1 |1 1 1 1 1 1 1 1 1 1 1 1 1 1 1 1 |1 1 1 1 1 1 1 1 1 1 4 1 1 1 1 |1 4 1 1 1 3 1 1 1 1 1 1 1 4 1 1 1 6 |1 1 1 1 4 1 1 1 1 1 1 4 1 1 3 1 |1 1 1 1 1 1 1 1 1 1 1 1 2 1 |6 1 1 1 1 1 1 1 1 |1 1 1 1 5 5 1 1 2 1 1 1 1 1 1 1 1 1 4 1 |1 2 1 1 1 1 1 1 1 2 1 1 1 |5 1 1 1 1 6 1 1 1 1 1 4 5 1 3 1 1 1 1 1 |1 1 1 1 1 6 |4 1 1 1 1 1 5 1 1 1 1 1 |realPatrol = 600|fitness = 109.7853100272207

第2个BestWave: 
1 1 1 1 1 1 1 1 1 1 1 1 1 5 1 6 3 1 |1 1 1 6 1 1 1 6 1 1 1 |1 1 1 1 1 1 1 6 1 1 1 1 |1 1 1 1 6 1 5 1 1 5 6 1 1 1 1 1 |1 1 1 1 1 1 1 1 1 1 |6 1 1 1 1 2 1 1 1 1 1 1 1 1 1 6 1 |1 1 1 1 1 6 1 1 3 3 1 1 3 1 1 1 4 1 |1 1 1 1 1 1 2 |1 1 1 1 1 6 1 1 1 1 3 1 1 1 1 1 5 1 |1 1 1 1 1 1 1 1 1 1 1 1 1 1 1 1 1 1 1 |1 1 1 1 1 4 |1 1 1 1 1 1 1 1 1 1 |1 1 1 4 1 5 1 1 1 1 5 1 1 3 1 1 5 1 1 |1 1 2 4 1 1 1 6 1 |1 1 1 1 6 1 |2 1 4 1 1 1 1 1 1 1 6 1 1 1 1 1 1 |5 1 1 1 1 1 1 1 1 1 1 1 1 1 |1 1 1 1 1 1 1 1 |1 1 1 6 1 1 1 |1 2 1 1 1 1 1 1 1 1 1 1 1 1 1 1 |1 1 1 1 1 1 1 1 1 1 1 1 1 1 1 |1 6 1 1 1 4 1 1 3 1 3 1 1 6 1 2 1 1 |1 1 1 4 1 1 1 1 1 1 1 1 1 1 1 1 |1 1 1 4 1 1 1 1 1 1 1 1 5 1 |6 1 1 1 1 1 6 2 1 |1 1 1 1 3 5 1 1 6 1 1 1 1 1 1 1 1 2 1 1 |1 1 1 1 1 1 1 1 1 1 1 1 1 |1 1 1 1 1 6 1 1 1 1 1 1 6 1 1 1 1 1 1 1 |1 1 1 1 1 1 |1 1 1 1 1 1 3 1 3 1 1 1 |realPatrol = 600|fitness = 108.73759856537274

第3个BestWave: 
1 1 1 1 1 1 1 1 1 1 1 1 1 6 1 4 1 1 |1 1 1 5 1 4 1 5 1 5 1 |1 1 3 1 1 1 1 5 1 1 1 1 |1 1 1 1 5 1 6 1 5 1 5 1 1 1 1 1 |1 1 1 1 1 1 1 1 1 1 |1 1 1 1 1 1 1 1 1 1 1 1 1 4 1 6 1 |1 1 1 1 1 5 1 1 1 1 1 1 2 1 1 1 1 3 |1 1 1 1 1 1 4 |2 1 1 1 1 4 1 1 1 1 4 1 1 1 1 4 1 1 |1 1 1 1 1 1 2 1 1 1 1 1 1 1 1 1 1 1 1 |1 1 1 1 1 4 |1 1 1 1 1 1 1 1 1 1 |1 1 1 6 1 6 1 1 1 1 6 1 1 6 1 1 5 1 1 |1 1 4 6 1 1 1 5 1 |4 1 1 1 5 1 |1 1 3 1 1 1 1 1 1 1 1 1 1 1 1 1 1 |6 1 1 1 1 1 4 1 1 1 1 1 1 1 |1 1 1 2 1 1 1 1 |1 1 1 3 1 1 1 |1 1 1 1 1 1 1 1 1 1 1 1 1 1 1 1 |1 1 1 1 1 1 1 1 1 1 1 1 1 1 1 |1 4 1 1 1 2 1 1 1 1 2 1 1 1 1 1 1 1 |1 1 1 1 3 1 1 1 1 1 1 4 1 1 1 1 |1 1 1 1 1 1 1 1 1 1 1 1 1 1 |5 1 1 1 1 1 4 1 2 |1 1 1 1 5 5 1 1 4 1 1 1 1 1 1 1 1 2 6 1 |1 1 1 1 1 1 1 1 1 1 1 1 1 |2 1 1 1 1 5 1 1 1 1 3 1 5 1 1 1 1 1 1 1 |1 1 1 1 6 5 |6 1 1 1 1 1 6 1 1 1 1 1 |realPatrol = 600|fitness = 109.08973755321297

最优解的最大适应度：109.7853100272207
最优解的最小适应度：108.73759856537274
最优解的平均适应度：109.20421538193547
估计标准差值：0.5331544867800183
最优解的最佳分配：
1 1 1 1 1 1 1 1 1 1 1 1 1 4 1 6 4 1 |1 1 1 6 1 3 1 3 1 1 1 |4 1 1 1 1 1 1 5 1 1 3 1 |1 1 1 1 2 1 4 1 1 1 6 5 1 1 1 1 |1 1 1 1 1 1 1 1 1 1 |3 1 1 1 1 1 1 3 1 1 1 1 1 3 1 6 1 |1 1 1 1 1 6 1 1 3 1 1 1 1 1 1 1 4 1 |1 1 1 1 1 1 1 |1 1 1 1 1 2 1 1 1 1 3 1 1 1 1 1 5 1 |1 1 1 1 1 1 1 1 1 1 1 1 1 1 1 1 1 1 1 |1 1 1 1 1 3 |1 1 1 1 1 1 1 1 1 3 |1 1 1 5 1 6 1 1 1 1 5 1 3 3 1 2 6 1 1 |1 1 6 6 1 5 1 5 1 |1 1 1 1 1 1 |1 1 1 1 1 1 1 1 1 1 1 1 1 1 1 1 1 |5 1 1 2 1 1 1 1 1 1 1 1 1 1 |1 1 1 1 1 1 1 1 |1 1 1 6 1 1 1 |1 1 1 1 1 1 1 1 1 1 1 1 1 1 1 1 |1 1 1 1 1 1 1 1 1 1 4 1 1 1 1 |1 4 1 1 1 3 1 1 1 1 1 1 1 4 1 1 1 6 |1 1 1 1 4 1 1 1 1 1 1 4 1 1 3 1 |1 1 1 1 1 1 1 1 1 1 1 1 2 1 |6 1 1 1 1 1 1 1 1 |1 1 1 1 5 5 1 1 2 1 1 1 1 1 1 1 1 1 4 1 |1 2 1 1 1 1 1 1 1 2 1 1 1 |5 1 1 1 1 6 1 1 1 1 1 4 5 1 3 1 1 1 1 1 |1 1 1 1 1 6 |4 1 1 1 1 1 5 1 1 1 1 1 |600|realPatrol = 600
WWO算法运行求解巡逻调度问题耗时：0小时，14分钟，14秒
第1个BestWave: 
1 1 1 1 1 1 1 1 1 1 1 1 1 6 1 6 4 1 |1 1 1 6 1 1 1 6 1 1 1 |1 1 1 1 1 1 1 6 1 1 1 1 |1 1 1 1 6 1 6 1 1 4 6 3 1 1 1 1 |1 1 1 1 1 1 1 1 4 1 |3 1 1 1 1 1 1 1 1 1 1 1 1 3 1 6 1 |1 1 1 1 1 5 1 1 1 1 1 1 1 1 1 1 1 1 |1 1 1 1 1 1 1 |1 1 1 1 1 1 1 1 1 1 3 1 1 1 1 1 1 1 |1 1 1 1 1 1 1 1 1 3 1 1 1 1 1 1 1 1 1 |1 1 1 1 1 2 |1 1 1 1 1 1 1 1 1 1 |1 1 1 6 1 6 1 1 1 1 6 1 1 1 1 1 4 1 1 |1 1 5 6 1 2 1 6 1 |1 1 1 1 6 1 |1 1 6 1 1 1 1 1 1 1 5 1 1 1 1 1 1 |6 1 1 2 1 1 3 1 1 1 1 1 1 1 |1 1 1 1 1 1 1 1 |1 1 1 6 1 1 1 |1 1 1 1 1 1 1 1 1 1 1 1 1 1 1 1 |1 1 1 1 1 1 1 1 1 1 1 1 1 1 1 |1 6 1 1 1 1 1 1 1 1 2 1 1 3 1 1 1 2 |1 1 1 1 1 1 1 1 4 1 1 5 1 1 1 1 |1 1 1 2 1 1 1 1 1 1 1 1 3 1 |6 1 1 1 1 1 1 1 1 |1 1 1 1 6 6 1 1 5 1 1 1 1 1 1 1 1 1 6 1 |1 1 1 1 1 1 1 1 1 1 1 1 1 |4 1 1 1 1 6 1 1 1 1 1 2 6 1 1 1 1 1 1 1 |1 1 1 1 1 6 |4 1 1 1 1 1 6 1 1 1 1 1 |realPatrol = 600|fitness = 114.33539341887312

第2个BestWave: 
1 1 1 1 1 1 1 1 1 1 1 1 1 6 1 6 4 1 |1 1 1 6 1 1 1 6 1 1 1 |1 1 1 1 1 1 1 6 1 1 1 1 |1 1 1 1 6 1 6 1 1 3 6 3 1 1 1 1 |1 1 1 1 1 1 1 1 3 1 |4 1 1 1 1 1 1 1 1 1 1 1 1 4 1 6 1 |1 1 1 1 1 5 1 1 1 1 1 1 1 1 1 1 1 1 |1 1 1 1 1 1 1 |1 1 1 1 1 1 1 1 1 1 3 1 1 1 1 1 1 1 |1 1 1 1 1 1 1 1 1 2 1 1 1 1 1 1 1 1 1 |1 1 1 1 1 3 |1 1 1 1 1 1 1 1 1 1 |1 1 1 6 1 6 1 1 1 1 6 1 1 2 1 1 5 1 1 |1 1 6 6 1 2 1 6 1 |1 1 1 1 5 1 |1 1 6 1 1 1 1 1 1 1 4 1 1 1 1 1 1 |6 1 1 1 1 1 3 1 1 1 1 1 1 1 |1 1 1 1 1 1 1 1 |1 1 1 6 1 1 1 |1 1 1 1 1 1 1 1 1 1 1 1 1 1 1 1 |1 1 1 1 1 1 1 1 1 1 1 1 1 1 1 |1 6 1 1 1 1 1 1 1 1 1 1 1 3 1 1 1 3 |1 1 1 1 1 1 1 1 3 1 1 6 1 1 1 1 |1 1 1 1 1 1 1 1 1 1 1 1 3 1 |6 1 1 1 1 1 1 1 1 |1 1 1 1 6 6 1 1 6 1 1 1 1 1 1 1 1 1 6 1 |1 1 1 1 1 1 1 1 1 1 1 1 1 |4 1 1 1 1 6 1 1 1 1 1 1 6 1 1 1 1 1 1 1 |1 1 1 1 1 6 |5 1 1 1 1 1 6 1 1 1 1 1 |realPatrol = 600|fitness = 114.3276618288294

第3个BestWave: 
1 1 1 1 1 1 1 1 1 1 1 1 1 6 1 6 3 1 |1 1 1 6 1 2 1 6 1 1 1 |1 1 1 1 1 1 1 6 1 1 1 1 |1 1 1 1 6 1 6 1 1 4 6 5 1 1 1 1 |1 1 1 1 1 1 1 1 4 1 |5 1 1 1 1 1 1 1 1 1 1 1 1 3 1 6 1 |1 1 1 1 1 6 1 1 1 1 1 1 1 1 1 1 1 1 |1 1 1 1 1 1 1 |1 1 1 1 1 1 1 1 1 1 4 1 1 1 1 1 1 1 |1 1 1 1 1 1 1 1 1 3 1 1 1 1 1 1 1 1 1 |1 1 1 1 1 3 |1 1 1 1 1 1 1 1 1 1 |1 1 1 6 1 6 1 1 1 1 6 1 1 2 1 1 4 1 1 |1 1 6 6 1 2 1 6 1 |1 1 1 1 5 1 |1 1 5 1 1 1 1 1 1 1 4 1 1 1 1 1 1 |6 1 1 1 1 1 2 1 1 1 1 1 1 1 |1 1 1 1 1 1 1 1 |1 1 1 6 1 1 1 |1 1 1 1 1 1 1 1 1 1 1 1 1 1 1 1 |1 1 1 1 1 1 1 1 1 1 1 1 1 1 1 |1 6 1 1 1 1 1 1 1 1 1 1 1 1 1 1 1 4 |1 1 1 1 1 1 1 1 3 1 1 6 1 1 1 1 |1 1 1 1 1 1 1 1 1 1 1 1 2 1 |6 1 1 1 1 1 1 1 1 |1 1 1 1 6 6 1 1 5 1 1 1 1 1 1 1 1 1 6 1 |1 1 1 1 1 1 1 1 1 1 1 1 1 |4 1 1 1 1 6 1 1 1 1 1 1 6 1 1 1 1 1 1 1 |1 1 1 1 1 6 |4 1 1 1 1 1 6 1 1 1 1 1 |realPatrol = 600|fitness = 113.36805498449846

最优解的最大适应度：114.33539341887312
最优解的最小适应度：113.36805498449846
最优解的平均适应度：114.01037007740031
估计标准差值：0.5562746203974316
最优解的最佳分配：
1 1 1 1 1 1 1 1 1 1 1 1 1 6 1 6 4 1 |1 1 1 6 1 1 1 6 1 1 1 |1 1 1 1 1 1 1 6 1 1 1 1 |1 1 1 1 6 1 6 1 1 4 6 3 1 1 1 1 |1 1 1 1 1 1 1 1 4 1 |3 1 1 1 1 1 1 1 1 1 1 1 1 3 1 6 1 |1 1 1 1 1 5 1 1 1 1 1 1 1 1 1 1 1 1 |1 1 1 1 1 1 1 |1 1 1 1 1 1 1 1 1 1 3 1 1 1 1 1 1 1 |1 1 1 1 1 1 1 1 1 3 1 1 1 1 1 1 1 1 1 |1 1 1 1 1 2 |1 1 1 1 1 1 1 1 1 1 |1 1 1 6 1 6 1 1 1 1 6 1 1 1 1 1 4 1 1 |1 1 5 6 1 2 1 6 1 |1 1 1 1 6 1 |1 1 6 1 1 1 1 1 1 1 5 1 1 1 1 1 1 |6 1 1 2 1 1 3 1 1 1 1 1 1 1 |1 1 1 1 1 1 1 1 |1 1 1 6 1 1 1 |1 1 1 1 1 1 1 1 1 1 1 1 1 1 1 1 |1 1 1 1 1 1 1 1 1 1 1 1 1 1 1 |1 6 1 1 1 1 1 1 1 1 2 1 1 3 1 1 1 2 |1 1 1 1 1 1 1 1 4 1 1 5 1 1 1 1 |1 1 1 2 1 1 1 1 1 1 1 1 3 1 |6 1 1 1 1 1 1 1 1 |1 1 1 1 6 6 1 1 5 1 1 1 1 1 1 1 1 1 6 1 |1 1 1 1 1 1 1 1 1 1 1 1 1 |4 1 1 1 1 6 1 1 1 1 1 2 6 1 1 1 1 1 1 1 |1 1 1 1 1 6 |4 1 1 1 1 1 6 1 1 1 1 1 |600|realPatrol = 600
WWO算法运行求解巡逻调度问题耗时：0小时，15分钟，8秒
