===============第1个全局最优解================
最佳代数：
28439
最佳分配：
6 1 4 1 1 5 1 5 6 |1 1 1 1 3 1 |1 4 1 1 1 1 1 1 3 |1 1 1 1 1 6 1 1 1 1 3 |1 3 1 1 1 1 1 1 1 1 1 1 6 2 1 1 6 |
最佳适应度：
12.733217008917448

===============第2个全局最优解================
最佳代数：
17561
最佳分配：
6 1 3 1 1 5 1 5 6 |1 1 1 1 2 1 |1 4 1 1 1 1 1 1 4 |1 1 1 1 1 6 1 1 1 1 4 |1 3 1 1 1 1 1 1 1 1 1 1 6 2 1 1 6 |
最佳适应度：
12.651522692871287

===============第3个全局最优解================
最佳代数：
27817
最佳分配：
6 1 3 1 1 4 1 4 6 |1 1 1 1 2 1 |1 4 1 1 1 1 1 2 3 |1 1 1 1 1 6 1 1 1 1 5 |1 3 1 1 1 1 1 2 1 1 1 1 6 2 1 1 6 |
最佳适应度：
12.555450926490861

===============第4个全局最优解================
最佳代数：
20869
最佳分配：
6 1 4 1 1 5 1 5 6 |1 1 1 1 2 1 |1 4 1 1 1 1 1 1 4 |1 1 1 1 1 6 1 1 1 1 4 |1 3 1 1 1 1 1 1 1 1 1 1 6 1 1 1 6 |
最佳适应度：
12.749663231550144

===============第5个全局最优解================
最佳代数：
26495
最佳分配：
6 1 4 1 1 5 1 5 6 |1 1 1 1 3 1 |1 4 1 1 1 1 1 1 3 |1 1 1 1 1 6 1 1 1 1 4 |1 3 1 1 1 1 1 1 1 1 1 1 6 1 1 1 6 |
最佳适应度：
12.576978143052893

===============第6个全局最优解================
最佳代数：
28217
最佳分配：
6 1 4 1 1 5 1 5 6 |1 1 1 1 3 1 |1 4 1 1 1 1 1 1 3 |1 1 1 1 1 6 1 1 1 1 4 |1 3 1 1 1 1 1 1 1 1 1 1 6 1 1 1 6 |
最佳适应度：
12.51059688584551

===============第7个全局最优解================
最佳代数：
23839
最佳分配：
6 1 4 1 1 5 1 5 6 |1 1 1 1 3 1 |1 4 1 1 1 1 1 2 3 |1 1 1 1 1 6 1 1 1 1 4 |1 1 1 1 1 1 1 2 1 1 1 1 6 1 1 1 6 |
最佳适应度：
12.66331287386365

===============第8个全局最优解================
最佳代数：
13933
最佳分配：
6 1 4 1 1 5 1 4 6 |1 1 1 1 3 1 |1 4 1 1 1 1 1 1 3 |1 1 1 1 1 5 1 1 1 1 5 |1 3 1 1 1 1 1 2 1 1 1 1 6 1 1 1 6 |
最佳适应度：
12.60558972183046

===============第9个全局最优解================
最佳代数：
25017
最佳分配：
6 1 4 1 1 5 1 4 6 |1 1 1 1 3 1 |1 5 1 1 1 1 1 1 3 |1 1 1 1 1 5 1 1 1 1 4 |1 3 1 1 1 1 1 1 1 1 1 1 6 2 1 1 6 |
最佳适应度：
12.660385827101235

===============第10个全局最优解================
最佳代数：
18631
最佳分配：
6 1 3 1 1 5 1 5 6 |1 1 1 1 3 1 |1 4 1 1 1 1 1 1 4 |1 1 1 1 1 5 1 1 1 1 4 |1 3 1 1 1 1 1 1 1 1 1 1 6 2 1 1 6 |
最佳适应度：
12.551943142086971

===============第11个全局最优解================
最佳代数：
26999
最佳分配：
6 1 4 1 1 5 1 5 6 |1 1 1 1 2 1 |1 4 1 1 1 1 1 1 3 |1 1 1 1 1 6 1 1 1 1 5 |1 3 1 1 1 1 1 1 1 1 1 1 6 1 1 1 6 |
最佳适应度：
12.647855551546716

===============第12个全局最优解================
最佳代数：
29325
最佳分配：
6 1 4 1 1 5 1 5 6 |1 1 1 1 2 1 |1 4 1 1 1 1 1 2 4 |1 1 1 1 1 5 1 1 1 1 4 |1 3 1 1 1 1 1 1 1 1 1 1 6 1 1 1 6 |
最佳适应度：
12.605766934327226

===============第13个全局最优解================
最佳代数：
25523
最佳分配：
6 1 4 1 1 5 1 4 6 |1 1 1 1 2 1 |1 5 1 1 1 1 1 1 3 |1 1 1 1 1 6 1 1 1 1 4 |1 3 1 1 1 1 1 1 1 1 1 1 6 2 1 1 6 |
最佳适应度：
12.543005455629993

===============第14个全局最优解================
最佳代数：
21191
最佳分配：
6 1 4 1 1 5 1 5 6 |1 1 1 1 3 1 |1 4 1 1 1 1 1 1 3 |1 1 1 1 1 6 1 1 1 1 4 |1 3 1 1 1 1 1 1 1 1 1 1 6 1 1 1 6 |
最佳适应度：
12.775860879112061

===============第15个全局最优解================
最佳代数：
29461
最佳分配：
6 1 4 1 1 5 1 5 6 |1 1 1 1 2 1 |1 4 1 1 1 1 1 1 4 |1 1 1 1 1 6 1 1 1 1 4 |1 3 1 1 1 1 1 1 1 1 1 1 6 1 1 1 6 |
最佳适应度：
12.585329611069852

===============第16个全局最优解================
最佳代数：
19809
最佳分配：
6 1 4 1 1 5 1 5 6 |1 1 1 1 3 1 |1 4 1 1 1 1 1 1 3 |1 1 1 1 1 6 1 1 1 1 3 |1 3 1 1 1 1 1 1 1 1 1 1 6 2 1 1 6 |
最佳适应度：
12.650270616699832

===============第17个全局最优解================
最佳代数：
29791
最佳分配：
6 1 4 1 1 5 1 4 6 |1 1 1 1 3 1 |1 4 1 1 1 1 1 1 3 |1 1 1 1 1 6 1 1 1 1 4 |1 3 1 1 1 1 1 1 1 1 1 1 6 2 1 1 6 |
最佳适应度：
12.813434688370652

===============第18个全局最优解================
最佳代数：
29319
最佳分配：
6 1 4 1 1 4 1 4 6 |1 1 1 1 2 1 |1 4 1 1 1 1 1 1 4 |1 1 1 1 1 6 1 1 1 1 4 |1 4 1 1 1 1 1 1 1 1 1 1 6 2 1 1 6 |
最佳适应度：
12.579321839172518

===============第19个全局最优解================
最佳代数：
24211
最佳分配：
6 1 4 1 1 5 1 5 6 |1 1 1 1 2 1 |1 4 1 1 1 1 1 1 4 |1 1 1 1 1 6 1 1 1 1 4 |1 3 1 1 1 1 1 1 1 1 1 1 5 2 1 1 6 |
最佳适应度：
12.715296261397249

===============第20个全局最优解================
最佳代数：
27157
最佳分配：
6 1 4 1 1 5 1 5 6 |1 1 1 1 3 1 |1 5 1 1 1 1 1 1 3 |1 1 1 1 1 6 1 1 1 1 3 |1 3 1 1 1 1 1 1 1 1 1 1 6 1 1 1 6 |
最佳适应度：
12.716657128679492

===============第21个全局最优解================
最佳代数：
25975
最佳分配：
6 1 4 1 1 5 1 4 6 |1 1 1 1 3 1 |1 4 1 1 1 1 1 1 3 |1 1 1 1 1 6 1 1 1 1 4 |1 3 1 1 1 1 1 1 1 1 1 1 6 2 1 1 6 |
最佳适应度：
12.793861623254902

===============第22个全局最优解================
最佳代数：
25455
最佳分配：
6 1 4 1 1 6 1 5 6 |1 1 1 1 2 1 |1 3 1 1 1 1 1 1 3 |1 1 1 1 1 6 1 1 1 1 4 |1 3 1 1 1 1 1 2 1 1 1 1 6 1 1 1 6 |
最佳适应度：
12.643477724465463

===============第23个全局最优解================
最佳代数：
25791
最佳分配：
6 1 3 1 1 5 1 5 6 |1 1 1 1 3 1 |1 4 1 1 1 1 1 1 4 |1 1 1 1 1 6 1 1 1 1 4 |1 3 1 1 1 1 1 1 1 1 1 1 6 1 1 1 6 |
最佳适应度：
12.712707159651808

===============第24个全局最优解================
最佳代数：
25489
最佳分配：
6 1 4 1 1 5 1 4 6 |1 1 1 1 2 1 |1 4 1 1 1 1 1 1 3 |1 1 1 1 1 6 1 1 1 1 5 |1 3 1 1 1 1 1 2 1 1 1 1 6 1 1 1 6 |
最佳适应度：
12.707259674356274

===============第25个全局最优解================
最佳代数：
26713
最佳分配：
6 1 4 1 1 5 1 4 6 |1 1 1 1 3 1 |1 4 1 1 1 1 1 1 3 |1 1 1 1 1 6 1 1 1 1 5 |1 3 1 1 1 1 1 1 1 1 1 1 6 1 1 1 6 |
最佳适应度：
12.826982788392142

===============第26个全局最优解================
最佳代数：
19509
最佳分配：
6 1 3 1 1 5 1 4 6 |1 1 1 1 3 1 |1 5 1 1 1 1 1 1 3 |1 1 1 1 1 6 1 1 1 1 4 |1 3 1 1 1 1 1 1 1 1 1 1 6 2 1 1 6 |
最佳适应度：
12.633121294848685

===============第27个全局最优解================
最佳代数：
25509
最佳分配：
6 1 4 1 1 5 1 5 6 |1 1 1 1 3 1 |1 4 1 1 1 1 1 1 3 |1 1 1 1 1 6 1 1 1 1 4 |1 3 1 1 1 1 1 1 1 1 1 1 6 1 1 1 6 |
最佳适应度：
12.84411017822973

===============第28个全局最优解================
最佳代数：
22215
最佳分配：
6 1 3 1 1 5 1 5 6 |1 1 1 1 2 1 |1 5 1 1 1 1 1 1 3 |1 1 1 1 1 6 1 1 1 1 5 |1 2 1 1 1 1 1 1 1 1 1 1 6 2 1 1 6 |
最佳适应度：
12.638090023669324

===============第29个全局最优解================
最佳代数：
23725
最佳分配：
6 1 4 1 1 5 1 5 6 |1 1 1 1 3 1 |1 4 1 1 1 1 1 1 3 |1 1 1 1 1 6 1 1 1 1 4 |1 3 1 1 1 1 1 1 1 1 1 1 6 1 1 1 6 |
最佳适应度：
12.552511881953308

===============第30个全局最优解================
最佳代数：
22543
最佳分配：
6 1 4 1 1 5 1 5 6 |1 1 1 1 3 1 |1 4 1 1 1 1 1 1 3 |1 1 1 1 1 5 1 1 1 1 4 |1 3 1 1 1 1 1 1 1 1 1 1 6 2 1 1 6 |
最佳适应度：
12.75275633746352

===============第31个全局最优解================
最佳代数：
14485
最佳分配：
6 1 5 1 1 5 1 4 6 |1 1 1 1 2 1 |1 4 1 1 1 1 1 1 3 |1 1 1 1 1 6 1 1 1 1 4 |1 3 1 1 1 1 1 1 1 1 1 1 6 2 1 1 6 |
最佳适应度：
12.682681189039421

===============第32个全局最优解================
最佳代数：
14915
最佳分配：
6 1 4 1 1 5 1 4 6 |1 1 1 1 3 1 |1 4 1 1 1 1 1 1 4 |1 1 1 1 1 6 1 1 1 1 4 |1 3 1 1 1 1 1 1 1 1 1 1 6 1 1 1 6 |
最佳适应度：
12.53498661213864

===============第33个全局最优解================
最佳代数：
30049
最佳分配：
6 1 4 1 1 5 1 4 6 |1 1 1 1 2 1 |1 4 1 1 1 1 1 2 3 |1 1 1 1 1 6 1 1 1 1 4 |1 3 1 1 1 1 1 1 1 1 1 1 6 2 1 1 6 |
最佳适应度：
12.625763720974486

===============第34个全局最优解================
最佳代数：
16891
最佳分配：
6 1 4 1 1 5 1 5 6 |1 1 1 1 3 1 |1 4 1 1 1 1 1 1 3 |1 1 1 1 1 5 1 1 1 1 4 |1 3 1 1 1 1 1 1 1 1 1 1 6 2 1 1 6 |
最佳适应度：
12.887384792941598

===============第35个全局最优解================
最佳代数：
27355
最佳分配：
6 1 4 1 1 5 1 4 6 |1 1 1 1 3 1 |1 4 1 1 1 1 1 2 3 |1 1 1 1 1 5 1 1 1 1 4 |1 3 2 1 1 1 1 1 1 1 1 1 6 1 1 1 6 |
最佳适应度：
12.5721904692041

===============第36个全局最优解================
最佳代数：
23935
最佳分配：
6 1 4 1 1 5 1 4 6 |1 1 1 1 3 1 |1 4 1 1 1 1 1 1 3 |1 1 1 1 1 6 1 1 1 1 4 |1 3 1 1 1 1 1 1 1 1 1 1 6 2 1 1 6 |
最佳适应度：
12.708358109668971

===============第37个全局最优解================
最佳代数：
28163
最佳分配：
6 1 5 1 1 4 1 5 6 |1 1 1 1 3 1 |1 4 1 1 1 1 1 1 3 |1 1 1 1 1 6 1 1 1 1 4 |1 3 1 1 1 1 1 1 1 1 1 1 6 1 1 1 6 |
最佳适应度：
12.484180163768764

===============第38个全局最优解================
最佳代数：
21619
最佳分配：
6 1 5 1 1 5 1 4 6 |1 1 1 1 2 1 |1 4 1 1 1 1 1 1 4 |1 1 1 1 1 6 1 1 1 1 4 |1 3 1 1 1 1 1 1 1 1 1 1 6 1 1 1 6 |
最佳适应度：
12.77371111273708

===============第39个全局最优解================
最佳代数：
29379
最佳分配：
6 1 4 1 1 5 1 5 6 |1 1 1 1 3 1 |1 4 1 1 1 1 1 1 4 |1 1 1 1 1 5 1 1 1 1 4 |1 3 1 1 1 1 1 1 1 1 1 1 6 1 1 1 6 |
最佳适应度：
12.637338782660748

===============第40个全局最优解================
最佳代数：
26943
最佳分配：
6 1 4 1 1 5 1 5 6 |1 1 1 1 3 1 |1 3 1 1 1 1 1 1 3 |1 1 1 1 1 6 1 1 1 1 4 |1 3 1 1 1 1 1 1 1 1 1 1 6 2 1 1 6 |
最佳适应度：
12.779851261708249

===============第41个全局最优解================
最佳代数：
25991
最佳分配：
6 1 3 1 1 4 1 5 6 |1 1 1 1 3 1 |1 4 1 1 1 1 1 1 3 |1 1 1 1 1 6 1 1 1 1 5 |1 3 1 1 1 1 1 1 1 1 1 1 6 2 1 1 6 |
最佳适应度：
12.756102748078426

===============第42个全局最优解================
最佳代数：
24815
最佳分配：
6 1 5 1 1 5 1 5 6 |1 1 1 1 2 1 |1 4 1 1 1 1 1 1 3 |1 1 1 1 1 6 1 1 1 1 4 |1 3 1 1 1 1 1 1 1 1 1 1 6 1 1 1 6 |
最佳适应度：
12.71092465767669

===============第43个全局最优解================
最佳代数：
24743
最佳分配：
6 1 4 1 1 5 1 5 6 |1 1 1 1 3 1 |1 4 1 1 1 1 1 1 3 |1 1 1 1 1 6 1 1 1 1 4 |1 3 1 1 1 1 1 1 1 1 1 1 6 1 1 1 6 |
最佳适应度：
12.575635222440166

===============第44个全局最优解================
最佳代数：
29757
最佳分配：
6 1 3 1 1 5 1 5 6 |1 1 1 1 3 1 |1 4 1 1 1 1 1 1 3 |1 1 1 1 1 6 1 1 1 1 4 |1 3 1 1 1 1 1 2 1 1 1 1 6 1 1 1 6 |
最佳适应度：
12.602402827415236

===============第45个全局最优解================
最佳代数：
29855
最佳分配：
6 1 4 1 1 5 1 5 6 |1 1 1 1 2 1 |1 5 1 1 1 1 1 1 3 |1 1 1 1 1 6 1 1 1 1 4 |1 3 1 1 1 1 1 1 1 1 1 1 6 1 1 1 6 |
最佳适应度：
12.72100034565318

===============第46个全局最优解================
最佳代数：
29441
最佳分配：
6 1 5 1 1 5 1 4 6 |1 1 1 1 3 1 |1 4 1 1 1 1 1 1 3 |1 1 1 1 1 6 1 1 1 1 4 |1 3 1 1 1 1 1 1 1 1 1 1 6 1 1 1 6 |
最佳适应度：
12.847680196890709

===============第47个全局最优解================
最佳代数：
22463
最佳分配：
6 1 3 1 1 5 1 5 6 |1 1 1 1 3 1 |1 5 1 1 1 1 1 1 3 |1 1 1 1 1 6 1 1 1 1 4 |1 3 1 1 1 1 1 1 1 1 1 1 6 1 1 1 6 |
最佳适应度：
12.787748826289123

===============第48个全局最优解================
最佳代数：
24833
最佳分配：
6 1 4 1 1 5 1 5 6 |1 1 1 1 3 1 |1 4 1 1 1 1 1 1 3 |1 1 1 1 1 6 1 1 1 1 3 |1 3 1 1 1 1 1 1 1 1 1 1 6 2 1 1 6 |
最佳适应度：
12.669831339070281

===============第49个全局最优解================
最佳代数：
28639
最佳分配：
6 1 4 1 1 5 1 5 6 |1 1 1 1 3 1 |1 4 1 1 1 1 1 1 3 |1 1 1 1 1 5 1 1 1 1 4 |1 2 1 1 1 1 1 2 1 1 1 1 6 2 1 1 6 |
最佳适应度：
12.778083309352104

===============第50个全局最优解================
最佳代数：
29097
最佳分配：
6 1 4 1 1 5 1 4 6 |1 1 1 1 3 1 |1 4 1 1 1 1 1 1 3 |1 1 1 1 1 6 1 1 1 1 4 |1 3 1 1 1 1 1 2 1 1 1 1 6 1 1 1 6 |
最佳适应度：
12.63601582461904

===============第51个全局最优解================
最佳代数：
28035
最佳分配：
6 1 3 1 1 5 1 4 6 |1 1 1 1 3 1 |1 4 1 1 1 1 1 1 4 |1 1 1 1 1 6 1 1 1 1 5 |1 3 1 1 1 1 1 1 1 1 1 1 6 1 1 1 6 |
最佳适应度：
12.751395956871265

===============第52个全局最优解================
最佳代数：
22551
最佳分配：
6 1 4 1 1 5 1 4 6 |1 1 1 1 3 1 |1 4 1 1 1 1 1 1 3 |1 1 1 1 1 6 1 1 1 1 5 |1 3 1 1 1 1 1 1 1 1 1 1 6 1 1 1 6 |
最佳适应度：
12.79735297127787

===============第53个全局最优解================
最佳代数：
24543
最佳分配：
6 1 4 1 1 5 1 5 6 |1 1 1 1 2 1 |1 4 1 1 1 1 1 1 3 |1 1 1 1 1 6 1 1 1 1 5 |1 3 1 1 1 1 1 1 1 1 1 1 6 1 1 1 6 |
最佳适应度：
12.848886630674837

===============第54个全局最优解================
最佳代数：
22395
最佳分配：
6 1 4 1 1 5 1 5 6 |1 1 1 1 3 1 |1 4 1 1 1 1 1 1 3 |1 1 1 1 1 5 1 1 1 1 5 |1 3 1 1 1 1 1 1 1 1 1 1 6 1 1 1 6 |
最佳适应度：
12.717154688629766

===============第55个全局最优解================
最佳代数：
23637
最佳分配：
6 1 4 1 1 5 1 5 6 |1 1 1 1 2 1 |1 4 1 1 1 1 1 1 4 |1 1 1 1 1 6 1 1 1 1 4 |1 3 1 1 1 1 1 1 1 1 1 1 6 1 1 1 6 |
最佳适应度：
12.412061773268654

===============第56个全局最优解================
最佳代数：
28063
最佳分配：
6 1 4 1 1 5 1 4 6 |1 1 1 1 3 1 |1 4 1 1 1 1 1 1 3 |1 1 1 1 1 6 1 1 1 1 4 |1 3 1 1 1 1 1 1 1 1 1 1 6 2 1 1 6 |
最佳适应度：
12.6251005478658

===============第57个全局最优解================
最佳代数：
20791
最佳分配：
6 1 3 1 1 5 1 5 6 |1 1 1 1 3 1 |1 4 1 1 1 1 1 1 3 |1 1 1 1 1 6 1 1 1 1 4 |1 3 1 1 1 1 1 1 1 1 1 1 6 2 1 1 6 |
最佳适应度：
12.63069313615309

===============第58个全局最优解================
最佳代数：
20811
最佳分配：
6 1 3 1 1 5 1 5 6 |1 1 1 1 3 1 |1 4 1 1 1 1 1 1 3 |1 1 1 1 1 5 1 1 1 1 4 |1 3 1 1 1 1 1 2 1 1 1 1 6 2 1 1 6 |
最佳适应度：
12.7598551020389

===============第59个全局最优解================
最佳代数：
24281
最佳分配：
6 1 4 1 1 5 1 4 6 |1 1 1 1 3 1 |1 5 1 1 1 1 1 1 3 |1 1 1 1 1 6 1 1 1 1 4 |1 3 1 1 1 1 1 1 1 1 1 1 6 1 1 1 6 |
最佳适应度：
12.747618769232274

===============第60个全局最优解================
最佳代数：
23761
最佳分配：
6 1 4 1 1 5 1 5 6 |1 1 1 1 2 1 |1 4 1 1 1 1 1 1 3 |1 1 1 1 1 6 1 1 1 1 4 |1 3 1 1 1 1 1 2 1 1 1 1 6 1 1 1 6 |
最佳适应度：
12.88897515348665

最大适应度：12.88897515348665
最小适应度：12.412061773268654
平均适应度：12.682455072462124
估计标准差值：0.10465986694468149
最佳分配：
6 1 4 1 1 5 1 5 6 |1 1 1 1 2 1 |1 4 1 1 1 1 1 1 3 |1 1 1 1 1 6 1 1 1 1 4 |1 3 1 1 1 1 1 2 1 1 1 1 6 1 1 1 6 |
DNSPSO算法运行求解巡逻调度问题耗时：0小时，1分钟，8秒
