===============第1个最优解如下===============
最佳适宜值为：
1.1230231323433677
最佳迁移代数为：
9999
最佳分配序列为：
1 6 1 1 1 2 |1 1 1 6 1 1 1 4 1 4 1 1 1 1 3 |num = 40

最大适应度：1.1230231323433677
最小适应度：1.1230231323433677
平均适应度：1.1230231323433677
估计标准差值：NaN
最佳分配：
1 6 1 1 1 2 |1 1 1 6 1 1 1 4 1 4 1 1 1 1 3 |num = 40
BBO算法运行求解巡逻调度问题耗时：0小时，0分钟，12秒
===============第1个最优解如下===============
最佳适宜值为：
1.1385140744511162
最佳迁移代数为：
9999
最佳分配序列为：
1 6 1 1 1 2 |1 1 1 6 1 1 1 6 1 2 1 1 1 1 3 |num = 40

最大适应度：1.1385140744511162
最小适应度：1.1385140744511162
平均适应度：1.1385140744511162
估计标准差值：NaN
最佳分配：
1 6 1 1 1 2 |1 1 1 6 1 1 1 6 1 2 1 1 1 1 3 |num = 40
BBO算法运行求解巡逻调度问题耗时：0小时，0分钟，12秒
