===============第1个全局最优解================
最佳代数：
116965
最佳分配：
1 1 1 1 1 1 1 1 1 1 1 1 1 6 1 6 3 1 |1 1 1 6 1 2 1 6 1 1 1 |3 1 1 1 1 5 1 6 1 1 1 1 |1 1 1 1 1 1 5 1 1 1 5 5 1 1 1 1 |1 1 1 1 1 1 1 1 4 1 |6 1 1 1 1 1 1 1 1 1 1 1 1 5 1 6 1 |1 1 1 1 1 6 1 1 1 3 1 1 3 1 1 1 3 1 |1 1 2 1 1 1 1 |1 1 1 1 1 1 1 1 1 1 4 1 1 1 1 1 3 1 |1 1 1 1 1 1 3 1 1 1 1 1 1 1 1 1 1 1 1 |1 1 1 1 1 4 |1 1 1 1 1 1 1 1 1 1 |1 1 1 5 1 5 1 1 1 1 5 1 1 1 1 1 5 1 1 |1 1 1 6 1 2 1 6 2 |1 1 1 1 1 1 |1 1 5 1 1 1 1 1 1 1 6 1 1 1 1 1 1 |5 1 1 1 1 1 6 1 1 1 1 1 1 1 |1 1 1 1 1 1 1 1 |1 1 1 5 1 1 1 |1 1 1 1 1 1 1 1 1 1 1 1 1 1 1 1 |1 1 1 1 1 1 1 1 1 2 1 1 1 1 1 |1 6 1 1 1 1 1 1 1 1 3 1 1 4 1 1 1 4 |1 1 1 1 1 1 1 1 5 1 1 1 1 1 4 1 |1 1 1 1 1 1 1 1 1 1 1 1 1 1 |6 1 1 1 1 1 1 1 1 |1 1 1 1 5 6 1 1 4 1 1 1 1 1 1 1 1 2 5 1 |1 1 1 1 1 1 1 1 1 1 1 1 1 |1 1 1 1 1 5 1 1 1 1 1 3 6 1 1 1 1 1 1 1 |1 1 1 1 1 6 |1 1 1 1 1 1 6 1 1 1 1 1 |
最佳适应度：
111.57053558686977

===============第2个全局最优解================
最佳代数：
112333
最佳分配：
1 1 1 1 1 1 1 1 1 1 1 1 1 5 1 6 3 1 |1 1 1 6 1 1 1 6 1 2 1 |1 1 1 1 1 1 1 6 1 1 1 1 |1 1 1 1 6 1 1 1 1 5 6 1 1 1 1 1 |1 1 1 1 1 1 1 1 1 1 |5 1 1 1 1 2 1 1 1 1 1 1 1 1 1 6 1 |1 1 1 1 1 6 1 1 1 1 1 1 4 1 1 1 2 1 |1 1 1 1 1 1 1 |1 1 1 1 1 2 1 1 1 1 5 1 1 1 1 1 3 1 |1 1 1 1 1 1 1 1 1 6 1 1 1 1 1 1 1 1 1 |1 1 1 1 1 5 |1 1 1 1 1 1 1 1 1 1 |1 4 1 5 1 5 1 1 1 1 1 1 1 1 1 1 6 1 1 |1 1 5 6 1 6 1 6 3 |1 1 1 1 1 1 |1 1 6 1 1 1 1 1 1 1 6 1 1 1 1 1 1 |6 1 1 1 1 1 3 1 1 1 1 1 1 1 |1 1 1 1 1 1 1 1 |1 1 1 1 1 1 1 |3 1 1 1 1 1 1 1 1 1 1 1 1 1 1 1 |1 1 1 1 1 1 1 1 1 1 1 1 1 1 1 |1 6 1 1 1 3 1 1 4 1 1 1 1 1 1 1 1 5 |1 1 1 1 1 1 1 1 6 1 1 5 1 1 1 1 |1 1 1 1 1 1 1 1 1 1 1 1 5 1 |6 1 1 1 1 1 1 1 1 |1 1 1 1 5 6 1 1 4 1 1 1 1 1 1 1 1 4 1 1 |1 1 1 1 1 1 1 1 1 1 1 1 1 |6 1 1 1 1 1 1 1 1 1 1 1 1 1 1 1 1 1 1 1 |1 1 1 3 1 6 |4 1 1 1 1 1 6 1 1 1 1 1 |
最佳适应度：
110.59008950039438

===============第3个全局最优解================
最佳代数：
117807
最佳分配：
1 1 1 1 1 1 1 1 1 1 1 1 1 4 1 6 5 1 |1 1 1 5 1 3 1 6 1 1 1 |1 1 1 1 1 1 1 6 1 1 1 1 |1 1 1 1 6 1 6 1 1 1 6 5 1 1 1 1 |1 1 1 1 1 1 1 1 3 1 |6 1 1 1 1 1 1 1 1 1 1 1 1 4 1 6 1 |1 1 1 1 1 6 1 1 1 4 1 1 1 1 1 1 2 1 |1 1 1 1 1 1 2 |1 1 1 1 1 1 1 1 1 1 1 1 1 1 1 1 3 1 |1 1 1 1 1 1 5 1 1 3 1 1 1 1 1 1 1 1 1 |1 1 1 1 1 3 |1 1 1 1 1 1 1 1 1 1 |1 1 1 1 1 6 1 1 1 1 6 1 1 1 1 1 1 1 1 |1 1 6 6 1 1 1 6 4 |1 1 1 1 6 1 |1 1 4 1 1 1 1 1 1 1 6 1 1 1 1 1 1 |5 1 1 1 1 1 3 1 1 1 1 1 1 1 |1 1 1 1 1 1 1 1 |1 1 1 1 1 1 1 |1 1 1 1 1 1 1 1 1 1 1 1 1 1 1 1 |1 1 1 1 1 1 1 1 1 1 1 1 1 1 1 |1 6 1 1 1 1 1 1 1 1 3 1 1 1 1 1 1 3 |1 1 1 1 4 1 1 1 6 1 1 6 1 1 2 1 |1 1 1 1 1 1 1 1 1 1 1 1 1 1 |6 1 1 1 1 1 1 1 1 |1 1 1 1 6 6 1 1 6 1 1 1 1 1 1 1 1 1 1 1 |1 1 1 1 1 1 1 1 1 1 1 1 1 |6 1 1 1 1 6 1 1 1 1 1 2 1 1 1 1 1 1 1 1 |1 1 1 1 3 6 |6 1 1 1 1 1 5 1 1 1 1 1 |
最佳适应度：
111.15972914772107

===============第4个全局最优解================
最佳代数：
115595
最佳分配：
1 1 1 1 1 1 1 1 1 1 1 1 1 6 1 6 1 1 |1 1 1 5 3 6 1 6 1 1 1 |1 1 1 1 1 1 1 6 1 1 1 1 |1 1 1 1 6 1 5 1 1 1 6 1 1 1 1 1 |1 1 1 1 1 1 1 1 3 1 |6 1 1 1 1 1 1 1 1 1 1 1 1 1 1 6 1 |1 1 1 1 1 5 1 1 1 1 1 1 1 1 1 1 1 1 |1 1 5 1 1 1 1 |1 1 1 1 2 4 1 1 1 1 1 1 1 1 1 1 1 1 |1 1 1 1 1 1 1 1 1 1 1 1 1 1 1 1 1 1 1 |1 1 1 1 1 3 |1 1 1 1 1 1 1 1 1 1 |1 1 1 5 1 4 1 1 1 1 6 1 1 1 1 1 6 1 1 |1 1 6 6 1 5 1 6 1 |1 1 1 1 6 1 |1 1 1 1 1 1 1 1 1 1 5 1 1 1 1 1 1 |6 1 1 1 1 1 4 1 1 1 1 1 1 1 |1 1 1 1 1 1 1 1 |1 1 1 6 1 1 1 |1 1 3 1 1 1 1 1 1 1 1 1 1 1 1 1 |1 1 1 1 1 1 1 1 1 1 1 1 1 1 1 |1 6 1 1 1 1 1 1 1 1 1 1 1 4 2 1 1 6 |1 1 1 1 4 1 1 1 2 1 1 6 1 1 1 1 |1 1 1 1 1 1 1 1 1 1 1 1 4 1 |6 1 1 1 1 1 1 1 1 |1 1 1 1 6 6 1 1 1 1 1 1 1 1 1 1 1 4 6 1 |1 1 1 1 1 1 1 1 1 1 1 1 1 |1 1 1 1 1 1 1 1 1 1 1 1 6 1 1 1 1 1 1 1 |1 1 1 1 1 6 |5 1 1 1 1 1 6 1 1 1 1 1 |
最佳适应度：
112.34333234279889

===============第5个全局最优解================
最佳代数：
116069
最佳分配：
1 1 1 1 1 1 1 1 1 1 1 1 1 6 1 6 1 1 |1 1 1 6 1 1 1 6 1 1 1 |1 1 1 1 1 3 1 1 1 1 1 1 |1 1 1 1 6 1 5 1 1 5 6 1 1 1 1 1 |1 1 1 1 1 1 1 1 1 1 |5 1 1 1 1 1 1 1 1 1 1 1 1 5 1 6 1 |1 1 1 1 1 6 1 1 1 1 1 1 1 1 1 1 1 1 |1 1 1 1 1 1 1 |1 1 1 1 1 1 1 1 1 1 1 1 1 1 1 1 1 1 |1 1 1 1 1 1 1 1 1 4 1 1 1 1 1 1 1 1 1 |1 1 1 1 1 3 |1 1 1 1 1 1 1 1 1 1 |1 1 1 6 1 6 1 1 1 1 6 1 1 1 1 1 4 1 1 |1 1 6 6 1 4 1 6 1 |1 1 1 1 6 1 |1 1 5 1 1 1 1 1 1 1 6 1 1 1 1 1 1 |6 1 1 1 1 1 4 1 1 1 1 1 1 1 |1 1 1 1 1 1 1 1 |1 1 1 6 1 1 1 |1 1 1 1 1 1 1 1 1 1 1 1 1 1 1 1 |1 1 1 1 1 1 1 1 1 1 1 1 1 1 1 |1 6 1 1 1 1 1 1 1 1 1 1 1 1 1 1 1 1 |1 1 1 3 1 1 1 1 5 1 1 6 1 1 4 1 |1 1 1 5 1 1 1 1 1 1 1 1 5 1 |6 1 1 1 1 1 1 1 1 |1 1 1 1 6 6 1 1 6 1 1 1 1 1 1 1 1 1 6 1 |1 1 1 1 1 1 1 1 1 1 1 1 1 |1 1 1 1 1 6 1 1 1 1 1 1 1 1 1 1 1 1 1 1 |1 1 1 1 3 6 |5 1 1 1 1 1 6 1 1 1 1 1 |
最佳适应度：
111.81502167308359

===============第6个全局最优解================
最佳代数：
116381
最佳分配：
1 1 1 1 1 1 1 1 1 1 1 1 1 6 1 6 1 1 |1 1 1 1 1 4 1 5 1 1 1 |2 1 1 1 1 1 1 6 1 1 1 1 |1 1 1 1 6 1 1 1 1 1 6 5 1 1 1 1 |1 1 1 1 1 1 1 1 6 1 |6 1 1 1 1 1 1 1 1 1 1 1 1 6 1 6 1 |1 1 1 1 1 5 1 1 1 1 1 1 3 1 1 1 1 1 |1 1 3 1 1 1 4 |1 1 1 1 1 4 1 1 1 1 5 1 1 1 1 1 1 1 |1 1 1 1 1 1 1 1 1 1 1 1 1 1 1 1 1 1 1 |1 1 1 1 1 1 |1 1 1 1 1 1 1 1 1 1 |1 1 1 5 1 6 1 1 1 1 5 1 1 3 1 1 1 1 1 |1 1 5 6 1 1 1 6 2 |1 1 1 1 5 1 |1 1 1 1 1 1 1 1 1 1 6 1 1 1 1 1 1 |6 1 1 1 1 1 4 1 1 1 1 1 1 1 |1 1 1 1 1 1 1 1 |1 1 1 6 1 1 1 |2 1 1 1 1 1 1 1 1 1 1 1 1 1 1 1 |1 1 1 1 1 1 1 1 1 1 1 1 1 1 1 |1 6 1 1 1 2 1 1 2 1 1 1 1 4 1 1 1 4 |1 1 1 1 1 1 1 1 1 1 1 6 1 1 2 1 |1 1 1 1 1 1 1 1 1 1 1 1 1 1 |6 1 1 1 1 1 3 5 1 |1 1 1 1 6 6 1 1 6 1 1 1 1 1 1 1 1 1 5 1 |1 1 1 1 1 1 1 1 1 1 1 1 1 |1 1 1 1 1 6 1 1 1 1 1 1 5 1 1 1 1 1 1 1 |1 1 1 1 4 6 |6 1 1 1 1 1 1 1 1 1 1 1 |
最佳适应度：
111.71811951427716

===============第7个全局最优解================
最佳代数：
117893
最佳分配：
1 1 1 1 1 1 1 1 1 1 1 1 1 6 1 6 1 1 |1 1 1 1 1 3 1 1 1 1 1 |4 1 1 1 1 1 1 6 1 1 1 1 |1 1 1 1 6 1 6 1 3 5 6 4 1 1 1 1 |1 1 1 1 1 1 1 1 5 1 |5 1 1 1 1 1 1 1 1 1 1 1 1 6 1 6 1 |1 1 1 1 1 6 1 1 1 4 1 1 4 1 1 1 1 1 |1 1 1 1 1 1 1 |1 1 1 1 1 3 1 1 1 1 1 1 1 1 1 1 3 1 |1 1 1 1 1 1 1 1 1 4 1 1 1 1 1 1 1 1 1 |1 1 1 1 1 1 |1 1 1 1 1 1 1 1 1 1 |1 1 1 5 1 1 1 1 1 1 6 1 1 1 1 1 1 1 1 |1 1 5 6 1 2 1 6 4 |1 1 1 1 1 1 |1 1 6 1 1 1 1 1 1 1 1 1 1 1 1 1 1 |6 1 1 1 1 1 5 1 1 1 1 1 1 1 |1 1 1 1 1 1 1 1 |1 1 1 6 1 1 1 |1 1 1 1 1 1 1 1 1 1 1 1 1 1 1 1 |1 1 1 1 1 1 1 1 1 1 1 1 1 1 1 |1 6 1 1 1 1 1 1 1 1 1 1 1 4 1 1 1 5 |1 1 1 1 1 1 1 1 5 1 1 6 1 1 3 1 |1 1 1 1 1 1 1 1 1 1 1 1 3 1 |6 1 1 1 1 1 4 1 1 |1 1 1 1 6 6 1 1 6 1 1 1 1 1 1 1 1 1 6 1 |1 1 1 1 1 1 1 1 1 1 1 1 1 |6 1 1 1 1 1 1 1 1 1 1 1 1 1 2 1 1 1 1 1 |1 1 1 1 1 6 |5 1 1 1 1 1 6 1 1 1 1 1 |
最佳适应度：
111.11250915102629

===============第8个全局最优解================
最佳代数：
117499
最佳分配：
1 1 1 1 1 1 1 1 1 1 1 1 1 6 1 6 5 1 |1 1 1 6 1 4 1 6 1 1 1 |3 1 1 1 1 1 1 6 1 1 1 1 |1 1 1 1 6 1 5 1 1 5 6 4 1 1 1 1 |1 1 1 1 1 1 1 1 1 1 |5 1 1 1 1 1 1 1 1 1 1 1 1 3 1 6 1 |1 1 1 1 1 1 1 1 1 1 1 1 1 1 1 1 2 1 |1 1 1 1 1 1 2 |1 1 1 1 1 1 1 1 1 1 5 1 1 1 1 1 1 1 |1 1 1 1 1 1 1 1 1 1 1 1 1 1 1 1 1 1 1 |1 1 1 1 1 4 |1 1 1 1 1 1 1 1 1 1 |1 1 1 5 1 1 1 1 1 1 6 1 1 4 1 1 5 1 1 |1 1 4 6 1 3 1 6 1 |1 1 1 1 6 1 |1 1 4 1 1 1 1 1 1 1 1 1 1 1 1 1 1 |6 1 1 1 1 1 3 1 1 1 1 1 1 1 |1 1 1 1 1 1 1 1 |1 1 1 6 1 1 1 |1 1 1 1 1 1 1 1 1 1 1 1 1 1 1 1 |1 1 1 1 1 1 1 1 1 1 1 1 1 1 1 |1 6 1 1 1 1 1 1 1 1 1 1 1 1 1 1 1 3 |1 1 1 1 1 1 1 1 6 1 1 4 1 1 3 1 |1 1 1 3 1 1 1 1 1 1 1 1 1 1 |6 1 1 1 1 1 1 1 1 |1 1 1 1 6 6 1 1 6 1 1 1 1 1 1 1 1 1 6 1 |1 1 1 1 1 1 1 1 1 1 1 1 1 |4 1 1 1 1 5 1 1 1 1 1 4 5 1 1 1 1 1 1 1 |1 1 1 2 1 6 |5 1 1 1 1 1 6 1 1 1 1 1 |
最佳适应度：
112.60936878230318

===============第9个全局最优解================
最佳代数：
118813
最佳分配：
1 1 1 1 1 1 1 1 1 1 1 1 1 6 1 6 1 1 |1 1 1 6 1 4 1 6 1 1 1 |1 1 1 1 1 4 1 6 1 1 1 1 |1 1 1 1 6 1 1 1 1 1 6 6 1 1 1 1 |1 1 1 1 1 1 1 1 5 1 |4 1 1 1 1 1 1 1 1 1 1 1 1 1 1 6 1 |1 1 1 1 1 5 1 1 1 1 1 1 1 1 1 1 3 1 |1 1 4 1 1 1 1 |1 1 1 1 2 1 1 1 1 1 6 1 1 1 1 1 1 1 |1 1 1 1 1 1 2 1 1 1 1 1 1 1 1 1 1 1 1 |1 1 1 1 1 1 |1 1 1 1 1 1 1 1 1 1 |1 1 1 6 1 6 1 1 1 1 6 1 1 1 1 1 1 1 1 |1 1 6 6 1 1 1 6 1 |1 1 1 1 6 1 |1 1 1 1 1 1 1 1 1 1 6 1 1 1 1 1 1 |6 1 1 4 1 1 1 1 1 1 1 1 1 1 |1 1 1 1 1 1 1 1 |1 1 1 6 1 1 1 |1 1 1 1 1 1 1 1 1 1 1 1 1 1 1 1 |1 1 1 1 1 1 1 1 1 1 1 1 1 1 1 |1 6 1 1 1 4 1 1 1 1 1 1 1 6 1 1 1 1 |1 1 1 1 6 1 1 1 1 1 1 5 1 1 1 1 |1 1 1 1 1 1 1 1 1 1 1 1 1 1 |6 1 1 1 1 1 1 2 1 |1 1 1 1 6 6 1 1 5 1 1 1 1 1 1 1 1 1 6 1 |1 1 1 2 1 1 1 1 1 1 1 1 1 |5 1 1 1 1 5 1 1 1 1 1 1 1 1 1 1 1 1 1 1 |1 1 1 2 1 6 |6 1 1 1 1 1 6 1 1 1 1 1 |
最佳适应度：
112.15739086266395

===============第10个全局最优解================
最佳代数：
116995
最佳分配：
1 1 1 1 1 1 1 1 1 1 1 1 1 6 1 6 4 1 |1 1 1 1 1 1 1 6 1 1 1 |1 1 1 1 1 2 1 6 1 1 1 1 |1 1 1 1 6 1 5 1 1 1 5 6 1 1 1 1 |1 1 1 1 1 1 1 1 1 1 |5 1 1 1 1 1 1 1 1 1 1 1 1 1 1 6 1 |1 1 1 1 1 5 1 1 1 1 1 1 1 1 1 1 3 1 |1 1 2 1 1 1 3 |1 1 1 1 1 1 1 1 1 1 4 1 1 1 1 1 1 1 |1 1 1 1 1 1 1 1 1 5 1 1 1 1 1 1 1 1 1 |1 1 1 1 1 5 |1 1 1 1 1 1 1 1 1 1 |1 1 1 5 1 6 1 1 1 1 6 1 1 1 1 1 6 1 1 |1 1 6 6 1 3 1 6 1 |1 1 1 1 1 1 |1 1 5 1 1 1 1 1 1 1 1 1 1 1 1 1 1 |6 1 1 1 1 1 6 1 1 1 1 1 1 1 |1 1 1 1 1 1 1 1 |1 1 1 6 1 1 1 |1 1 1 1 1 1 1 1 1 1 1 1 1 1 1 1 |1 1 1 1 1 1 1 1 1 1 1 1 1 1 1 |1 6 1 1 1 2 1 1 1 1 1 1 1 1 1 1 1 3 |1 1 1 1 1 1 1 1 5 1 1 6 1 1 4 3 |1 1 1 1 1 1 1 1 1 1 1 1 3 1 |6 1 1 1 1 1 1 2 1 |1 1 1 1 6 6 1 1 6 1 1 1 1 1 1 1 1 1 6 1 |1 1 1 1 1 1 1 1 1 1 1 1 1 |6 1 1 1 1 5 1 1 1 1 1 1 6 1 1 1 1 1 1 1 |1 1 1 1 5 1 |1 1 1 1 1 1 6 1 1 1 1 1 |
最佳适应度：
111.57592310145455

===============第11个全局最优解================
最佳代数：
118873
最佳分配：
1 1 1 1 1 1 1 1 1 1 1 1 1 5 1 6 5 1 |1 1 1 1 1 5 1 1 1 3 1 |4 1 1 1 1 3 1 6 1 1 1 1 |1 1 1 1 6 1 5 1 1 1 6 4 1 1 1 1 |1 1 1 1 1 1 1 1 1 1 |1 1 1 1 1 1 1 1 1 1 1 1 1 6 1 6 1 |1 1 1 1 1 1 2 1 1 1 1 1 1 1 1 1 4 1 |1 1 1 1 1 1 1 |1 1 1 1 1 1 1 1 1 1 1 1 1 1 1 1 5 1 |1 1 1 1 1 1 1 1 1 1 1 1 1 1 1 1 1 1 1 |1 1 1 1 1 5 |1 1 1 1 1 1 1 1 1 1 |1 1 1 1 1 1 1 1 1 1 6 1 1 5 1 1 5 1 1 |1 1 6 6 1 1 1 6 3 |1 1 1 1 6 1 |1 1 6 1 1 1 1 1 1 1 5 1 1 1 1 1 1 |6 1 1 3 1 1 1 1 1 1 1 1 1 1 |1 1 1 1 1 1 1 1 |1 1 1 5 1 1 1 |1 1 1 1 1 1 1 1 1 1 1 1 1 1 1 1 |1 1 1 1 1 1 1 1 1 1 1 1 1 1 1 |1 6 1 1 1 1 1 1 1 1 1 1 1 5 1 1 1 3 |1 1 1 1 3 1 1 1 5 1 1 5 1 1 1 2 |1 1 1 1 1 1 1 1 1 1 1 1 3 1 |6 1 1 1 1 1 1 4 1 |1 1 1 1 6 6 1 1 5 1 1 1 1 1 1 1 1 1 5 1 |1 1 1 1 1 1 1 1 1 1 1 1 1 |1 1 1 1 1 6 1 1 1 1 1 4 1 1 1 1 1 1 1 1 |1 1 1 3 3 6 |5 1 1 1 1 1 5 1 2 1 1 1 |
最佳适应度：
109.38619441200356

===============第12个全局最优解================
最佳代数：
117607
最佳分配：
1 1 1 1 1 1 1 1 1 1 1 1 1 4 1 6 4 1 |1 1 1 6 1 1 1 6 1 1 1 |1 1 1 1 1 4 1 6 1 1 1 1 |1 1 1 1 6 1 6 1 1 1 6 1 1 1 1 1 |1 1 1 1 1 1 1 1 1 1 |1 1 1 1 1 1 1 1 1 1 1 1 1 5 1 6 1 |1 1 1 1 1 6 1 1 1 1 1 1 3 1 1 1 3 1 |1 1 1 1 1 1 1 |1 1 1 1 1 4 1 1 1 1 4 1 1 1 1 1 4 1 |1 1 1 1 1 1 3 1 1 4 1 1 1 1 1 1 1 1 1 |1 1 1 1 1 1 |1 1 1 1 1 1 1 1 1 1 |1 1 1 5 1 4 1 1 1 1 6 1 1 1 1 1 6 1 1 |1 1 6 6 1 4 1 6 1 |1 1 1 1 6 1 |1 1 1 1 1 1 1 1 1 1 6 1 1 1 1 1 1 |6 1 1 1 1 1 5 1 1 1 1 1 1 1 |1 1 1 1 1 1 1 1 |1 1 1 6 1 1 1 |1 1 1 1 1 1 1 1 1 1 1 2 1 1 1 1 |1 1 1 1 1 1 1 1 1 1 1 1 1 1 1 |1 6 1 1 1 1 1 1 1 1 1 1 1 3 1 1 1 1 |1 1 1 1 4 1 1 1 5 1 1 1 1 1 4 1 |1 1 1 4 1 1 1 1 1 1 1 1 5 1 |6 1 1 1 1 1 1 1 1 |1 1 1 1 1 6 1 1 1 1 1 1 1 1 1 1 1 1 5 1 |1 1 1 1 1 1 1 1 1 1 1 1 1 |1 1 1 1 1 6 1 1 1 1 1 1 6 1 1 1 1 1 1 1 |1 1 1 1 1 6 |6 1 1 1 1 1 6 1 1 1 1 1 |
最佳适应度：
111.25415978418866

===============第13个全局最优解================
最佳代数：
114501
最佳分配：
1 1 1 1 1 1 1 1 1 1 1 1 1 1 1 6 5 1 |1 1 1 5 1 3 1 6 1 1 1 |1 1 1 1 1 2 1 6 1 1 1 1 |1 1 1 1 6 1 5 1 1 1 6 5 1 1 1 1 |1 1 1 1 1 1 1 1 3 1 |5 1 1 1 1 1 1 1 1 1 1 1 1 6 1 6 1 |1 1 1 1 1 5 1 1 1 3 1 1 2 1 1 1 1 1 |1 1 1 1 1 1 3 |1 1 1 1 1 1 1 1 1 1 5 1 1 1 1 1 1 1 |1 1 1 1 1 1 4 1 1 4 1 1 1 1 1 1 1 1 1 |1 1 1 1 1 5 |1 1 1 1 1 1 1 1 1 1 |1 1 1 1 1 6 1 1 1 1 4 1 1 3 1 1 3 1 1 |1 1 6 6 1 2 1 5 1 |1 1 1 1 5 1 |1 1 3 1 1 1 1 1 1 1 1 1 1 1 1 1 1 |6 1 1 1 1 1 5 1 1 1 1 1 1 1 |1 1 1 1 1 1 1 1 |1 1 1 6 1 1 1 |1 1 1 1 1 1 1 1 1 1 1 1 1 1 1 1 |1 1 1 1 1 1 1 1 1 1 1 1 1 1 1 |1 6 1 1 1 1 1 1 1 1 1 1 1 4 1 1 1 1 |1 1 1 1 2 1 1 1 6 1 1 1 1 1 1 1 |1 1 1 1 1 1 1 1 1 1 1 1 6 1 |6 1 1 1 1 1 1 2 1 |1 1 1 1 6 6 1 1 5 1 1 1 1 1 1 1 1 1 6 1 |1 1 1 1 1 1 1 1 1 1 1 1 1 |1 1 1 1 1 6 1 1 1 1 1 1 5 1 1 1 1 1 1 1 |1 1 1 2 1 6 |6 1 1 1 1 1 6 1 1 1 1 1 |
最佳适应度：
112.36719596037271

===============第14个全局最优解================
最佳代数：
119071
最佳分配：
1 1 1 1 1 1 1 1 1 1 1 1 1 6 1 6 1 1 |1 1 1 6 2 5 1 5 1 1 1 |1 1 1 1 1 1 1 5 1 1 1 1 |1 1 1 1 1 1 6 1 1 6 6 6 1 1 1 1 |1 1 1 1 1 1 1 1 3 1 |1 1 1 1 1 1 1 1 1 1 1 1 1 6 1 6 1 |1 1 1 1 1 4 1 1 1 3 1 1 1 1 1 1 1 1 |1 1 3 1 1 1 1 |5 1 1 1 1 1 1 1 1 1 1 1 1 1 1 1 1 1 |1 1 1 1 1 1 1 1 1 1 1 1 1 1 1 1 1 1 1 |1 1 1 1 1 1 |1 1 1 1 1 1 1 1 1 1 |1 2 1 6 1 6 1 1 1 1 1 1 1 1 1 1 6 1 1 |1 1 6 6 1 1 1 6 1 |1 1 1 1 6 1 |1 1 6 1 1 1 1 1 1 1 6 1 1 1 1 1 1 |6 1 1 1 1 1 6 1 1 1 1 1 1 1 |1 1 1 1 1 1 1 1 |1 1 1 1 1 1 1 |3 1 1 1 1 1 1 1 1 1 1 1 1 1 1 1 |1 1 1 1 1 1 1 1 1 1 1 1 1 1 1 |1 6 1 1 1 1 1 1 1 1 3 1 1 6 1 1 1 1 |1 1 1 1 1 1 1 1 1 1 1 5 1 1 1 5 |1 1 1 1 1 1 1 1 1 1 1 1 1 1 |6 1 1 1 1 1 1 1 1 |1 1 1 1 1 6 1 1 1 1 1 1 1 1 1 1 1 1 6 1 |1 1 1 1 1 1 1 1 1 1 1 1 1 |6 1 1 1 1 6 1 1 1 2 1 5 6 1 2 1 1 1 1 1 |1 1 1 2 1 6 |1 1 1 1 1 1 6 1 4 1 1 1 |
最佳适应度：
109.83425355597666

===============第15个全局最优解================
最佳代数：
116541
最佳分配：
1 1 1 1 1 1 1 1 1 1 1 1 1 1 1 6 1 1 |1 1 1 6 1 3 1 6 1 1 1 |1 1 1 1 1 1 1 6 1 1 1 1 |1 1 1 1 6 1 6 1 1 3 6 4 1 1 1 1 |1 1 1 1 1 1 1 1 5 1 |4 1 1 1 1 1 1 1 1 1 1 1 1 5 1 6 1 |1 1 1 1 1 1 1 1 1 1 1 1 1 1 1 1 2 1 |1 1 1 1 1 1 4 |1 1 1 1 1 1 1 1 1 1 1 1 1 1 1 1 1 1 |1 1 1 1 1 1 4 1 1 1 1 1 1 1 1 1 1 1 1 |1 1 1 1 1 3 |1 1 1 1 1 1 1 1 1 1 |1 1 1 6 1 6 1 1 1 1 5 1 1 2 1 1 3 1 1 |1 1 6 6 1 1 1 6 1 |1 1 1 1 6 1 |1 1 5 1 1 1 1 1 1 1 1 1 1 1 1 1 1 |6 1 1 3 1 1 3 1 1 1 1 1 1 1 |1 1 1 1 1 1 1 1 |1 1 1 6 1 1 1 |1 1 1 1 1 1 1 1 1 1 1 1 1 1 1 1 |1 1 1 1 1 1 1 1 1 1 1 1 1 1 1 |1 5 1 1 1 1 1 1 1 1 1 1 1 6 1 1 1 4 |1 1 1 1 1 1 1 1 1 1 1 5 1 1 3 1 |1 1 1 1 1 1 1 1 1 1 1 1 4 1 |6 1 1 1 1 1 2 3 1 |1 1 1 1 6 6 1 1 6 1 1 1 1 1 1 1 1 1 6 1 |1 1 1 1 1 1 1 1 1 1 1 1 1 |1 1 1 1 1 6 1 1 1 1 1 3 5 1 1 1 1 1 1 1 |1 1 1 1 3 6 |6 1 1 1 1 1 6 1 1 1 1 1 |
最佳适应度：
111.71234381891108

===============第16个全局最优解================
最佳代数：
115351
最佳分配：
1 1 1 1 1 1 1 1 1 1 1 1 1 1 1 5 5 1 |1 1 1 6 1 1 1 6 1 1 1 |1 1 1 1 1 3 1 6 1 1 1 1 |1 1 1 1 6 1 6 1 1 4 1 5 1 1 1 1 |1 1 1 1 1 1 1 1 3 1 |5 1 1 1 1 1 1 1 1 1 1 1 1 6 1 6 1 |1 1 1 1 1 6 1 1 3 4 1 1 1 1 1 1 1 1 |1 1 5 1 1 1 5 |2 1 1 1 1 4 1 1 1 1 1 1 1 1 1 1 1 1 |1 1 1 1 1 1 5 1 1 3 1 1 1 1 1 1 1 1 1 |1 1 1 1 1 1 |1 1 1 1 1 1 1 1 1 1 |1 1 1 6 1 5 1 1 1 1 6 1 1 1 1 1 5 1 1 |1 1 1 6 1 1 1 6 2 |1 1 1 1 6 1 |1 1 5 1 1 1 1 1 1 1 1 1 1 1 1 1 1 |6 1 1 1 1 1 1 1 1 1 1 1 1 1 |1 1 1 1 1 1 1 1 |1 1 1 5 1 1 1 |1 1 1 1 1 1 1 1 1 1 1 1 1 1 1 1 |1 1 1 1 1 1 1 1 1 1 1 1 1 1 1 |1 6 1 1 1 1 1 1 1 1 2 1 1 1 1 1 1 1 |1 1 1 1 1 1 1 1 6 1 1 1 1 1 1 1 |1 1 1 3 1 1 1 1 1 1 1 1 1 1 |6 1 1 1 1 1 1 1 1 |1 1 1 1 6 6 1 1 6 1 1 1 1 1 1 1 1 1 6 1 |1 1 1 1 1 1 1 1 1 1 1 1 1 |1 1 1 1 1 5 1 1 1 1 1 2 6 1 1 1 1 1 1 1 |1 1 1 1 4 6 |6 1 1 1 1 1 6 1 1 1 1 1 |
最佳适应度：
111.52383463736727

===============第17个全局最优解================
最佳代数：
108317
最佳分配：
1 1 1 1 1 1 1 1 1 1 1 1 1 6 1 6 1 1 |1 1 1 1 1 1 1 1 1 1 1 |1 1 1 1 1 6 1 1 1 1 1 1 |1 1 1 1 5 1 1 1 1 5 6 1 1 1 1 1 |1 1 1 1 1 1 1 1 1 1 |1 1 1 1 1 1 1 1 1 1 1 1 1 6 1 6 1 |1 1 1 1 1 4 2 1 1 1 1 1 1 1 1 1 1 1 |1 1 1 1 1 1 1 |3 1 1 1 1 2 1 1 1 1 1 1 1 1 1 1 5 1 |1 1 1 1 1 1 3 1 1 1 1 1 1 1 1 1 1 1 1 |1 1 1 1 1 4 |1 1 1 1 1 1 1 1 1 1 |1 1 1 6 1 4 1 1 1 1 6 1 1 6 1 1 6 1 1 |1 1 4 6 1 4 1 6 1 |1 1 1 1 6 1 |1 1 6 1 1 1 1 1 1 1 5 1 1 1 1 1 1 |6 1 1 2 1 1 1 1 1 1 1 1 1 1 |1 1 1 1 1 1 1 1 |1 1 1 6 1 1 1 |1 1 1 1 1 1 1 1 1 1 1 1 1 1 1 1 |1 1 1 1 1 1 1 1 1 1 1 1 1 1 1 |1 6 1 1 1 1 1 1 1 1 5 1 1 5 1 1 1 4 |1 1 1 1 5 1 1 1 5 1 1 5 1 1 1 1 |1 1 1 4 1 1 1 1 1 1 1 1 3 1 |6 1 1 1 1 1 1 3 1 |1 1 1 1 6 6 1 1 5 1 1 1 1 1 1 1 1 4 1 1 |1 1 1 1 1 1 1 1 1 1 1 1 1 |6 1 1 1 1 1 1 1 1 1 1 3 5 1 1 1 1 1 1 1 |1 1 1 1 5 5 |1 1 1 1 1 1 6 1 1 1 1 1 |
最佳适应度：
110.3714630844593

===============第18个全局最优解================
最佳代数：
119419
最佳分配：
1 1 1 1 1 1 1 1 1 1 1 1 1 1 1 6 1 1 |1 1 1 6 1 4 1 3 1 1 1 |1 1 1 1 1 5 1 6 1 1 1 1 |1 1 1 1 6 1 1 1 2 1 6 1 1 1 1 1 |1 1 1 1 1 1 1 1 5 1 |3 1 1 1 1 1 1 1 1 1 1 1 1 4 1 6 1 |1 1 1 1 1 6 4 1 1 1 1 1 1 1 1 1 1 1 |1 1 1 1 1 1 1 |1 1 1 1 1 1 1 1 1 1 1 1 1 1 1 1 3 1 |1 1 1 1 1 1 5 1 1 1 1 1 1 1 1 1 1 1 1 |1 1 1 1 1 4 |1 1 1 1 1 1 1 1 1 1 |1 1 1 6 1 5 1 1 1 1 6 1 1 5 1 1 5 1 1 |1 1 1 6 1 3 1 6 1 |1 1 1 1 6 1 |1 1 6 1 1 1 1 1 1 1 5 1 1 1 1 1 1 |6 1 1 1 1 1 1 1 1 1 1 1 1 1 |1 1 1 1 1 1 1 1 |1 1 1 6 1 1 1 |1 1 1 1 1 1 1 1 1 1 1 1 1 1 1 1 |1 1 1 1 1 1 1 1 1 1 1 1 1 1 1 |1 6 1 1 1 1 1 1 1 1 1 1 1 5 1 1 1 1 |1 1 1 1 1 1 1 1 1 1 1 1 1 1 4 1 |1 1 1 5 1 1 1 1 1 1 1 1 3 1 |6 1 1 1 1 1 1 1 1 |1 1 1 1 6 6 1 1 5 1 1 1 1 1 1 1 1 1 6 1 |1 1 1 1 1 1 1 1 1 1 1 1 1 |5 1 1 1 1 6 1 1 1 1 1 5 6 1 1 1 1 1 1 1 |1 1 1 3 1 6 |4 1 1 1 1 1 6 1 1 1 1 1 |
最佳适应度：
112.54933691077945

===============第19个全局最优解================
最佳代数：
112863
最佳分配：
1 1 1 1 1 1 1 1 1 1 1 1 1 6 1 6 4 1 |1 1 1 6 1 1 1 6 1 1 1 |1 1 1 1 1 6 1 1 1 1 1 1 |1 1 1 1 5 1 6 1 1 5 6 1 1 1 1 1 |1 1 1 1 1 1 1 1 4 1 |6 1 1 1 1 1 1 1 1 1 1 1 1 1 1 6 1 |1 1 1 1 1 6 1 1 1 1 1 1 1 1 1 1 5 1 |1 1 1 1 1 1 1 |1 1 1 1 1 2 1 1 1 1 4 1 1 1 1 1 1 1 |1 1 1 1 1 1 1 1 1 5 1 1 1 1 1 1 1 1 1 |1 1 1 1 1 3 |1 1 1 1 1 1 1 1 1 1 |1 1 1 5 1 1 1 1 1 1 6 1 1 6 1 1 5 1 1 |1 1 1 6 1 1 1 6 3 |1 1 1 1 5 1 |1 1 4 1 1 1 1 1 1 1 6 1 1 1 1 1 1 |6 1 1 1 1 1 1 1 1 1 1 1 1 1 |1 1 1 1 1 1 1 1 |1 1 1 6 1 1 1 |1 1 1 1 1 1 1 1 1 1 1 1 1 1 1 1 |1 1 1 1 1 1 1 1 1 1 1 1 1 1 1 |1 6 1 1 1 1 1 1 1 1 1 1 1 4 1 1 1 4 |1 1 1 1 1 1 1 1 1 1 1 5 1 1 3 1 |1 1 1 6 1 1 1 1 1 1 1 1 4 1 |6 1 1 1 1 1 1 3 1 |1 1 1 1 6 6 1 1 4 1 1 1 1 1 1 1 1 3 6 1 |1 1 1 1 1 1 1 1 4 1 1 1 1 |3 1 1 1 1 5 1 1 1 1 1 1 4 1 1 1 1 1 1 1 |1 1 1 1 1 6 |1 1 1 1 1 1 1 1 1 1 1 1 |
最佳适应度：
111.12296726258862

===============第20个全局最优解================
最佳代数：
117409
最佳分配：
1 1 1 1 1 1 1 1 1 1 1 1 1 6 1 6 1 1 |1 1 1 6 1 1 1 6 1 1 1 |1 1 1 1 1 1 1 6 1 1 1 1 |1 1 1 1 6 1 1 1 1 1 6 5 1 1 1 1 |1 1 1 1 1 1 1 1 5 1 |5 1 1 1 1 1 1 1 1 1 1 1 1 5 1 6 1 |1 1 1 1 1 4 1 1 1 1 1 1 1 1 1 1 4 1 |1 1 1 1 1 1 4 |1 1 1 1 1 4 1 1 1 1 4 1 1 1 1 1 1 1 |1 1 1 2 1 1 4 1 1 1 1 1 1 1 1 1 1 1 1 |1 1 1 1 1 6 |1 1 1 1 1 1 1 1 1 1 |1 1 1 5 1 1 1 1 1 1 6 1 1 4 1 1 1 1 1 |1 1 5 6 1 4 1 6 5 |1 1 1 1 1 1 |1 1 4 1 1 1 1 1 1 1 6 1 1 1 1 1 1 |6 1 1 3 1 1 4 1 1 1 1 1 1 1 |1 1 1 1 1 1 1 1 |1 1 1 6 1 1 1 |1 1 3 1 1 1 1 1 1 1 1 1 1 1 1 1 |1 1 1 1 1 1 1 1 1 1 1 1 1 1 1 |1 6 1 1 1 1 1 1 1 1 1 1 1 1 1 1 1 1 |1 1 1 1 4 1 1 1 5 1 1 4 1 1 1 1 |1 1 1 1 1 1 1 1 1 1 1 1 5 1 |6 1 1 1 1 1 1 1 1 |1 1 1 1 6 6 1 1 5 1 1 1 1 1 1 1 1 1 1 1 |1 1 1 1 1 1 1 1 1 1 1 1 1 |6 1 1 1 1 6 1 1 1 1 1 4 6 1 1 1 1 1 1 1 |1 1 1 1 1 1 |1 1 1 1 1 1 6 1 1 1 1 1 |
最佳适应度：
111.14113958481279

===============第21个全局最优解================
最佳代数：
119423
最佳分配：
1 1 1 1 1 1 1 1 1 1 1 1 1 6 1 6 5 1 |1 1 1 6 1 5 1 6 1 1 1 |1 1 1 1 1 5 1 6 1 1 1 1 |1 1 1 1 6 1 6 1 1 4 6 1 1 1 1 1 |1 1 1 1 1 1 1 1 1 1 |1 1 1 1 1 1 1 1 1 1 1 1 1 1 1 1 1 |1 1 1 1 1 6 1 1 1 1 1 1 1 1 1 1 3 1 |1 1 1 1 1 1 1 |4 1 1 1 3 1 1 1 1 1 4 1 1 1 1 1 5 1 |1 1 1 1 1 1 1 1 1 3 1 1 1 1 1 1 1 1 1 |1 1 1 1 1 1 |1 1 1 1 1 1 1 1 1 1 |1 1 1 6 1 6 1 1 1 1 1 1 1 1 1 1 6 1 1 |1 1 6 6 1 2 1 6 1 |1 1 1 1 6 1 |1 1 1 1 1 1 1 1 1 1 5 1 1 1 1 1 1 |6 1 1 1 1 1 1 1 1 1 1 1 1 1 |1 1 1 1 1 1 1 1 |1 1 1 6 1 1 1 |1 1 1 1 1 1 1 1 1 1 1 1 1 1 1 1 |1 1 1 1 1 1 1 1 1 1 1 1 1 1 1 |1 6 1 1 1 1 1 1 1 1 1 1 1 5 1 1 1 1 |1 1 1 1 2 1 1 1 6 1 1 1 1 1 6 1 |1 1 1 4 1 1 1 1 1 1 1 1 1 1 |6 1 1 1 1 1 1 1 1 |1 1 1 1 6 6 1 1 1 1 1 1 1 1 1 1 1 5 1 1 |1 1 1 1 1 1 1 1 3 1 1 1 1 |6 1 1 1 1 6 1 1 1 1 1 1 6 1 1 1 1 1 1 1 |1 1 1 3 3 6 |6 1 1 1 1 1 1 1 1 1 1 1 |
最佳适应度：
110.41623848698492

===============第22个全局最优解================
最佳代数：
113085
最佳分配：
1 1 1 1 1 1 1 1 1 1 1 1 1 6 1 6 1 1 |1 1 1 6 1 1 1 6 1 1 1 |1 1 1 1 1 1 1 6 1 1 1 1 |1 1 1 1 6 1 6 1 1 1 6 4 1 1 1 1 |1 1 1 1 1 1 1 1 4 1 |4 1 1 1 1 1 1 1 1 1 1 1 1 4 1 6 1 |1 1 1 1 1 1 1 1 1 3 1 1 1 1 1 1 3 1 |1 1 5 1 1 1 1 |1 1 1 1 1 4 1 1 1 1 1 1 1 1 1 1 1 1 |1 1 1 1 1 1 3 1 1 1 1 1 1 1 1 1 1 1 1 |1 1 1 1 1 4 |1 1 1 1 1 1 1 1 1 1 |1 1 1 6 1 5 1 1 1 1 6 1 1 1 1 1 6 1 1 |1 1 1 6 1 4 1 6 1 |1 1 1 1 5 1 |1 1 1 1 1 1 1 1 1 1 1 1 1 1 1 1 1 |6 1 1 2 1 1 1 1 1 1 1 1 1 1 |1 1 1 1 1 1 1 1 |1 1 1 6 1 1 1 |1 1 1 1 1 1 1 1 1 1 1 1 1 1 1 1 |1 1 1 1 1 1 1 1 1 1 1 1 1 1 1 |1 6 1 1 1 2 1 1 1 1 1 1 1 3 1 1 1 5 |1 1 1 1 1 1 1 1 1 1 1 5 1 1 4 1 |1 1 1 5 1 1 1 1 1 1 1 1 1 1 |6 1 1 1 1 1 4 2 1 |1 1 1 1 6 6 1 1 5 1 1 1 1 1 1 1 1 1 6 1 |1 1 1 1 1 1 1 1 1 1 1 1 1 |4 1 1 1 1 4 1 1 1 1 1 4 6 1 1 1 1 1 1 1 |1 1 1 2 4 6 |1 1 1 1 1 1 6 1 1 1 1 1 |
最佳适应度：
112.28577436991432

===============第23个全局最优解================
最佳代数：
107605
最佳分配：
1 1 1 1 1 1 1 1 1 1 1 1 1 1 1 6 1 1 |1 1 1 6 1 1 1 6 1 1 1 |1 1 1 1 1 5 1 6 1 1 1 1 |1 1 1 1 6 1 6 1 1 5 1 6 1 1 1 1 |1 1 1 1 1 1 1 1 6 1 |5 1 1 1 1 1 1 1 1 1 1 1 1 1 1 6 1 |1 1 1 1 1 5 1 1 1 1 1 1 1 1 1 1 1 1 |1 1 4 1 1 1 1 |1 1 1 1 1 3 1 1 1 1 1 1 1 1 1 1 4 1 |1 1 1 1 1 1 5 1 1 1 1 1 1 1 1 1 1 1 1 |1 1 1 1 1 5 |1 1 1 1 1 1 1 1 1 1 |1 1 1 6 1 5 1 1 1 1 1 1 1 6 1 1 5 1 1 |1 1 1 6 1 1 1 6 4 |1 1 1 1 1 1 |1 1 1 1 1 1 1 1 1 1 1 1 1 1 1 1 1 |6 1 1 1 1 1 4 1 1 1 1 1 1 1 |1 1 1 1 1 1 1 1 |1 1 1 6 1 1 1 |3 1 2 1 1 1 1 1 1 1 1 1 1 1 1 1 |1 1 1 1 1 1 1 1 1 1 1 1 1 1 1 |1 6 1 1 1 1 1 1 1 1 3 1 1 1 1 1 1 4 |1 1 1 1 3 1 1 1 6 1 1 6 1 1 3 3 |1 1 1 5 1 1 1 1 1 1 1 1 4 1 |6 1 1 1 1 1 1 1 1 |1 1 1 1 6 6 1 1 4 1 1 1 1 1 1 1 1 4 1 1 |1 1 1 1 1 1 1 1 1 1 1 1 1 |6 1 1 1 1 1 1 1 1 1 1 5 6 1 1 1 1 1 1 1 |1 1 1 3 1 6 |1 1 1 1 1 1 1 1 1 1 1 1 |
最佳适应度：
108.42544020987607

===============第24个全局最优解================
最佳代数：
119619
最佳分配：
1 1 1 1 1 1 1 1 1 1 1 1 1 6 1 6 5 1 |1 1 1 1 1 5 1 1 1 1 1 |1 1 1 1 1 1 1 5 1 1 1 1 |1 1 1 1 6 1 1 1 1 1 6 5 1 1 1 1 |1 1 1 1 1 1 1 1 1 1 |6 1 1 1 1 1 1 1 1 1 1 1 1 4 1 6 1 |1 1 2 1 1 6 1 1 2 4 1 1 4 1 1 1 1 1 |1 1 1 1 1 1 3 |1 1 1 1 1 4 1 1 1 1 4 1 1 1 1 1 5 1 |1 1 1 1 1 1 1 1 1 1 1 1 1 1 1 1 1 1 1 |1 1 1 1 1 4 |1 1 1 1 1 1 1 1 1 2 |2 1 1 1 1 6 1 1 1 1 1 1 1 1 1 1 1 1 1 |1 1 5 6 1 1 1 6 1 |1 1 1 1 6 1 |1 1 6 1 1 1 1 1 1 1 6 1 1 1 1 1 1 |6 1 1 1 1 1 1 1 1 1 1 1 1 1 |1 1 1 1 1 1 1 1 |1 1 1 6 1 1 1 |4 1 1 1 1 1 1 1 1 1 1 1 1 1 1 1 |1 1 1 1 1 1 1 1 1 1 1 1 1 1 1 |1 6 1 1 1 1 1 1 3 1 4 1 1 5 1 1 1 4 |1 1 1 1 5 1 1 1 1 1 1 6 1 1 6 1 |1 1 1 3 1 1 1 1 1 1 1 1 6 1 |6 1 1 1 1 1 1 1 1 |1 1 1 1 5 6 1 1 5 1 1 1 1 1 1 1 1 1 1 1 |1 1 1 1 1 1 1 1 1 1 1 1 1 |4 1 1 1 1 1 1 1 1 1 1 1 4 1 1 1 1 1 1 1 |1 1 1 1 1 6 |1 1 1 1 1 1 6 1 2 1 1 1 |
最佳适应度：
109.76288744468181

===============第25个全局最优解================
最佳代数：
119705
最佳分配：
1 1 1 1 1 1 1 1 1 1 1 1 1 6 1 5 1 1 |1 1 1 6 1 1 1 6 1 1 1 |1 1 1 1 1 1 1 5 1 1 1 1 |1 1 1 1 6 1 1 1 4 1 6 1 1 1 1 1 |1 1 1 1 1 1 1 1 5 1 |4 1 1 1 1 4 1 1 1 1 1 1 1 1 1 6 1 |1 1 2 1 1 6 1 1 1 3 1 1 1 1 1 1 1 1 |1 1 3 1 1 1 1 |1 1 1 1 1 1 1 1 1 1 1 1 1 1 1 1 3 1 |1 1 1 1 1 1 1 1 1 1 1 1 1 1 1 1 1 1 1 |1 1 1 1 1 1 |1 1 1 1 1 1 1 1 1 1 |1 1 1 6 1 1 1 1 1 1 6 1 1 5 1 1 6 1 1 |1 1 6 6 1 5 1 6 1 |1 1 1 1 5 1 |1 1 1 1 1 1 1 1 1 1 5 1 1 1 1 1 1 |6 1 1 3 1 1 1 1 1 1 1 1 1 1 |1 1 1 1 1 1 1 1 |1 1 1 6 1 1 1 |1 1 1 1 1 1 1 1 1 1 1 1 1 1 1 1 |1 1 1 1 1 1 1 1 1 1 1 1 1 1 1 |1 6 1 1 1 6 1 1 1 1 1 1 1 5 1 1 1 3 |1 1 1 3 3 1 1 1 1 1 1 1 1 1 1 1 |1 1 1 5 1 1 1 1 1 1 1 1 5 1 |6 1 1 1 1 1 3 1 1 |1 1 1 1 6 6 1 1 6 1 1 1 1 1 1 1 1 5 5 1 |1 1 1 3 1 1 1 1 1 1 1 1 1 |5 1 1 1 1 5 1 1 1 1 1 1 1 1 1 1 1 1 1 1 |1 1 1 3 4 6 |1 1 1 1 1 1 1 1 1 1 1 1 |
最佳适应度：
109.7642394804152

===============第26个全局最优解================
最佳代数：
114875
最佳分配：
1 1 1 1 1 1 1 1 1 1 1 1 1 1 1 6 1 1 |3 1 1 5 1 1 1 5 1 2 1 |1 1 1 1 1 5 1 6 1 1 1 1 |1 1 1 1 6 1 6 1 1 1 6 1 1 1 1 1 |1 1 1 1 1 1 1 1 4 1 |1 1 1 1 1 1 1 1 1 1 1 1 1 5 1 6 1 |1 1 1 1 1 6 1 1 1 5 1 1 5 1 1 1 1 1 |1 1 4 1 1 1 3 |1 1 1 1 1 1 1 1 1 1 4 1 1 1 1 1 1 1 |1 1 1 1 1 1 1 1 1 4 1 1 1 1 1 1 1 1 1 |1 1 1 1 1 1 |1 1 1 1 1 1 1 1 1 1 |1 1 1 6 1 1 1 1 1 1 1 1 1 3 1 1 6 1 1 |1 1 6 6 1 1 1 6 5 |1 1 1 1 5 1 |1 1 6 1 1 1 1 1 1 1 6 1 1 1 1 1 1 |6 1 1 3 1 1 5 1 1 1 1 1 1 1 |1 1 1 1 1 1 1 1 |1 1 1 6 1 1 1 |1 1 4 1 1 1 1 1 1 1 1 2 1 1 1 1 |1 1 1 1 1 1 1 1 1 1 1 1 1 1 1 |1 5 1 1 1 5 1 1 2 1 3 1 1 1 1 1 1 4 |1 1 1 1 1 1 1 1 1 1 1 1 1 1 1 1 |1 1 1 5 1 1 1 1 1 1 1 1 5 1 |6 1 1 1 1 1 4 1 1 |1 1 1 1 5 6 1 1 5 1 1 1 1 1 1 1 1 1 1 1 |1 1 1 1 1 1 1 1 1 1 1 1 1 |1 1 1 1 1 1 1 1 1 1 1 1 6 1 1 1 1 1 1 1 |1 1 1 1 1 6 |6 1 1 1 1 1 1 1 1 1 1 1 |
最佳适应度：
109.39206205562708

===============第27个全局最优解================
最佳代数：
118305
最佳分配：
1 1 1 1 1 1 1 1 1 1 1 1 1 5 1 6 1 1 |1 1 1 1 1 4 1 5 1 1 1 |1 1 1 1 1 4 1 6 1 1 1 1 |1 1 1 1 1 1 5 1 1 5 6 6 1 1 1 1 |1 1 1 1 1 1 1 1 6 1 |4 1 1 1 1 1 1 1 1 1 1 1 1 1 1 6 1 |1 1 1 1 1 6 1 1 1 2 1 1 1 1 1 1 1 1 |1 1 1 1 1 1 5 |4 1 1 1 1 5 1 1 1 1 4 1 1 1 1 1 3 1 |1 1 1 1 1 1 1 1 1 1 1 1 1 1 1 1 1 1 1 |1 1 1 1 1 1 |1 1 1 1 1 1 1 1 1 1 |1 1 1 6 1 5 1 1 1 1 6 1 1 5 1 1 6 1 1 |1 1 6 6 1 1 1 6 1 |1 1 1 1 3 1 |1 1 5 1 1 1 1 1 1 1 5 1 1 1 1 1 1 |6 1 1 1 1 1 1 1 1 1 1 1 1 1 |1 1 1 1 1 1 1 1 |1 1 1 1 1 1 1 |1 1 2 1 1 1 1 1 1 1 1 1 1 1 1 1 |1 1 1 1 1 1 1 1 1 1 1 1 1 1 1 |1 6 1 1 1 1 1 1 1 1 2 1 1 5 1 1 1 1 |1 1 1 1 1 1 1 1 1 1 1 5 1 1 6 2 |1 1 1 1 1 1 1 1 1 1 1 1 3 1 |6 1 1 1 1 1 1 3 1 |1 1 1 1 6 6 1 1 1 1 1 1 1 1 1 1 1 1 6 1 |1 1 1 1 1 1 1 1 1 1 1 1 1 |1 1 1 1 1 5 1 1 1 1 1 3 5 1 1 1 1 1 1 1 |1 1 1 1 1 6 |5 1 1 1 1 1 6 1 1 1 1 1 |
最佳适应度：
110.82193219528006

===============第28个全局最优解================
最佳代数：
119687
最佳分配：
1 1 1 1 1 1 1 1 1 1 1 1 1 1 1 6 4 1 |1 1 1 6 1 4 1 6 1 1 1 |1 1 1 1 1 1 1 6 1 1 1 1 |1 1 1 1 6 1 5 1 1 5 6 1 1 1 1 1 |1 1 1 1 1 1 1 1 5 1 |6 1 1 1 1 1 1 1 1 1 1 1 1 5 1 6 1 |1 1 1 1 1 5 1 1 1 1 1 1 1 1 1 1 5 1 |1 1 5 1 1 1 3 |1 1 1 1 1 1 1 1 1 1 4 1 1 1 1 1 1 1 |1 1 1 1 1 1 3 1 1 1 1 1 1 1 1 1 1 1 1 |1 1 1 1 1 6 |1 1 1 1 1 1 1 1 1 1 |1 1 1 6 1 1 1 1 1 1 6 1 1 1 1 1 5 1 1 |1 1 6 6 1 1 1 6 3 |1 1 1 1 1 1 |1 1 5 1 1 1 1 1 1 1 5 1 1 1 1 1 1 |6 1 1 1 1 1 1 1 1 1 1 1 1 1 |1 1 1 1 1 1 1 1 |1 1 1 6 1 1 1 |1 1 1 1 1 1 1 1 1 1 1 1 1 1 1 1 |1 1 1 1 1 1 1 1 1 1 1 1 1 1 1 |1 1 1 1 1 3 1 1 1 1 1 1 1 5 1 1 1 5 |1 1 1 1 3 1 1 1 1 1 1 1 1 1 4 3 |1 1 1 3 1 1 1 1 1 1 1 1 1 1 |6 1 1 1 1 1 1 1 1 |1 1 1 1 6 6 1 1 5 1 1 1 1 1 1 1 1 3 6 1 |1 1 1 1 1 1 1 1 1 1 1 1 1 |1 1 1 1 1 6 1 1 1 1 1 3 1 1 1 1 1 1 1 1 |1 1 1 1 1 6 |4 1 1 1 1 1 5 1 1 1 1 1 |
最佳适应度：
111.5344159116843

===============第29个全局最优解================
最佳代数：
119773
最佳分配：
1 1 1 1 1 1 1 1 1 1 1 1 1 5 1 6 1 1 |1 1 1 5 1 4 1 5 1 1 1 |1 1 1 1 1 1 1 6 1 1 1 1 |1 1 1 1 5 1 5 1 1 3 6 4 1 1 1 1 |1 1 1 1 1 1 1 1 4 1 |4 1 1 1 1 1 1 1 1 1 1 1 1 4 1 6 1 |1 1 1 1 1 6 1 1 3 3 1 1 1 1 1 1 1 1 |1 1 5 1 1 1 2 |1 1 1 1 1 3 1 1 1 1 5 1 1 1 1 1 3 1 |1 1 1 1 1 1 1 1 1 5 1 1 1 1 1 1 1 1 1 |1 1 1 1 1 4 |1 1 1 1 1 1 1 1 1 1 |1 1 1 6 1 5 1 1 1 1 1 1 1 1 1 1 6 1 1 |1 1 5 6 1 4 1 5 1 |1 1 1 1 1 1 |1 1 6 1 1 1 1 1 1 1 5 1 1 1 1 1 1 |6 1 1 3 1 1 1 1 1 1 1 1 1 1 |1 1 1 1 1 1 1 1 |1 1 1 5 1 1 1 |1 1 1 1 1 1 1 1 1 1 1 1 1 1 1 1 |1 1 1 1 1 1 1 1 1 2 1 1 1 1 1 |1 6 1 1 1 1 1 1 1 1 1 1 1 5 1 1 1 4 |1 1 1 2 1 1 1 1 5 1 1 1 1 1 1 1 |1 1 1 1 1 1 1 1 1 1 1 1 3 1 |6 1 1 1 1 1 1 1 1 |1 1 1 1 5 6 1 1 1 1 1 1 1 1 1 1 1 1 6 1 |1 1 1 1 1 1 1 1 1 1 1 1 1 |5 1 1 1 1 1 1 1 1 1 1 1 6 1 1 1 1 1 1 1 |1 1 1 1 3 6 |5 1 1 1 1 1 5 1 1 1 1 1 |
最佳适应度：
111.54865531446352

===============第30个全局最优解================
最佳代数：
115115
最佳分配：
1 1 1 1 1 1 1 1 1 1 1 1 1 5 1 6 1 1 |1 1 1 6 1 2 1 1 1 1 1 |1 1 1 1 1 1 1 6 1 1 1 1 |1 1 1 1 6 1 6 1 1 1 6 6 1 1 1 1 |1 1 1 1 1 1 1 1 6 1 |1 1 1 1 1 1 1 1 1 1 1 1 1 1 1 6 1 |1 1 1 1 1 6 1 1 1 4 1 1 3 1 1 1 2 1 |1 1 1 1 1 1 1 |1 1 1 1 2 1 1 1 1 1 4 1 1 1 1 1 1 1 |1 1 1 1 1 1 1 1 1 4 1 1 1 1 1 1 1 1 1 |1 1 1 1 1 3 |1 1 1 1 1 1 1 1 1 1 |1 1 1 6 1 6 1 1 1 1 6 1 1 1 1 1 5 1 1 |1 1 5 6 1 1 1 6 1 |1 1 1 1 5 1 |1 1 5 1 1 1 1 1 1 1 1 1 1 1 1 1 1 |6 1 1 1 1 1 4 1 1 1 1 1 1 1 |1 1 1 1 1 1 1 1 |1 1 1 6 1 1 1 |1 1 1 1 1 1 1 1 1 1 1 2 1 1 1 1 |1 1 1 1 1 1 1 1 1 1 1 1 1 1 1 |1 6 1 1 1 1 1 1 1 1 1 1 1 4 1 1 1 1 |1 1 1 1 4 1 1 1 6 1 1 1 1 1 5 1 |1 1 1 4 1 1 1 1 1 1 1 1 1 1 |6 1 1 1 1 1 1 2 1 |1 1 1 1 5 5 1 1 5 1 1 1 1 1 1 1 1 1 6 1 |1 1 1 1 1 1 1 1 1 1 1 1 1 |5 1 1 1 1 5 1 1 1 1 1 6 6 1 1 1 1 1 1 1 |1 1 1 1 1 6 |1 1 1 1 1 1 6 1 1 1 1 1 |
最佳适应度：
111.79814464121648

===============第31个全局最优解================
最佳代数：
117595
最佳分配：
1 1 1 1 1 1 1 1 1 1 1 1 1 6 1 6 3 1 |1 1 1 5 1 1 1 6 1 1 1 |4 1 1 1 1 1 1 5 1 1 1 1 |1 1 1 1 6 1 4 1 1 4 5 5 1 1 1 1 |1 1 1 1 1 1 1 1 1 1 |1 1 1 1 1 1 1 1 1 1 1 1 1 3 1 6 1 |1 1 1 1 1 5 2 1 1 4 1 1 1 1 1 1 2 1 |1 1 3 1 1 1 1 |1 1 1 1 2 1 1 1 1 1 1 1 1 1 1 1 1 1 |1 1 1 1 1 1 1 1 1 2 1 1 1 1 1 1 1 1 1 |1 1 1 1 1 3 |1 1 1 1 1 1 1 1 1 1 |1 1 1 6 1 6 1 1 1 1 6 1 1 1 1 1 4 1 1 |1 1 6 6 1 4 1 1 6 |1 1 1 1 5 1 |1 1 6 1 1 1 1 1 1 1 5 1 1 1 1 1 1 |6 1 1 1 1 1 5 1 1 1 1 1 1 1 |1 1 1 1 1 1 1 1 |1 1 1 1 1 1 1 |1 1 1 1 1 1 1 1 1 1 1 1 1 1 1 1 |1 1 1 1 1 1 1 1 1 1 1 1 1 1 1 |1 6 1 1 1 1 1 1 1 1 1 1 1 6 1 1 1 3 |1 1 1 1 1 1 1 1 4 1 1 6 1 1 1 1 |1 1 1 1 1 1 1 1 1 1 1 1 1 1 |6 1 1 1 1 1 1 1 1 |1 1 1 1 6 6 1 1 5 1 1 1 1 1 1 1 1 1 6 1 |1 1 1 1 1 1 1 1 1 1 1 1 1 |5 1 1 1 1 6 1 1 1 1 1 3 6 1 1 1 1 1 1 1 |1 1 1 3 1 6 |1 1 1 1 1 1 6 1 1 1 1 1 |
最佳适应度：
111.79357142549783

===============第32个全局最优解================
最佳代数：
115423
最佳分配：
1 1 1 1 1 1 1 1 1 1 1 1 1 5 1 6 5 1 |1 1 1 6 1 3 1 6 1 1 1 |1 1 1 1 1 4 1 6 1 1 1 1 |1 1 1 1 5 1 6 1 1 5 6 4 1 1 1 1 |1 1 1 1 1 1 1 1 4 1 |5 1 1 1 1 1 1 1 1 1 1 1 1 6 1 6 1 |1 1 1 1 1 6 1 1 1 1 1 1 1 1 1 1 1 1 |1 1 1 1 1 1 1 |1 1 1 1 1 1 1 1 1 1 3 1 1 1 1 1 5 1 |1 1 1 1 1 1 1 1 1 1 1 1 1 1 1 1 1 1 1 |1 1 1 1 1 6 |1 1 1 1 1 1 1 1 1 1 |1 1 1 5 1 1 1 1 1 1 6 1 1 1 1 1 5 1 1 |1 1 6 6 1 1 1 6 1 |1 1 1 1 1 1 |1 1 6 1 1 1 1 1 1 1 1 1 1 1 1 1 1 |6 1 1 1 1 1 1 1 1 1 1 1 1 1 |1 1 1 1 1 1 1 1 |1 1 1 1 1 1 1 |1 1 1 1 1 1 1 1 1 1 1 1 1 1 1 1 |1 1 1 1 1 1 1 1 1 1 1 1 1 1 1 |1 6 1 1 1 1 1 1 1 1 1 1 1 3 1 1 1 3 |1 1 1 1 3 1 1 1 6 1 1 1 1 1 1 1 |1 1 1 6 1 1 1 1 1 1 1 1 4 1 |6 1 1 1 1 1 1 1 1 |1 1 1 1 6 6 1 1 1 1 1 1 1 1 1 1 1 3 6 1 |1 1 1 1 1 1 1 1 1 1 1 1 1 |5 1 1 1 1 1 1 1 1 1 2 1 6 1 1 1 1 1 1 1 |1 1 1 4 1 6 |6 1 1 1 1 1 6 1 1 1 1 1 |
最佳适应度：
112.60627762330341

===============第33个全局最优解================
最佳代数：
103419
最佳分配：
1 1 1 1 1 1 1 1 1 1 1 1 1 6 1 6 1 1 |1 1 1 6 1 5 1 6 1 1 1 |1 1 1 1 1 3 1 6 1 1 1 1 |1 1 1 1 6 1 6 1 1 3 6 5 1 1 1 1 |1 1 1 1 1 1 1 1 1 1 |4 1 1 1 1 1 1 1 1 1 1 1 1 4 1 6 1 |1 1 1 1 1 1 1 1 1 2 1 1 2 1 1 1 1 1 |1 1 5 1 1 1 1 |1 1 1 1 1 5 1 1 1 1 4 1 1 1 1 1 1 1 |1 1 1 1 1 1 1 1 1 3 1 1 1 1 1 1 1 1 1 |1 1 1 1 1 1 |1 1 1 1 1 1 1 1 1 1 |1 1 1 5 1 6 1 1 1 1 6 1 2 5 1 1 5 1 1 |1 1 1 6 1 2 1 6 1 |1 1 1 1 6 1 |1 1 4 1 1 1 1 1 1 1 1 1 1 1 1 1 1 |6 1 1 1 1 1 4 1 1 1 1 1 1 1 |1 1 1 1 1 1 1 1 |1 1 1 6 1 1 1 |1 1 1 1 1 1 1 1 1 1 1 1 1 1 1 1 |1 1 1 1 1 1 1 1 1 1 1 1 1 1 1 |1 6 1 1 1 1 1 1 1 1 1 1 1 5 1 1 1 5 |1 1 1 1 1 1 1 1 1 1 1 5 1 1 5 1 |1 1 1 1 1 1 1 1 1 1 1 1 5 1 |5 1 1 1 1 1 1 3 1 |1 1 1 1 6 6 1 1 5 1 1 1 1 1 1 1 1 1 4 1 |1 1 1 1 1 1 1 1 1 1 1 1 1 |5 1 1 1 1 5 1 1 1 1 1 1 6 1 1 1 1 1 1 1 |1 1 1 1 1 6 |1 1 1 1 1 1 1 1 1 1 1 1 |
最佳适应度：
112.02728269637818

===============第34个全局最优解================
最佳代数：
118753
最佳分配：
1 1 1 1 1 1 1 1 1 1 1 1 1 5 1 6 4 1 |1 1 1 6 1 2 1 6 1 1 1 |1 1 1 1 1 1 1 6 1 1 1 1 |1 1 1 1 6 1 5 1 1 5 5 4 1 1 1 1 |1 1 1 1 1 1 1 1 4 1 |4 1 1 1 1 1 1 1 1 1 1 1 1 1 1 6 1 |1 1 1 1 1 1 1 1 1 3 1 1 2 1 1 1 1 1 |1 1 5 1 1 1 1 |1 1 1 1 1 1 1 1 1 1 1 1 1 1 1 1 1 1 |1 1 1 1 1 1 4 1 1 1 1 1 1 1 1 1 1 1 1 |1 1 1 1 1 5 |1 1 1 1 1 1 1 1 1 1 |1 1 1 6 1 6 1 1 1 1 6 1 1 4 1 1 1 1 1 |1 1 6 6 1 1 1 6 1 |1 1 1 1 5 1 |1 1 4 1 1 1 1 1 1 1 4 1 1 1 1 1 1 |6 1 1 2 1 1 1 1 1 1 1 1 1 1 |1 1 1 1 1 1 1 1 |1 1 1 6 1 1 1 |1 1 1 1 1 1 1 1 1 1 1 1 1 1 1 1 |1 1 1 1 1 1 1 1 1 1 1 1 1 1 1 |1 6 1 1 1 1 1 1 3 1 1 1 1 4 1 1 1 4 |1 1 1 1 1 1 1 1 1 1 1 5 1 1 5 1 |1 1 1 3 1 1 1 1 1 1 1 1 1 1 |6 1 1 1 1 1 1 1 1 |1 1 1 1 6 6 1 1 5 1 1 1 1 1 1 1 1 2 1 1 |1 1 1 1 1 1 1 1 1 1 1 1 1 |1 1 1 1 1 6 1 1 1 1 1 4 6 1 1 1 1 1 1 1 |1 1 1 3 1 6 |5 1 1 1 1 1 6 1 1 1 1 1 |
最佳适应度：
112.7556453290287

===============第35个全局最优解================
最佳代数：
119515
最佳分配：
1 1 1 1 1 1 1 1 1 1 1 1 1 1 1 6 5 1 |1 1 1 1 1 6 1 1 1 1 1 |1 1 1 1 1 1 1 5 1 1 1 1 |1 1 1 1 6 1 6 1 1 1 6 5 1 1 1 1 |1 1 1 1 1 1 1 1 6 1 |1 1 1 1 1 1 1 1 1 1 1 1 1 1 1 6 1 |1 1 1 1 1 5 4 1 1 4 1 1 6 1 1 1 2 1 |1 1 1 1 1 1 3 |2 1 1 1 1 4 1 1 1 1 3 1 1 1 1 1 1 1 |1 1 1 1 1 1 3 1 1 3 1 1 1 1 1 1 1 1 1 |1 1 1 1 1 1 |1 1 1 1 1 1 1 1 1 1 |1 1 1 6 1 5 1 1 1 1 6 1 1 1 1 1 5 1 1 |1 1 5 6 1 1 1 6 1 |1 1 1 1 1 1 |1 1 6 1 1 1 1 1 1 1 1 1 1 1 1 1 1 |6 1 1 2 1 1 3 1 1 1 1 1 1 1 |1 1 1 1 1 1 1 1 |1 1 1 6 1 1 1 |1 1 1 1 1 1 1 1 1 1 1 1 1 1 1 1 |1 1 1 1 1 1 1 1 1 1 1 1 1 1 1 |1 6 1 1 1 1 1 1 1 1 1 1 1 3 1 1 1 4 |1 1 1 2 3 1 1 1 1 1 1 1 1 1 3 1 |1 1 1 4 1 1 1 1 1 1 1 1 5 1 |6 1 1 1 1 1 1 1 1 |1 1 1 1 6 6 1 1 6 1 1 1 1 1 1 1 1 4 5 1 |1 1 1 1 1 1 1 1 1 1 1 1 1 |5 1 1 1 1 6 1 1 1 1 1 1 4 1 1 1 1 1 1 1 |1 1 1 1 1 6 |1 1 1 1 1 1 6 1 4 1 1 1 |
最佳适应度：
111.50106423381095

===============第36个全局最优解================
最佳代数：
118627
最佳分配：
1 1 1 1 1 1 2 1 1 1 1 1 1 6 1 6 5 1 |1 1 1 6 1 1 1 5 1 1 1 |1 1 1 1 1 4 1 6 1 1 1 1 |1 1 1 1 6 1 6 1 1 1 6 4 1 1 1 1 |1 1 1 1 1 1 1 1 5 1 |5 1 1 1 1 1 1 1 1 1 1 1 1 1 1 6 1 |1 1 3 1 1 1 1 1 1 4 1 1 1 1 1 1 1 1 |1 1 1 1 1 1 1 |1 1 1 1 4 1 1 1 1 1 4 1 1 1 1 3 1 1 |1 1 1 1 1 1 5 1 1 1 1 1 1 1 1 1 1 1 1 |1 1 1 1 1 3 |1 1 1 1 1 1 1 1 1 1 |1 4 1 5 1 1 1 1 1 1 1 1 1 6 1 1 1 1 1 |1 1 6 6 1 1 1 6 1 |1 1 1 1 4 1 |3 1 6 1 1 1 1 1 1 1 6 1 1 1 1 1 1 |6 1 1 5 1 1 1 1 1 1 1 1 1 1 |1 1 1 1 1 1 1 2 |1 1 1 1 1 1 1 |1 1 1 1 1 1 1 1 1 1 1 1 1 1 1 1 |1 1 1 1 1 1 1 1 1 1 1 1 1 1 1 |1 6 1 1 1 1 1 1 1 1 1 1 1 6 1 1 1 1 |1 1 1 1 1 1 1 1 1 1 1 6 1 1 1 1 |1 1 1 1 1 1 1 1 1 1 1 1 1 1 |6 1 1 1 1 1 1 2 1 |1 1 1 1 5 6 1 1 1 1 1 1 1 1 1 1 1 3 5 1 |1 1 1 4 1 1 1 1 5 1 1 1 1 |1 1 1 1 1 1 1 1 1 1 1 3 1 1 1 1 1 1 1 1 |1 1 1 4 4 6 |5 1 1 1 1 1 6 1 1 1 1 1 |
最佳适应度：
109.07353351996176

===============第37个全局最优解================
最佳代数：
111461
最佳分配：
1 1 1 1 1 1 1 1 1 1 1 1 1 1 1 6 1 1 |1 1 1 6 1 4 1 6 1 1 1 |4 1 1 1 1 1 1 6 1 1 1 1 |1 1 1 1 6 1 5 1 1 5 6 5 1 1 1 1 |1 1 1 1 1 1 1 1 1 1 |6 1 1 1 1 1 1 1 1 1 1 1 1 4 1 6 1 |1 1 1 1 1 6 1 1 1 1 1 1 1 1 1 1 2 1 |1 1 3 1 1 1 1 |1 1 1 1 1 3 1 1 1 1 4 1 1 1 1 1 3 1 |1 1 1 1 1 1 4 1 1 4 1 1 1 1 1 1 1 1 1 |1 1 1 1 1 1 |1 1 1 1 1 1 1 1 1 1 |1 1 1 1 1 1 1 1 1 1 6 1 1 1 1 1 4 1 1 |1 1 6 6 1 3 1 6 1 |1 1 1 1 6 1 |1 1 6 1 1 1 1 1 1 1 6 1 1 1 1 1 1 |6 1 1 1 1 1 4 1 1 1 1 1 1 1 |1 1 1 1 1 1 1 1 |1 1 1 6 1 1 1 |1 1 1 1 1 1 1 1 1 1 1 1 1 1 1 1 |1 1 1 1 1 1 1 1 1 1 1 1 1 1 1 |1 6 1 1 1 1 1 1 1 1 1 1 1 5 1 1 1 3 |1 1 1 1 1 1 1 1 1 1 1 5 1 1 1 1 |1 1 1 4 1 1 1 1 1 1 1 1 1 1 |6 1 1 1 1 1 3 1 1 |1 1 1 1 1 6 1 1 5 1 1 1 1 1 1 1 1 3 6 1 |1 1 1 1 1 1 1 1 1 1 1 1 1 |5 1 1 1 1 1 1 1 1 1 1 5 6 1 1 1 1 1 1 1 |1 1 1 1 1 1 |6 1 1 1 1 1 6 1 1 1 1 1 |
最佳适应度：
110.87575146201921

===============第38个全局最优解================
最佳代数：
119293
最佳分配：
1 1 1 1 1 1 1 1 1 1 1 1 1 1 1 6 1 1 |1 1 1 5 1 1 1 6 1 1 1 |3 1 1 1 1 1 1 6 1 1 1 1 |1 1 1 1 1 1 1 1 3 1 6 4 1 1 1 1 |1 1 1 1 1 1 1 1 4 1 |6 1 1 1 1 1 1 1 1 1 1 1 1 5 1 6 1 |1 1 1 1 1 5 1 1 1 3 1 1 3 1 1 1 1 1 |1 1 1 1 1 1 2 |4 1 1 1 1 1 1 1 1 1 4 1 1 1 1 1 1 1 |1 1 1 1 1 1 4 1 1 5 1 1 1 1 1 1 1 1 1 |1 1 1 1 1 1 |1 1 1 1 1 1 1 1 1 2 |1 1 1 6 1 1 1 1 1 1 6 1 1 1 1 1 6 1 1 |1 1 6 6 1 4 1 6 4 |1 1 1 1 6 1 |2 1 5 1 1 1 1 1 1 1 6 1 1 1 1 1 1 |5 1 1 1 1 1 3 1 1 1 1 1 1 1 |1 1 1 1 1 1 1 1 |1 1 1 1 1 1 1 |1 1 1 1 1 1 1 1 1 1 1 1 1 1 1 1 |1 1 1 1 1 1 1 1 1 1 1 1 1 1 1 |1 5 1 1 1 5 1 1 1 1 4 1 1 5 1 1 1 6 |1 1 1 1 1 1 1 1 1 1 1 1 1 1 1 1 |1 1 1 5 1 1 1 1 1 1 1 1 1 1 |6 1 1 1 1 1 1 1 1 |1 1 1 1 6 6 1 1 5 1 1 1 1 1 1 1 1 4 1 1 |1 1 1 1 1 1 1 1 1 1 1 1 1 |5 1 1 1 1 1 1 1 1 1 2 4 5 1 1 1 1 1 1 1 |1 1 1 1 1 6 |4 1 1 1 1 1 6 1 1 1 1 1 |
最佳适应度：
108.83242038756497

===============第39个全局最优解================
最佳代数：
115873
最佳分配：
1 1 1 1 1 1 1 1 1 1 1 1 1 6 1 6 5 1 |1 1 1 1 1 5 1 6 1 1 1 |3 1 1 1 1 1 1 6 1 1 1 1 |1 1 1 1 1 1 1 1 1 1 1 4 1 1 1 1 |1 1 1 1 1 1 1 1 1 1 |1 1 1 1 1 1 1 1 1 1 1 1 1 6 1 6 1 |1 1 1 1 1 5 1 1 1 1 1 1 1 1 1 1 1 1 |1 1 1 1 1 1 3 |1 1 1 1 1 6 1 1 1 1 4 1 1 1 1 1 1 1 |1 1 1 1 1 1 4 1 1 4 1 1 1 1 1 1 1 1 1 |1 1 1 1 1 1 |1 1 1 1 1 1 1 1 1 1 |3 1 1 5 1 6 1 1 1 1 6 1 1 1 1 1 5 1 1 |1 1 5 6 1 4 1 6 5 |1 1 1 1 1 1 |1 1 5 1 1 1 1 1 1 1 1 1 1 1 1 1 1 |6 1 1 1 1 1 1 1 1 1 1 1 1 1 |1 1 1 1 1 1 1 1 |1 1 1 6 1 1 1 |1 1 3 1 1 1 1 1 1 1 1 1 1 1 1 1 |1 1 1 1 1 1 1 1 1 1 1 1 1 1 1 |1 6 1 1 1 1 1 1 1 1 3 1 1 1 1 1 1 5 |1 1 1 1 1 1 1 1 5 1 1 5 1 1 4 1 |1 1 1 4 1 1 1 1 1 1 1 1 1 1 |6 1 1 1 1 1 1 2 1 |1 1 1 1 6 6 1 1 6 1 1 1 1 1 1 1 1 4 4 1 |1 1 1 1 1 1 1 1 1 1 1 1 1 |4 1 1 1 1 6 1 1 1 1 1 1 6 1 2 1 1 1 1 1 |1 1 1 1 1 6 |1 1 1 1 1 1 6 1 4 1 1 1 |
最佳适应度：
110.22827630719712

===============第40个全局最优解================
最佳代数：
118393
最佳分配：
1 1 1 1 1 1 1 1 1 1 1 1 1 6 1 6 5 1 |1 1 1 6 1 1 1 6 1 1 1 |1 1 1 1 1 1 1 6 1 1 1 1 |1 1 1 1 1 1 5 1 1 6 6 1 1 1 1 1 |1 1 1 1 1 1 1 1 1 1 |5 1 1 1 1 1 1 1 1 1 1 1 1 6 1 6 1 |1 1 1 1 1 1 1 1 1 1 1 1 1 1 1 1 1 1 |1 1 2 1 1 1 1 |1 1 1 1 2 1 1 1 1 1 4 1 1 1 1 1 3 1 |1 1 1 1 1 1 1 1 1 1 1 1 1 1 1 1 1 1 1 |1 1 1 1 1 1 |1 1 1 1 1 1 1 1 1 1 |1 1 1 5 1 6 1 1 1 1 6 1 1 5 1 1 5 1 1 |1 1 6 6 1 1 1 6 1 |1 1 1 1 1 1 |1 1 5 1 1 1 1 1 1 1 6 1 1 1 1 1 1 |6 1 1 2 1 1 4 1 1 1 1 1 1 1 |1 1 1 1 1 1 1 1 |1 1 1 6 1 1 1 |1 1 1 1 1 1 1 1 1 1 1 1 1 1 1 1 |1 1 1 1 1 1 1 1 1 1 1 1 1 1 1 |1 6 1 1 1 1 1 1 1 1 2 1 1 1 1 1 1 1 |1 1 1 1 1 1 1 1 5 1 1 5 1 1 3 1 |1 1 1 1 1 1 1 1 1 1 1 1 5 1 |6 1 1 1 1 1 1 1 1 |1 1 1 1 5 6 1 1 5 1 1 1 1 1 1 1 1 1 5 1 |1 1 1 2 1 1 1 1 1 1 1 1 1 |6 1 1 1 1 6 1 1 1 1 1 1 5 1 1 1 1 1 1 1 |1 1 1 1 4 6 |6 1 1 1 1 1 6 1 1 1 1 1 |
最佳适应度：
112.49462101007474

===============第41个全局最优解================
最佳代数：
118977
最佳分配：
1 1 1 1 1 1 1 1 1 1 1 1 1 6 1 6 1 1 |1 1 1 6 1 1 1 6 1 1 1 |1 1 1 1 1 1 1 5 1 1 1 1 |1 1 1 1 5 1 6 1 1 1 6 6 1 1 1 1 |1 1 1 3 1 1 1 1 6 1 |5 1 1 1 1 1 1 1 1 1 1 1 1 5 1 6 1 |1 1 1 1 1 6 1 1 1 4 1 1 1 1 1 1 4 1 |1 1 1 1 1 1 1 |1 1 1 1 1 4 1 1 1 1 4 1 1 1 1 1 1 1 |1 1 1 1 1 1 1 1 1 4 1 1 1 1 1 1 1 1 1 |1 1 1 1 1 5 |1 1 1 1 1 1 1 1 1 1 |1 1 1 6 1 6 1 1 1 1 5 1 1 1 1 1 6 1 1 |1 1 5 6 1 1 1 6 1 |1 1 1 1 6 1 |1 1 5 1 1 1 1 1 1 1 1 1 1 1 1 1 1 |6 1 1 1 1 1 1 1 1 1 1 1 1 1 |1 1 1 1 1 1 1 1 |1 1 1 1 1 1 1 |1 1 1 1 1 1 1 1 1 1 1 1 1 1 1 1 |1 1 1 1 1 1 1 1 1 1 1 1 1 1 1 |1 6 1 1 1 2 1 1 1 1 3 1 1 1 1 1 1 3 |1 1 1 1 1 1 1 1 4 1 1 6 1 1 1 1 |1 1 1 3 1 1 1 1 1 1 1 1 1 1 |5 1 1 1 1 1 1 3 1 |1 1 1 1 6 5 1 1 1 1 1 1 1 1 1 1 1 4 6 1 |1 1 1 2 1 1 1 1 1 1 1 1 1 |6 1 1 1 1 1 1 1 1 1 1 3 5 1 1 1 1 1 1 1 |1 1 1 1 1 6 |1 1 1 1 1 1 6 1 1 1 1 1 |
最佳适应度：
111.93551936186998

===============第42个全局最优解================
最佳代数：
109097
最佳分配：
1 1 1 1 1 1 1 1 1 1 1 1 1 6 1 6 5 1 |1 1 1 6 1 3 1 6 1 1 1 |1 1 1 1 1 1 1 6 1 1 1 1 |1 1 1 1 6 1 6 1 1 1 6 4 1 1 1 1 |1 1 1 1 1 1 1 1 1 1 |5 1 1 1 1 1 1 1 1 1 1 1 1 1 1 6 1 |1 1 1 1 1 5 1 1 1 1 1 1 1 1 1 1 3 1 |1 1 4 1 1 1 1 |1 1 1 1 1 1 1 1 1 1 1 1 1 1 1 1 3 1 |1 1 1 1 1 1 3 1 1 5 1 1 1 1 1 1 1 1 1 |1 1 1 1 1 5 |1 1 1 1 1 1 1 1 1 1 |1 1 1 6 1 5 1 1 1 1 6 1 1 1 1 1 1 1 1 |1 1 5 6 1 1 1 1 2 |1 1 1 1 5 1 |1 1 6 1 1 1 1 1 1 1 5 1 1 1 1 1 1 |6 1 1 1 1 1 3 1 1 1 1 1 1 1 |1 1 1 1 1 1 1 1 |1 1 1 6 1 1 1 |1 1 2 1 1 1 1 1 1 1 1 3 1 1 1 1 |1 1 1 1 1 1 1 1 1 1 1 1 1 1 1 |1 6 1 1 1 2 1 1 1 1 1 1 1 1 1 1 1 1 |1 1 1 1 1 1 1 1 6 1 1 6 1 1 3 1 |1 1 1 1 1 1 1 1 1 1 1 1 1 1 |6 1 1 1 1 1 1 1 1 |1 1 1 1 1 6 1 1 5 1 1 1 1 1 1 1 1 4 6 1 |1 1 1 1 1 1 1 1 1 1 1 1 1 |5 1 1 1 1 5 1 1 1 1 1 1 5 1 1 1 1 1 1 1 |1 1 1 3 1 6 |5 1 1 1 1 1 6 1 1 1 1 1 |
最佳适应度：
111.98565924291086

===============第43个全局最优解================
最佳代数：
115999
最佳分配：
1 1 1 1 1 1 1 1 1 1 1 1 1 6 1 6 4 1 |1 1 1 6 1 5 1 1 1 1 1 |1 1 1 1 1 1 1 1 1 1 1 1 |1 1 1 1 6 1 6 1 2 1 6 6 1 1 1 1 |1 1 1 1 1 1 1 1 1 1 |6 1 1 1 1 1 1 1 1 1 1 1 1 6 1 6 1 |1 1 1 1 1 6 1 1 1 1 1 1 1 1 1 1 4 1 |1 1 4 1 1 1 4 |1 1 1 1 1 3 1 1 1 1 1 1 1 1 1 1 3 1 |1 1 1 1 1 1 1 1 1 1 1 1 1 1 1 1 1 1 1 |1 1 1 1 1 6 |1 1 1 1 1 1 1 1 1 1 |1 1 1 6 1 6 1 1 1 1 1 1 1 1 1 1 6 1 1 |1 1 6 6 1 1 1 6 1 |1 1 1 1 6 1 |1 1 6 1 1 1 1 1 1 1 1 1 1 1 1 1 1 |6 1 1 1 1 1 1 1 1 1 1 1 1 1 |1 1 1 1 1 1 1 1 |1 1 1 6 1 1 1 |1 1 1 1 1 1 1 1 1 1 1 1 1 1 1 1 |1 1 1 1 1 1 1 1 1 1 1 1 1 1 1 |1 6 1 1 1 3 1 1 1 1 3 1 1 1 1 1 1 5 |1 1 1 1 1 1 1 1 1 1 1 6 1 1 5 1 |1 1 1 5 1 1 1 1 1 1 1 1 4 1 |6 1 1 1 1 1 1 1 1 |1 1 1 1 6 6 1 1 1 1 1 1 1 1 1 1 1 2 6 1 |1 1 1 1 1 1 1 1 1 1 1 1 1 |1 1 1 1 1 1 1 1 1 1 1 1 6 1 1 1 1 1 1 1 |1 1 1 1 1 6 |4 1 1 1 1 1 6 1 1 1 1 1 |
最佳适应度：
111.40808204010612

===============第44个全局最优解================
最佳代数：
119839
最佳分配：
1 1 1 1 1 1 1 1 1 1 1 1 1 6 1 6 1 1 |1 1 1 5 1 1 1 6 1 1 1 |1 1 1 1 1 1 1 6 1 1 1 1 |1 1 1 1 1 1 6 1 1 4 6 1 1 1 1 1 |1 1 1 1 1 1 1 1 2 1 |1 1 1 1 1 1 1 1 1 1 1 1 1 3 1 6 1 |1 1 1 1 1 6 2 1 1 6 1 1 5 1 1 1 3 1 |1 1 2 1 1 1 1 |1 1 1 1 1 5 1 1 1 1 5 1 1 1 1 1 1 1 |1 1 1 2 1 1 2 1 1 1 1 1 1 1 1 1 1 1 1 |1 1 1 1 1 2 |1 1 1 1 1 1 1 1 1 1 |1 1 1 5 1 1 1 1 1 1 5 1 1 1 1 1 6 1 1 |1 1 5 6 1 4 1 6 1 |1 1 1 1 1 1 |1 1 5 1 1 1 1 1 1 1 6 1 1 1 1 1 1 |6 1 1 1 1 1 3 1 1 1 1 1 1 1 |1 1 1 1 1 1 1 1 |1 1 1 6 1 1 1 |1 1 1 1 1 1 1 1 1 1 1 1 1 1 1 1 |1 1 1 1 1 1 1 1 1 1 1 1 1 1 1 |1 6 1 1 1 1 1 1 1 1 3 1 1 1 1 1 1 1 |1 1 1 2 1 1 1 1 4 1 1 6 1 1 3 1 |1 1 1 5 1 1 1 1 1 1 1 1 3 1 |6 1 1 1 1 1 1 1 1 |1 1 1 1 5 6 1 1 1 1 1 1 1 1 1 1 1 1 6 1 |1 1 1 1 1 1 1 1 1 1 1 1 1 |6 1 1 1 1 6 1 1 1 1 1 4 5 1 1 1 1 1 1 1 |1 1 1 1 1 6 |5 1 1 1 1 1 6 1 1 1 1 1 |
最佳适应度：
110.86028094847711

===============第45个全局最优解================
最佳代数：
120015
最佳分配：
1 1 1 1 1 1 1 1 1 1 1 1 1 6 1 6 5 1 |1 1 1 6 1 4 1 6 1 1 1 |1 1 1 1 1 1 1 6 1 1 1 1 |1 1 1 1 6 1 1 1 1 1 6 6 1 1 1 1 |1 1 1 1 1 1 1 1 1 1 |4 1 1 1 1 1 1 1 1 1 1 1 1 6 1 6 1 |1 1 1 1 1 6 1 1 1 3 1 1 4 1 1 1 3 1 |1 1 3 1 1 1 1 |1 1 1 1 1 1 1 1 1 1 1 1 1 1 1 1 1 1 |1 1 1 1 1 1 1 1 1 1 1 1 1 1 1 1 1 1 1 |1 1 1 1 1 1 |1 1 1 1 1 1 1 1 1 1 |1 1 1 6 1 1 1 1 1 1 6 1 1 4 1 1 1 1 1 |1 1 5 6 1 4 1 6 1 |1 1 1 1 6 1 |1 1 5 1 1 1 1 1 1 1 6 1 1 1 1 1 1 |6 1 1 1 1 1 4 1 1 1 1 1 1 1 |1 1 1 1 1 1 1 1 |1 1 1 6 1 1 1 |1 1 1 1 1 1 1 1 1 1 1 1 1 1 1 1 |1 1 1 1 1 1 1 1 1 1 1 1 1 1 1 |1 6 1 1 1 1 1 1 1 1 1 1 1 1 1 1 1 1 |1 1 1 1 1 1 1 1 1 1 1 6 1 1 1 1 |1 1 1 1 1 1 1 1 1 1 1 1 1 1 |6 1 1 1 1 1 1 1 1 |1 1 1 1 6 6 1 1 5 1 1 1 1 1 1 1 1 3 5 1 |1 1 1 1 1 1 1 1 1 1 1 1 1 |6 1 1 1 1 6 1 1 1 1 1 3 5 1 1 1 1 1 1 1 |1 1 1 3 1 6 |6 1 1 1 1 1 6 1 1 1 1 1 |
最佳适应度：
111.44093059821351

===============第46个全局最优解================
最佳代数：
113205
最佳分配：
1 1 1 1 1 1 1 1 1 1 1 1 1 5 1 6 1 1 |1 1 1 6 1 3 1 4 1 1 1 |1 1 1 1 1 5 1 5 1 1 1 1 |1 1 1 1 6 1 6 1 3 1 6 1 1 1 1 1 |1 1 1 1 1 1 1 1 5 1 |6 1 1 1 1 1 1 1 1 1 1 1 1 6 1 1 1 |1 1 1 1 1 1 1 1 1 1 1 1 1 1 1 1 1 1 |1 1 1 1 1 1 4 |1 1 1 1 1 1 1 1 1 1 1 1 1 1 1 1 1 1 |1 1 1 1 1 1 1 1 1 1 1 1 1 1 1 1 1 1 1 |1 1 1 1 1 5 |1 1 1 1 1 1 1 1 1 1 |1 1 1 6 1 6 1 1 1 1 4 1 1 1 1 1 4 1 1 |1 1 6 6 1 4 1 6 5 |1 1 1 1 5 1 |1 1 5 1 1 1 1 1 1 1 1 1 1 1 1 1 1 |6 1 1 1 1 1 5 1 1 1 1 1 1 1 |1 1 1 1 1 1 1 1 |1 1 1 6 1 1 1 |1 1 1 1 1 1 1 1 1 1 1 1 1 1 1 1 |1 1 1 1 1 1 1 1 1 1 1 1 1 1 1 |1 6 1 1 1 1 1 1 1 1 1 1 1 1 1 1 1 4 |1 1 1 2 1 1 1 1 1 1 1 5 1 1 4 1 |1 1 1 5 1 1 1 1 1 1 1 1 1 1 |6 1 1 1 1 1 5 1 1 |1 1 1 1 6 6 1 1 5 1 1 1 1 1 1 1 1 1 1 1 |1 1 1 1 1 1 1 1 1 1 1 1 1 |6 1 1 1 1 1 1 1 1 1 1 5 5 1 1 1 1 1 1 1 |1 1 1 1 1 6 |6 1 1 1 1 1 6 1 4 1 1 1 |
最佳适应度：
110.94300784666186

===============第47个全局最优解================
最佳代数：
119353
最佳分配：
1 1 1 1 1 1 1 1 1 1 1 1 1 6 1 6 1 1 |1 1 1 6 1 1 1 6 1 1 1 |1 1 1 1 1 3 1 5 1 1 1 1 |1 1 1 1 6 1 6 1 1 1 6 4 1 1 1 1 |1 1 1 1 1 1 1 1 4 1 |4 1 1 1 1 1 1 1 1 1 1 1 1 3 1 6 1 |1 1 1 1 1 6 1 1 1 1 1 1 1 1 1 1 2 1 |1 1 3 1 1 1 1 |1 1 1 1 1 3 1 1 1 1 1 1 1 1 1 1 1 1 |1 1 1 1 1 1 1 1 1 4 1 1 1 1 1 1 1 1 1 |1 1 1 1 1 4 |1 1 1 1 1 1 1 1 1 1 |1 1 1 6 1 6 1 1 1 1 6 1 1 4 1 1 1 1 1 |1 1 6 6 1 1 1 6 1 |1 1 1 1 5 1 |1 1 5 1 1 1 1 1 1 1 4 1 1 1 1 1 1 |6 1 1 1 1 1 3 1 1 1 1 1 1 1 |1 1 1 1 1 1 1 1 |1 1 1 6 1 1 1 |1 1 1 1 1 1 1 1 1 1 1 1 1 1 1 1 |1 1 1 1 1 1 1 1 1 1 1 1 1 1 1 |1 6 1 1 1 2 1 1 1 1 1 1 1 4 1 1 1 2 |1 1 1 1 1 1 1 1 1 1 1 5 1 1 4 1 |1 1 1 5 1 1 1 1 1 1 1 1 1 1 |6 1 1 1 1 1 4 2 1 |1 1 1 1 6 6 1 1 6 1 1 1 1 1 1 1 1 1 1 1 |1 1 1 1 1 1 1 1 1 1 1 1 1 |4 1 1 1 1 4 1 1 1 1 1 2 5 1 1 1 1 1 1 1 |1 1 1 1 1 6 |5 1 1 1 1 1 6 1 1 1 1 1 |
最佳适应度：
112.51913570411027

===============第48个全局最优解================
最佳代数：
118965
最佳分配：
1 1 1 1 1 1 1 1 1 1 1 1 1 6 1 6 4 1 |1 1 1 6 1 1 1 6 1 1 1 |1 1 1 1 1 3 1 6 1 1 1 1 |1 1 1 1 1 1 6 1 1 1 6 6 1 1 1 1 |1 1 1 1 1 1 1 1 1 1 |5 1 1 1 1 1 1 1 1 1 1 1 1 6 1 6 1 |1 1 1 1 1 6 1 1 1 3 1 1 1 1 1 1 1 1 |1 1 3 1 1 1 5 |1 1 1 1 1 5 1 1 1 1 5 1 1 1 1 1 1 1 |1 1 1 1 1 1 1 1 1 1 1 1 1 1 1 1 1 1 1 |1 1 1 1 1 1 |1 1 1 1 1 1 1 1 1 1 |1 1 1 6 1 6 1 1 1 1 6 1 1 1 1 1 4 1 1 |1 1 1 6 1 1 1 6 1 |1 1 1 1 5 1 |1 1 1 1 1 1 1 1 1 1 6 1 1 1 1 1 1 |6 1 1 1 1 1 2 1 1 1 1 1 1 1 |1 1 1 1 1 1 1 1 |1 1 1 6 1 1 1 |1 1 1 1 1 1 1 1 1 1 1 1 1 1 1 1 |1 1 1 1 1 1 1 1 1 1 1 1 1 1 1 |1 6 1 1 1 1 1 1 1 1 1 1 1 1 1 1 1 1 |1 1 1 1 3 1 1 1 1 1 1 6 1 1 6 1 |1 1 1 1 1 1 1 1 1 1 1 1 1 1 |6 1 1 1 1 1 1 1 1 |1 1 1 1 6 6 1 1 5 1 1 1 1 1 1 1 1 1 6 1 |1 1 1 1 1 1 1 1 1 1 1 1 1 |6 1 1 1 1 6 1 1 1 1 1 1 6 1 1 1 1 1 1 1 |1 1 1 1 1 6 |6 1 1 1 1 1 6 1 1 1 1 1 |
最佳适应度：
112.69755544680775

===============第49个全局最优解================
最佳代数：
113339
最佳分配：
1 1 1 1 1 1 1 1 1 1 1 1 1 6 1 6 1 1 |1 1 1 6 1 1 1 6 1 1 1 |3 1 1 1 1 1 1 6 1 1 1 1 |1 1 1 1 6 1 1 1 1 1 6 6 1 1 1 1 |1 1 1 2 1 1 1 1 1 1 |5 1 1 1 1 3 1 1 1 1 1 1 1 4 1 6 1 |1 1 1 1 1 1 4 1 1 4 1 1 1 1 1 1 5 1 |1 1 1 1 1 1 4 |3 1 1 1 1 3 1 1 1 1 1 1 1 1 1 1 4 1 |1 1 1 4 1 1 4 1 1 1 1 1 1 1 1 1 1 1 1 |1 1 1 1 1 1 |1 1 1 1 1 1 1 1 1 1 |1 1 1 5 1 6 1 1 1 1 4 1 1 1 1 1 4 1 1 |1 1 6 6 1 4 1 6 4 |1 1 1 1 6 1 |1 1 1 1 1 1 1 1 1 1 1 1 1 1 1 1 1 |6 1 1 1 1 1 5 1 1 1 1 1 1 1 |1 1 1 1 1 1 1 1 |1 1 1 6 1 1 1 |1 1 1 1 1 1 1 1 1 1 1 2 1 1 1 1 |1 1 1 1 1 1 1 1 1 2 1 1 1 1 1 |1 6 1 1 1 2 1 1 1 1 1 1 1 1 1 1 1 1 |1 1 1 1 1 1 1 1 1 1 1 6 1 1 4 4 |1 1 1 5 1 1 1 1 1 1 1 1 1 1 |1 1 1 1 1 1 1 1 1 |1 1 1 1 6 6 1 1 5 1 1 1 1 1 1 1 1 1 1 1 |1 1 1 1 1 1 1 1 1 1 1 1 1 |5 1 1 1 1 5 1 1 1 1 1 1 6 1 1 1 1 1 1 1 |1 1 1 1 1 6 |1 1 1 1 1 1 5 1 3 1 1 1 |
最佳适应度：
109.83121197522232

===============第50个全局最优解================
最佳代数：
115711
最佳分配：
1 1 1 1 1 1 1 1 1 1 1 1 1 5 1 6 1 1 |1 1 1 6 1 4 1 6 1 1 1 |1 1 1 1 1 1 1 6 1 1 1 1 |1 1 1 1 6 1 5 1 3 4 6 1 1 1 1 1 |1 1 1 1 1 1 1 1 5 1 |6 1 1 1 1 1 1 1 1 1 1 1 1 5 1 6 1 |1 1 1 1 1 6 3 1 1 3 1 1 1 1 1 1 4 1 |1 1 5 1 1 1 1 |1 1 1 1 1 5 1 1 1 1 1 1 1 1 1 1 1 1 |1 1 1 1 1 1 1 1 1 1 1 1 1 1 1 1 1 1 1 |1 1 1 1 1 5 |1 1 1 1 1 1 1 1 1 1 |2 1 1 6 1 6 1 1 1 1 6 1 1 5 1 1 1 1 1 |1 1 1 6 1 5 1 6 5 |1 1 1 1 1 1 |1 1 5 1 1 1 1 1 1 1 1 1 1 1 1 1 1 |6 1 1 1 1 1 5 1 1 1 1 1 1 1 |1 1 1 1 1 1 1 1 |1 1 1 6 1 1 1 |1 1 2 1 1 1 1 1 1 1 1 1 1 1 1 1 |1 1 1 1 1 1 1 1 1 1 1 1 1 1 1 |1 6 1 1 1 1 1 1 1 1 1 1 1 1 1 1 1 6 |1 1 1 1 1 1 1 1 1 1 1 1 1 1 2 1 |1 1 1 6 1 1 1 1 1 1 1 1 1 1 |6 1 1 1 1 1 1 1 1 |1 1 1 1 5 6 1 1 5 1 1 1 1 1 1 1 1 1 6 1 |1 1 1 1 1 1 1 1 1 1 1 1 1 |5 1 1 1 1 6 1 1 1 1 1 2 1 1 1 1 1 1 1 1 |1 1 1 1 1 6 |1 1 1 1 1 1 1 1 1 1 1 1 |
最佳适应度：
110.70175355727352

===============第51个全局最优解================
最佳代数：
119259
最佳分配：
1 1 1 1 1 1 1 1 1 1 1 1 1 5 1 6 5 1 |1 1 1 1 1 1 1 5 1 1 1 |1 1 1 1 1 1 1 6 1 1 1 1 |1 1 1 1 5 1 5 1 1 1 5 1 1 1 1 1 |1 1 1 4 1 1 1 1 4 1 |1 1 1 1 1 1 1 1 1 1 1 1 1 5 1 6 1 |1 1 1 1 1 5 1 1 5 1 1 1 5 1 1 1 5 1 |1 1 1 1 1 1 1 |1 1 1 1 1 1 1 1 1 1 1 1 1 1 1 1 1 1 |1 1 1 1 1 1 5 1 1 5 1 1 1 1 1 1 1 1 1 |1 1 1 1 1 2 |1 1 1 1 1 1 1 1 1 1 |1 1 1 6 1 4 1 1 1 1 1 1 1 1 1 1 6 1 1 |1 1 4 6 1 1 1 6 1 |1 1 1 1 6 1 |1 1 6 1 1 1 1 1 1 1 1 1 1 1 1 1 1 |6 1 1 5 1 1 1 1 1 1 1 1 1 1 |1 1 1 1 1 1 1 1 |1 1 1 6 1 1 1 |1 1 1 1 1 1 1 1 1 1 1 5 1 1 1 1 |1 1 1 1 1 1 1 1 1 1 1 1 1 1 1 |1 6 1 1 1 1 1 1 1 1 1 1 1 1 1 1 1 5 |1 1 1 1 6 1 1 1 1 1 1 6 1 1 6 1 |1 1 1 1 1 1 1 1 1 1 1 1 1 1 |6 1 1 1 1 1 1 1 1 |1 1 1 1 6 6 1 1 1 1 1 1 1 1 1 1 1 1 6 1 |1 1 1 1 1 1 1 1 1 1 1 1 1 |6 1 1 1 1 1 1 1 1 1 1 1 6 1 1 1 1 1 1 1 |1 1 1 1 1 6 |6 1 1 1 1 1 6 1 3 1 1 1 |
最佳适应度：
110.40683326381453

===============第52个全局最优解================
最佳代数：
115507
最佳分配：
1 1 1 1 1 1 1 1 1 1 1 1 1 1 1 6 4 1 |1 1 1 6 1 1 1 6 1 1 1 |5 1 1 1 1 1 1 6 1 1 1 1 |1 1 1 1 6 1 5 1 1 1 5 1 1 1 1 1 |1 1 1 1 1 1 1 1 6 1 |6 1 1 1 1 1 1 1 1 1 1 1 1 1 1 6 1 |1 1 1 1 1 6 1 1 1 3 1 1 4 1 1 1 4 1 |1 1 1 1 1 1 1 |1 1 1 1 1 1 1 1 1 1 4 1 1 1 1 1 1 1 |1 1 1 1 1 1 1 1 1 4 1 1 1 1 1 1 1 1 1 |1 1 1 1 1 4 |1 1 1 1 1 1 1 1 1 1 |1 1 1 5 1 6 1 1 1 1 6 1 1 5 1 1 4 1 1 |1 1 6 6 1 3 1 6 1 |1 1 1 1 1 1 |1 1 5 1 1 1 1 1 1 1 5 1 1 1 1 1 1 |6 1 1 1 1 1 4 1 1 1 1 1 1 1 |1 1 1 1 1 1 1 1 |1 1 1 5 1 1 1 |2 1 1 1 1 1 1 1 1 1 1 1 1 1 1 1 |1 1 1 1 1 1 1 1 1 1 1 1 1 1 1 |1 6 1 1 1 3 1 1 1 1 1 1 1 1 1 1 1 1 |1 1 1 1 1 1 1 1 5 1 1 6 1 1 1 1 |1 1 1 1 1 1 1 1 1 1 1 1 1 1 |6 1 1 1 1 1 1 1 1 |1 1 1 1 1 6 1 1 5 1 1 1 1 1 1 1 1 2 1 1 |1 1 1 2 1 1 1 1 1 1 1 1 1 |6 1 1 1 1 6 1 1 1 1 1 1 6 1 1 1 1 1 1 1 |1 1 1 1 1 6 |6 1 1 1 1 1 6 1 2 1 1 1 |
最佳适应度：
111.20644321935477

===============第53个全局最优解================
最佳代数：
119167
最佳分配：
1 1 1 1 1 1 1 1 1 1 1 1 1 6 1 6 5 1 |1 1 1 6 1 1 1 6 1 3 1 |1 1 1 1 1 1 1 4 1 1 1 1 |1 1 1 1 6 1 5 1 1 5 1 4 1 1 1 1 |1 1 1 1 1 1 1 1 4 1 |5 1 1 1 1 1 1 1 1 1 1 1 1 1 1 6 1 |1 1 1 1 1 4 2 1 1 1 1 1 1 1 1 1 4 1 |1 1 4 1 1 1 3 |1 1 1 1 1 5 1 1 1 1 4 1 1 1 1 1 4 1 |1 1 1 1 1 1 3 1 1 4 1 1 1 1 1 1 1 1 1 |1 1 1 1 1 6 |1 1 1 1 1 1 1 1 1 1 |1 1 1 6 1 1 1 1 1 1 5 1 1 3 1 1 1 1 1 |1 1 5 6 1 1 1 6 2 |1 1 1 1 5 1 |1 1 5 1 1 1 1 1 1 1 1 1 1 1 1 1 1 |6 1 1 1 1 1 5 1 1 1 1 1 1 1 |1 1 1 1 1 1 1 1 |1 1 1 6 1 1 1 |3 1 1 1 1 1 1 1 1 1 1 1 1 1 1 1 |1 1 1 1 1 1 1 1 1 1 1 1 1 1 1 |1 6 1 1 1 1 1 1 1 1 3 1 1 1 1 1 1 4 |1 1 1 1 2 1 1 1 1 1 1 5 1 1 1 3 |1 1 1 5 1 1 1 1 1 1 1 1 1 1 |6 1 1 1 1 1 1 1 1 |1 1 1 1 5 6 1 1 5 1 1 1 1 1 1 1 1 1 6 1 |1 1 1 1 1 1 1 1 1 1 1 1 1 |1 1 1 1 1 5 1 1 1 1 1 4 1 1 1 1 1 1 1 1 |1 1 1 1 1 6 |1 1 1 1 1 1 5 1 1 1 1 1 |
最佳适应度：
110.26004352508755

===============第54个全局最优解================
最佳代数：
117711
最佳分配：
1 1 1 1 1 1 1 1 1 1 1 1 1 5 1 6 1 1 |1 1 1 6 1 2 1 6 1 1 1 |1 1 1 1 1 4 1 1 1 1 1 1 |1 1 1 1 6 1 5 1 1 1 6 5 1 1 1 1 |1 1 1 1 1 1 1 1 3 1 |5 1 1 1 1 1 1 1 1 1 1 1 1 5 1 6 1 |1 1 1 1 1 1 1 1 1 1 1 1 4 1 1 1 3 1 |1 1 2 1 1 1 2 |1 1 1 1 1 4 1 1 1 1 1 1 1 1 1 1 1 1 |1 1 1 1 1 1 4 1 1 3 1 1 1 1 1 1 1 1 1 |1 1 1 1 1 5 |1 1 1 1 1 1 1 1 1 1 |1 1 1 5 1 5 1 1 1 1 1 1 1 1 1 1 6 1 1 |1 1 4 6 1 4 1 5 1 |1 1 1 1 6 1 |2 1 6 1 1 1 1 1 1 1 6 1 1 1 1 1 1 |6 1 1 1 1 1 4 1 1 1 1 1 1 1 |1 1 1 1 1 1 1 1 |1 1 1 6 1 1 1 |1 1 1 1 1 1 1 1 1 1 1 1 1 1 1 1 |1 1 1 1 1 1 1 1 1 1 1 1 1 1 1 |1 6 1 1 1 4 1 1 1 1 1 1 1 5 1 1 1 3 |1 1 1 1 1 1 1 1 5 1 1 5 1 1 1 1 |1 1 1 1 1 1 1 1 1 1 1 1 4 1 |6 1 1 1 1 1 1 1 1 |1 1 1 1 1 6 1 1 5 1 1 1 1 1 1 1 1 3 6 1 |1 1 1 1 1 1 1 1 1 1 1 1 1 |5 1 1 1 1 1 1 1 1 1 1 5 6 1 1 1 1 1 1 1 |1 1 1 1 4 6 |1 1 1 1 1 1 1 1 1 1 1 1 |
最佳适应度：
110.31424196453497

===============第55个全局最优解================
最佳代数：
112775
最佳分配：
1 1 1 1 1 1 1 1 1 1 1 1 1 6 1 6 5 1 |1 1 1 6 1 1 1 5 1 1 1 |1 1 1 1 1 1 1 5 1 1 1 1 |1 1 1 1 6 1 1 1 1 6 5 4 1 1 1 1 |1 1 1 1 1 1 1 1 1 1 |5 1 1 1 1 1 1 1 1 1 1 1 1 6 1 6 1 |1 1 1 1 1 1 1 1 1 1 1 1 1 1 1 1 1 1 |1 1 2 1 1 1 1 |1 1 1 1 1 1 1 1 1 1 4 1 1 1 1 1 3 1 |1 1 1 1 1 1 1 1 1 6 1 1 1 1 1 1 1 1 1 |1 1 1 1 1 4 |1 1 1 1 1 1 1 1 1 1 |1 1 1 5 1 6 1 1 1 1 1 1 1 1 1 1 1 1 1 |1 1 5 6 1 5 1 5 1 |1 1 1 1 5 1 |1 1 1 1 1 1 1 1 1 1 6 1 1 1 1 1 1 |6 1 1 1 1 1 1 1 1 1 1 1 1 1 |1 1 1 1 1 1 1 1 |1 1 1 6 1 1 1 |1 1 1 1 1 1 1 1 1 1 1 1 1 1 1 1 |1 1 1 1 1 1 1 1 1 1 1 1 1 1 1 |1 6 1 1 1 1 1 1 1 1 1 1 1 5 1 1 1 6 |1 1 1 1 1 1 1 1 1 1 1 5 1 1 5 1 |1 1 1 5 1 1 1 1 1 1 1 1 5 1 |6 1 1 1 1 1 1 4 1 |1 1 1 1 5 6 1 1 5 1 1 1 1 1 1 1 1 1 6 1 |1 1 1 1 1 1 1 1 1 1 1 1 1 |5 1 1 1 1 5 1 1 1 1 1 1 6 1 1 1 1 1 1 1 |1 1 1 3 2 6 |1 1 1 1 1 1 6 1 1 1 1 1 |
最佳适应度：
112.0837786209657

===============第56个全局最优解================
最佳代数：
119691
最佳分配：
1 1 1 1 1 1 1 1 1 1 1 1 1 5 1 6 5 1 |1 1 1 6 1 4 1 6 1 1 1 |1 1 1 1 1 1 1 6 1 1 1 1 |1 1 1 1 6 1 6 1 1 1 6 1 1 1 1 1 |1 1 1 1 1 1 1 1 5 1 |4 1 1 1 1 1 1 1 1 1 1 1 1 5 1 6 1 |1 1 1 1 1 5 1 1 1 1 1 1 6 1 1 1 1 1 |1 1 1 1 1 1 1 |1 1 1 1 1 1 1 1 1 1 4 1 1 1 1 1 1 1 |1 1 1 1 1 1 2 1 1 6 1 1 1 1 1 1 1 1 1 |1 1 1 1 1 1 |1 1 1 1 1 1 1 1 1 1 |1 1 1 1 1 6 1 1 1 1 6 1 1 1 1 1 1 1 1 |1 1 6 6 1 5 1 6 1 |1 1 1 1 1 1 |1 1 6 1 1 1 1 1 1 1 1 1 1 1 1 1 1 |5 1 1 5 1 1 1 1 1 1 1 1 1 1 |1 1 1 1 1 1 1 1 |1 1 1 6 1 1 1 |1 1 1 1 1 1 1 1 1 1 1 1 1 1 1 1 |1 1 1 1 1 1 1 1 1 1 1 1 1 1 1 |1 6 1 1 1 2 1 1 1 1 1 1 1 4 1 1 1 1 |1 1 1 1 1 1 1 1 5 1 1 1 1 1 5 1 |1 1 1 6 1 1 1 1 1 1 1 1 1 1 |6 1 1 1 1 1 2 1 1 |1 1 1 1 6 5 1 1 6 1 1 1 1 1 1 1 1 1 6 1 |1 1 1 1 1 1 1 1 1 1 1 1 1 |1 1 1 1 1 5 1 1 1 1 1 4 1 1 1 1 1 1 1 1 |1 1 1 4 1 6 |6 1 1 1 1 1 6 1 1 1 1 1 |
最佳适应度：
111.8867220514939

===============第57个全局最优解================
最佳代数：
119143
最佳分配：
1 1 1 1 1 1 1 1 1 1 1 1 1 6 1 6 4 1 |1 1 1 6 1 2 1 1 1 1 1 |3 1 1 1 1 1 1 6 1 1 1 1 |1 1 1 1 6 1 6 1 1 1 6 1 1 1 1 1 |1 1 1 2 1 1 1 1 1 1 |5 1 1 1 1 1 1 1 1 1 1 1 1 4 1 6 1 |1 1 1 1 1 5 1 1 3 1 1 1 1 1 1 1 1 1 |1 1 1 1 1 1 1 |1 1 1 1 1 1 1 1 1 1 6 1 1 1 1 1 3 1 |1 1 1 1 1 1 5 1 1 1 1 1 1 1 1 1 1 1 1 |1 1 1 1 1 1 |1 1 1 1 1 1 1 1 1 1 |1 1 1 5 1 6 1 1 1 1 6 1 1 5 1 1 4 1 1 |1 1 1 6 1 5 1 6 1 |1 1 1 1 6 1 |1 1 5 1 1 1 1 1 1 1 1 1 1 1 1 1 1 |6 1 1 1 1 1 5 1 1 1 1 1 1 1 |1 1 1 1 1 1 1 1 |1 1 1 5 1 1 1 |1 1 4 1 1 1 1 1 1 1 1 1 1 1 1 1 |1 1 1 1 1 1 1 1 1 1 1 1 1 1 1 |1 6 1 1 1 1 1 1 1 1 1 1 1 1 1 1 1 1 |1 1 1 1 1 1 1 1 4 1 1 5 1 1 1 1 |1 1 1 1 1 1 1 1 1 1 1 1 1 1 |6 1 1 1 1 1 5 3 1 |1 1 1 1 1 6 1 1 5 1 1 1 1 1 1 1 1 1 6 1 |1 1 1 1 1 1 1 1 1 1 1 1 1 |6 1 1 1 1 5 1 1 1 1 2 4 5 1 1 1 1 1 1 1 |1 1 1 1 3 6 |1 1 1 1 1 1 6 1 3 1 1 1 |
最佳适应度：
110.09501869168028

===============第58个全局最优解================
最佳代数：
114725
最佳分配：
1 1 1 1 1 1 1 1 1 1 1 1 1 5 1 6 4 1 |1 1 1 6 1 1 1 6 1 1 1 |1 1 1 1 1 4 1 6 1 1 1 1 |1 1 1 1 6 1 1 1 1 4 6 4 1 1 1 1 |1 1 1 1 1 1 1 1 1 1 |6 1 1 1 1 1 1 1 1 1 1 1 1 5 1 6 1 |1 1 1 1 1 5 1 1 1 1 1 1 1 1 1 1 1 1 |1 1 1 1 1 1 1 |1 1 1 1 1 1 1 1 1 1 4 1 1 1 1 1 1 1 |1 1 1 1 1 1 1 1 1 3 1 1 1 1 1 1 1 1 1 |1 1 1 1 1 5 |1 1 1 1 1 1 1 1 1 1 |1 1 1 6 1 6 1 1 1 1 1 1 1 1 1 1 5 1 1 |1 1 5 6 1 3 1 6 1 |1 1 1 1 5 1 |1 1 6 1 1 1 1 1 1 1 6 1 1 1 1 1 1 |6 1 1 1 1 1 5 1 1 1 1 1 1 1 |1 1 1 1 1 1 1 1 |1 1 1 1 1 1 1 |1 1 1 1 1 1 1 1 1 1 1 1 1 1 1 1 |1 1 1 1 1 1 1 1 1 1 1 1 1 1 1 |1 6 1 1 1 3 1 1 1 1 1 1 1 1 1 1 1 5 |1 1 1 1 3 1 1 1 4 1 1 6 1 1 1 1 |1 1 1 3 1 1 1 1 1 1 1 1 1 1 |6 1 1 1 1 1 1 1 1 |1 1 1 1 6 6 1 1 4 1 1 1 1 1 1 1 1 2 6 1 |1 1 1 4 1 1 1 1 1 1 1 1 1 |5 1 1 1 1 6 1 1 1 1 1 1 5 1 1 1 1 1 1 1 |1 1 1 1 1 6 |1 1 1 1 1 1 6 1 1 1 1 1 |
最佳适应度：
112.41836059808905

===============第59个全局最优解================
最佳代数：
117927
最佳分配：
1 1 1 1 1 1 1 1 1 1 1 1 1 6 1 6 4 1 |1 1 1 6 1 2 1 5 1 1 1 |1 1 1 1 1 1 1 1 1 1 1 1 |1 1 1 1 5 1 5 1 1 6 6 1 1 1 1 1 |1 1 1 1 1 1 1 1 4 1 |6 1 1 1 1 1 1 1 1 1 1 1 1 4 1 6 1 |1 1 1 1 1 1 1 1 1 1 1 1 4 1 1 1 1 1 |1 1 1 1 1 1 1 |1 1 1 1 2 1 1 1 1 1 1 1 1 1 1 1 3 1 |1 1 1 1 1 1 6 1 1 4 1 1 1 1 1 1 1 1 1 |1 1 1 1 1 1 |1 1 1 1 1 1 1 1 1 1 |1 1 1 5 1 5 1 1 1 1 6 1 1 1 1 1 6 1 1 |1 1 6 6 1 5 1 6 4 |1 1 1 1 1 1 |1 1 1 1 1 1 1 1 1 1 6 1 1 1 1 1 1 |6 1 1 1 1 1 1 1 1 1 1 1 1 1 |1 1 1 1 1 1 1 1 |1 1 1 1 1 1 1 |1 1 2 1 1 1 1 1 1 1 1 1 1 1 1 1 |1 1 1 1 1 1 1 1 1 1 1 1 1 1 1 |1 6 1 1 1 1 1 1 1 1 1 1 1 3 1 1 1 1 |1 1 1 1 1 1 1 1 6 1 1 6 1 1 5 1 |1 1 1 4 1 1 1 1 1 1 1 1 4 1 |6 1 1 1 1 1 1 1 1 |1 1 1 1 6 6 1 1 5 1 1 1 1 1 1 1 1 3 5 1 |1 1 1 1 1 1 1 1 1 1 1 1 1 |4 1 1 1 1 5 1 1 1 1 1 1 5 1 1 1 1 1 1 1 |1 1 1 1 1 6 |5 1 1 1 1 1 6 1 1 1 1 1 |
最佳适应度：
110.94131468710806

===============第60个全局最优解================
最佳代数：
115443
最佳分配：
1 1 1 1 1 1 1 1 1 1 1 1 1 4 1 6 1 1 |1 1 1 6 1 1 1 1 1 1 1 |2 1 1 1 1 5 1 5 1 1 1 1 |1 1 1 1 5 1 6 1 1 3 6 6 1 1 1 1 |1 1 1 1 1 1 1 1 5 1 |1 1 1 1 1 1 1 1 1 1 1 1 1 4 1 5 1 |1 1 1 1 1 5 1 1 2 4 1 1 1 1 1 1 4 1 |1 1 1 1 1 1 1 |1 1 1 1 1 1 1 1 1 1 1 1 1 1 1 1 4 1 |1 1 1 1 1 1 2 1 1 4 1 1 1 1 1 1 1 1 1 |1 1 1 1 1 1 |1 1 1 1 1 1 1 1 1 1 |1 1 1 6 1 5 1 1 1 1 5 1 1 4 1 1 5 1 1 |1 1 5 6 1 4 1 6 2 |1 1 1 1 6 1 |1 1 1 1 1 1 1 1 1 1 6 1 1 1 1 1 1 |6 1 1 1 1 1 3 1 1 1 1 1 1 1 |1 1 1 1 1 1 1 1 |1 1 1 6 1 1 1 |1 1 3 1 1 1 1 1 1 1 1 1 1 1 1 1 |1 1 1 1 1 1 1 1 1 1 1 1 1 1 1 |1 6 1 1 1 1 1 1 1 1 4 1 1 1 1 1 1 1 |1 1 1 1 1 1 1 1 1 1 1 4 1 1 1 1 |1 1 1 1 1 1 1 1 1 1 1 1 3 1 |6 1 1 1 1 1 1 1 1 |1 1 1 1 6 6 1 1 4 1 1 1 1 1 1 1 1 3 6 1 |1 1 1 1 1 1 1 1 1 1 1 1 1 |6 1 1 1 1 6 1 1 1 1 1 2 6 1 1 1 1 1 1 1 |1 1 1 1 3 5 |1 1 1 1 1 1 6 1 1 1 1 1 |
最佳适应度：
112.1097203362217

最大适应度：112.7556453290287
最小适应度：108.42544020987607
平均适应度：111.19831260765062
估计标准差值：1.054569769016631
最佳分配：
1 1 1 1 1 1 1 1 1 1 1 1 1 5 1 6 4 1 |1 1 1 6 1 2 1 6 1 1 1 |1 1 1 1 1 1 1 6 1 1 1 1 |1 1 1 1 6 1 5 1 1 5 5 4 1 1 1 1 |1 1 1 1 1 1 1 1 4 1 |4 1 1 1 1 1 1 1 1 1 1 1 1 1 1 6 1 |1 1 1 1 1 1 1 1 1 3 1 1 2 1 1 1 1 1 |1 1 5 1 1 1 1 |1 1 1 1 1 1 1 1 1 1 1 1 1 1 1 1 1 1 |1 1 1 1 1 1 4 1 1 1 1 1 1 1 1 1 1 1 1 |1 1 1 1 1 5 |1 1 1 1 1 1 1 1 1 1 |1 1 1 6 1 6 1 1 1 1 6 1 1 4 1 1 1 1 1 |1 1 6 6 1 1 1 6 1 |1 1 1 1 5 1 |1 1 4 1 1 1 1 1 1 1 4 1 1 1 1 1 1 |6 1 1 2 1 1 1 1 1 1 1 1 1 1 |1 1 1 1 1 1 1 1 |1 1 1 6 1 1 1 |1 1 1 1 1 1 1 1 1 1 1 1 1 1 1 1 |1 1 1 1 1 1 1 1 1 1 1 1 1 1 1 |1 6 1 1 1 1 1 1 3 1 1 1 1 4 1 1 1 4 |1 1 1 1 1 1 1 1 1 1 1 5 1 1 5 1 |1 1 1 3 1 1 1 1 1 1 1 1 1 1 |6 1 1 1 1 1 1 1 1 |1 1 1 1 6 6 1 1 5 1 1 1 1 1 1 1 1 2 1 1 |1 1 1 1 1 1 1 1 1 1 1 1 1 |1 1 1 1 1 6 1 1 1 1 1 4 6 1 1 1 1 1 1 1 |1 1 1 3 1 6 |5 1 1 1 1 1 6 1 1 1 1 1 |
DNSPSO算法运行求解巡逻调度问题耗时：1小时，52分钟，7秒
