第1个BestWave: 
6 1 4 1 1 5 1 5 6 |1 1 1 1 3 1 |1 4 1 1 1 1 1 1 3 |1 1 1 1 1 6 1 1 1 1 4 |1 3 1 1 1 1 1 1 1 1 1 1 6 1 1 1 6 |realPatrol = 100|fitness = 12.657864518606356

最优解的最大适应度：12.657864518606356
最优解的最小适应度：12.657864518606356
最优解的平均适应度：12.657864518606356
估计标准差值：NaN
最优解的最佳分配：
6 1 4 1 1 5 1 5 6 |1 1 1 1 3 1 |1 4 1 1 1 1 1 1 3 |1 1 1 1 1 6 1 1 1 1 4 |1 3 1 1 1 1 1 1 1 1 1 1 6 1 1 1 6 |100|realPatrol = 100
PWWO算法运行求解巡逻调度问题耗时：0小时，0分钟，8秒
=============第1个最优解如下=============
最大目标值出现代数：
2431
最大目标值为：
11.174869107935123
最佳分配方案：
3 1 3 1 2 3 2 3 3 |2 2 1 2 2 2 |2 3 1 1 1 1 2 2 3 |1 1 2 1 1 3 2 2 2 1 3 |1 3 2 2 2 1 2 2 2 2 1 2 3 2 1 2 3 |

最大适应度：11.174869107935123
最小适应度：11.174869107935123
平均适应度：11.174869107935123
估计标准差值：NaN
最佳分配：
3 1 3 1 2 3 2 3 3 |2 2 1 2 2 2 |2 3 1 1 1 1 2 2 3 |1 1 2 1 1 3 2 2 2 1 3 |1 3 2 2 2 1 2 2 2 2 1 2 3 2 1 2 3 |
GA算法运行求解巡逻调度问题耗时：0小时，0分钟，8秒
第1个BestWave: 
6 1 1 1 2 4 1 5 6 |1 1 2 1 1 1 |1 3 1 1 1 1 1 1 1 |1 1 1 1 1 4 1 1 1 1 6 |1 3 4 1 1 1 1 3 1 2 1 2 5 2 1 1 6 |realPatrol = 100|fitness = 12.23556885358295

最优解的最大适应度：12.23556885358295
最优解的最小适应度：12.23556885358295
最优解的平均适应度：12.23556885358295
估计标准差值：NaN
最优解的最佳分配：
6 1 1 1 2 4 1 5 6 |1 1 2 1 1 1 |1 3 1 1 1 1 1 1 1 |1 1 1 1 1 4 1 1 1 1 6 |1 3 4 1 1 1 1 3 1 2 1 2 5 2 1 1 6 |100|realPatrol = 100
WWO算法运行求解巡逻调度问题耗时：0小时，0分钟，8秒
===============第1个全局最优解================
最佳代数：
1332
最佳分配：
5 1 3 1 1 5 1 5 5 |1 1 1 2 2 1 |1 5 1 1 1 1 1 1 4 |1 1 1 1 1 5 1 1 1 1 4 |1 5 2 1 1 1 1 1 1 1 1 1 5 1 1 1 6 |
最佳适应度：
12.481801376858641

最大适应度：12.481801376858641
最小适应度：12.481801376858641
平均适应度：12.481801376858641
估计标准差值：NaN
最佳分配：
5 1 3 1 1 5 1 5 5 |1 1 1 2 2 1 |1 5 1 1 1 1 1 1 4 |1 1 1 1 1 5 1 1 1 1 4 |1 5 2 1 1 1 1 1 1 1 1 1 5 1 1 1 6 |
PSO算法运行求解巡逻调度问题耗时：0小时，0分钟，9秒
===============第1个最优解如下===============
最佳适宜值为：
12.63221859833961
最佳迁移代数为：
2999
最佳分配序列为：
6 1 4 1 2 4 1 4 6 |1 1 1 1 3 1 |1 4 1 1 1 1 1 3 3 |1 1 1 1 1 3 1 1 1 1 4 |1 3 2 1 1 1 1 3 1 1 1 1 4 2 1 1 6 |num = 100

最大适应度：12.63221859833961
最小适应度：12.63221859833961
平均适应度：12.63221859833961
估计标准差值：NaN
最佳分配：
6 1 4 1 2 4 1 4 6 |1 1 1 1 3 1 |1 4 1 1 1 1 1 3 3 |1 1 1 1 1 3 1 1 1 1 4 |1 3 2 1 1 1 1 3 1 1 1 1 4 2 1 1 6 |num = 100
BBO算法运行求解巡逻调度问题耗时：0小时，0分钟，12秒
===============第1个最优解如下===============
最佳适宜值为：
12.364569783087326
最佳迁移代数为：
9999
最佳分配序列为：
6 1 3 1 2 5 1 4 6 |1 1 1 1 3 1 |1 4 1 1 1 1 1 2 4 |1 1 1 1 1 3 1 3 1 1 2 |1 3 1 1 1 1 1 2 1 1 1 1 6 2 1 1 6 |num = 100

最大适应度：12.364569783087326
最小适应度：12.364569783087326
平均适应度：12.364569783087326
估计标准差值：NaN
最佳分配：
6 1 3 1 2 5 1 4 6 |1 1 1 1 3 1 |1 4 1 1 1 1 1 2 4 |1 1 1 1 1 3 1 3 1 1 2 |1 3 1 1 1 1 1 2 1 1 1 1 6 2 1 1 6 |num = 100
BBO算法运行求解巡逻调度问题耗时：0小时，0分钟，22秒
===============第1个最优解如下===============
最佳适宜值为：
12.736845962261688
最佳迁移代数为：
9999
最佳分配序列为：
6 1 4 1 3 4 1 3 6 |1 1 1 1 2 1 |1 5 1 1 1 1 1 2 3 |1 1 1 1 1 5 1 1 1 1 3 |1 3 1 1 1 1 1 1 1 1 1 1 6 3 1 1 6 |num = 100

最大适应度：12.736845962261688
最小适应度：12.736845962261688
平均适应度：12.736845962261688
估计标准差值：NaN
最佳分配：
6 1 4 1 3 4 1 3 6 |1 1 1 1 2 1 |1 5 1 1 1 1 1 2 3 |1 1 1 1 1 5 1 1 1 1 3 |1 3 1 1 1 1 1 1 1 1 1 1 6 3 1 1 6 |num = 100
BBO算法运行求解巡逻调度问题耗时：0小时，0分钟，24秒
===============第1个最优解如下===============
最佳适宜值为：
12.754723480139898
最佳迁移代数为：
9999
最佳分配序列为：
5 1 3 1 1 4 1 4 6 |1 1 1 1 3 1 |1 5 1 1 1 1 1 2 4 |1 1 1 1 1 5 1 1 1 1 4 |1 3 2 1 1 1 1 1 1 1 1 1 5 3 1 1 6 |num = 100

最大适应度：12.754723480139898
最小适应度：12.754723480139898
平均适应度：12.754723480139898
估计标准差值：NaN
最佳分配：
5 1 3 1 1 4 1 4 6 |1 1 1 1 3 1 |1 5 1 1 1 1 1 2 4 |1 1 1 1 1 5 1 1 1 1 4 |1 3 2 1 1 1 1 1 1 1 1 1 5 3 1 1 6 |num = 100
BBO算法运行求解巡逻调度问题耗时：0小时，0分钟，27秒
===============第1个最优解如下===============
最佳适宜值为：
12.488618724905475
最佳迁移代数为：
9999
最佳分配序列为：
5 1 4 1 1 5 1 5 6 |1 1 1 1 3 1 |1 3 1 1 1 1 1 1 3 |1 1 1 1 1 5 1 1 1 1 3 |1 4 1 1 1 1 1 3 1 1 1 1 6 2 1 1 6 |num = 100

最大适应度：12.488618724905475
最小适应度：12.488618724905475
平均适应度：12.488618724905475
估计标准差值：NaN
最佳分配：
5 1 4 1 1 5 1 5 6 |1 1 1 1 3 1 |1 3 1 1 1 1 1 1 3 |1 1 1 1 1 5 1 1 1 1 3 |1 4 1 1 1 1 1 3 1 1 1 1 6 2 1 1 6 |num = 100
BBO算法运行求解巡逻调度问题耗时：0小时，0分钟，25秒
===============第1个最优解如下===============
最佳适宜值为：
12.385709875881744
最佳迁移代数为：
9999
最佳分配序列为：
5 1 4 1 1 4 1 4 6 |1 1 1 1 4 1 |1 4 1 1 1 1 1 2 3 |1 1 1 1 1 4 2 1 1 1 4 |1 2 1 1 2 1 2 2 1 1 1 2 5 2 1 1 5 |num = 100

最大适应度：12.385709875881744
最小适应度：12.385709875881744
平均适应度：12.385709875881744
估计标准差值：NaN
最佳分配：
5 1 4 1 1 4 1 4 6 |1 1 1 1 4 1 |1 4 1 1 1 1 1 2 3 |1 1 1 1 1 4 2 1 1 1 4 |1 2 1 1 2 1 2 2 1 1 1 2 5 2 1 1 5 |num = 100
BBO算法运行求解巡逻调度问题耗时：0小时，0分钟，26秒
===============第1个最优解如下===============
最佳适宜值为：
12.55276287195849
最佳迁移代数为：
9999
最佳分配序列为：
6 1 3 1 1 5 1 5 6 |1 1 1 1 3 1 |1 4 1 1 1 1 1 2 4 |1 1 1 1 1 5 1 1 1 1 3 |1 3 1 1 1 1 1 2 1 1 1 1 6 1 1 1 6 |num = 100

最大适应度：12.55276287195849
最小适应度：12.55276287195849
平均适应度：12.55276287195849
估计标准差值：NaN
最佳分配：
6 1 3 1 1 5 1 5 6 |1 1 1 1 3 1 |1 4 1 1 1 1 1 2 4 |1 1 1 1 1 5 1 1 1 1 3 |1 3 1 1 1 1 1 2 1 1 1 1 6 1 1 1 6 |num = 100
BBO算法运行求解巡逻调度问题耗时：0小时，0分钟，25秒
===============第1个最优解如下===============
最佳适宜值为：
12.777874539231044
最佳迁移代数为：
9999
最佳分配序列为：
5 1 4 1 1 5 1 5 5 |1 1 1 1 3 1 |1 4 1 1 1 1 1 2 3 |1 1 1 1 1 4 1 1 1 1 5 |1 3 1 1 1 1 1 2 1 1 1 1 6 2 1 1 6 |num = 100

最大适应度：12.777874539231044
最小适应度：12.777874539231044
平均适应度：12.777874539231044
估计标准差值：NaN
最佳分配：
5 1 4 1 1 5 1 5 5 |1 1 1 1 3 1 |1 4 1 1 1 1 1 2 3 |1 1 1 1 1 4 1 1 1 1 5 |1 3 1 1 1 1 1 2 1 1 1 1 6 2 1 1 6 |num = 100
BBO算法运行求解巡逻调度问题耗时：0小时，0分钟，25秒
===============第1个最优解如下===============
最佳适宜值为：
12.775365617530458
最佳迁移代数为：
9999
最佳分配序列为：
6 1 3 1 1 5 1 4 6 |1 1 1 1 3 1 |1 4 1 1 1 1 1 2 4 |1 1 1 1 1 4 1 1 1 1 4 |1 3 1 1 1 1 1 2 1 1 1 1 6 2 1 1 6 |num = 100

最大适应度：12.775365617530458
最小适应度：12.775365617530458
平均适应度：12.775365617530458
估计标准差值：NaN
最佳分配：
6 1 3 1 1 5 1 4 6 |1 1 1 1 3 1 |1 4 1 1 1 1 1 2 4 |1 1 1 1 1 4 1 1 1 1 4 |1 3 1 1 1 1 1 2 1 1 1 1 6 2 1 1 6 |num = 100
BBO算法运行求解巡逻调度问题耗时：0小时，0分钟，25秒
===============第1个最优解如下===============
最佳适宜值为：
12.561705584878553
最佳迁移代数为：
9999
最佳分配序列为：
6 1 4 1 1 5 1 4 6 |1 1 1 1 3 1 |1 4 1 1 1 1 1 2 2 |1 1 1 1 1 4 2 1 1 1 5 |1 2 2 1 1 1 1 3 1 1 1 1 5 1 1 1 6 |num = 100

最大适应度：12.561705584878553
最小适应度：12.561705584878553
平均适应度：12.561705584878553
估计标准差值：NaN
最佳分配：
6 1 4 1 1 5 1 4 6 |1 1 1 1 3 1 |1 4 1 1 1 1 1 2 2 |1 1 1 1 1 4 2 1 1 1 5 |1 2 2 1 1 1 1 3 1 1 1 1 5 1 1 1 6 |num = 100
BBO算法运行求解巡逻调度问题耗时：0小时，0分钟，27秒
===============第1个最优解如下===============
最佳适宜值为：
12.345097247540918
最佳迁移代数为：
9999
最佳分配序列为：
4 1 4 1 1 4 1 4 6 |1 1 1 1 3 1 |1 4 1 1 1 1 1 2 4 |1 1 1 1 1 5 1 2 1 1 4 |1 3 1 1 1 1 1 2 1 1 1 1 6 2 1 1 6 |num = 100

最大适应度：12.345097247540918
最小适应度：12.345097247540918
平均适应度：12.345097247540918
估计标准差值：NaN
最佳分配：
4 1 4 1 1 4 1 4 6 |1 1 1 1 3 1 |1 4 1 1 1 1 1 2 4 |1 1 1 1 1 5 1 2 1 1 4 |1 3 1 1 1 1 1 2 1 1 1 1 6 2 1 1 6 |num = 100
BBO算法运行求解巡逻调度问题耗时：0小时，0分钟，25秒
