===============第1个最优解如下===============
最佳适宜值为：
12.776239907930409
最佳迁移代数为：
9999
最佳分配序列为：
6 1 4 1 1 5 1 4 6 |1 1 1 1 3 1 |1 4 1 1 1 1 1 1 3 |1 1 1 1 1 5 1 1 1 1 4 |1 4 1 1 1 1 1 2 1 1 1 1 6 1 1 1 6 |num = 100

===============第2个最优解如下===============
最佳适宜值为：
12.862607055515973
最佳迁移代数为：
9999
最佳分配序列为：
6 1 4 1 1 5 1 4 6 |1 1 1 1 3 1 |1 4 1 1 1 1 1 2 3 |1 1 1 1 1 5 1 1 1 1 3 |1 3 1 1 1 1 1 2 1 1 1 1 6 2 1 1 6 |num = 100

===============第3个最优解如下===============
最佳适宜值为：
12.55138775436935
最佳迁移代数为：
9999
最佳分配序列为：
6 1 4 1 1 5 1 3 6 |1 1 1 1 3 1 |1 3 1 1 1 1 1 2 2 |1 1 1 1 1 5 1 1 1 1 4 |1 4 2 1 2 1 1 2 1 1 1 1 5 2 1 1 6 |num = 100

===============第4个最优解如下===============
最佳适宜值为：
12.706786117042386
最佳迁移代数为：
9999
最佳分配序列为：
6 1 4 1 1 5 1 4 6 |1 1 1 1 2 1 |1 4 1 1 1 1 1 1 4 |1 1 1 1 1 6 1 1 1 1 4 |1 3 1 1 1 1 1 2 1 1 1 1 6 1 1 1 6 |num = 100

===============第5个最优解如下===============
最佳适宜值为：
12.688044168266462
最佳迁移代数为：
9999
最佳分配序列为：
6 1 4 1 1 5 1 4 6 |1 1 1 1 2 1 |1 4 1 1 1 1 1 2 3 |1 1 1 1 1 6 1 1 1 1 4 |1 3 1 1 1 1 1 1 1 1 1 1 6 2 1 1 6 |num = 100

===============第6个最优解如下===============
最佳适宜值为：
12.525081667763713
最佳迁移代数为：
9999
最佳分配序列为：
6 1 4 1 1 5 1 5 6 |1 1 1 1 3 1 |1 3 1 1 1 1 1 1 3 |1 1 1 1 1 6 1 1 1 1 3 |1 3 1 1 1 1 1 1 1 1 1 1 6 3 1 1 6 |num = 100

===============第7个最优解如下===============
最佳适宜值为：
12.894322996860838
最佳迁移代数为：
9999
最佳分配序列为：
6 1 5 1 2 4 1 5 5 |1 1 1 1 3 1 |1 4 1 1 1 1 1 1 3 |1 1 1 1 1 4 1 1 1 1 4 |1 3 1 1 1 1 1 1 1 1 1 1 6 3 1 1 6 |num = 100

===============第8个最优解如下===============
最佳适宜值为：
12.54697583857277
最佳迁移代数为：
9999
最佳分配序列为：
6 1 4 1 1 4 1 4 6 |1 1 1 1 3 1 |1 4 1 1 1 1 1 2 3 |1 1 1 1 1 5 1 1 1 1 4 |1 3 1 1 2 1 1 1 1 1 1 1 5 3 1 1 6 |num = 100

===============第9个最优解如下===============
最佳适宜值为：
12.765743014518044
最佳迁移代数为：
9999
最佳分配序列为：
6 1 4 1 1 5 1 5 6 |1 1 1 1 3 1 |1 4 1 1 1 1 1 1 3 |1 1 1 1 1 4 1 1 1 1 5 |1 3 1 1 1 1 1 1 1 1 1 1 6 2 1 1 6 |num = 100

===============第10个最优解如下===============
最佳适宜值为：
12.552590118810427
最佳迁移代数为：
9999
最佳分配序列为：
6 1 3 1 1 6 1 4 6 |1 1 1 1 2 1 |1 5 1 1 1 1 1 1 4 |1 1 1 1 1 6 1 1 1 1 4 |1 4 1 1 1 1 1 2 1 1 1 1 4 1 1 1 6 |num = 100

===============第11个最优解如下===============
最佳适宜值为：
12.41113879778423
最佳迁移代数为：
9999
最佳分配序列为：
6 1 3 1 1 4 1 3 5 |1 1 1 1 3 1 |1 5 1 1 1 1 1 1 4 |1 1 1 1 1 5 2 1 1 1 3 |1 4 1 2 3 1 1 2 1 1 1 1 4 3 1 1 5 |num = 100

===============第12个最优解如下===============
最佳适宜值为：
12.63074882475047
最佳迁移代数为：
9999
最佳分配序列为：
6 1 4 1 3 4 1 4 6 |1 1 1 1 2 1 |1 4 1 1 1 1 1 1 4 |1 1 1 1 1 6 1 1 1 1 2 |1 3 1 1 1 1 1 2 1 1 1 1 5 3 1 1 6 |num = 100

===============第13个最优解如下===============
最佳适宜值为：
12.69570841003373
最佳迁移代数为：
9999
最佳分配序列为：
6 1 6 1 1 5 1 3 6 |1 1 1 1 2 1 |1 4 1 1 1 1 1 2 4 |1 1 1 1 1 5 1 1 1 1 4 |1 3 1 1 1 1 1 2 1 1 1 1 6 1 1 1 5 |num = 100

===============第14个最优解如下===============
最佳适宜值为：
12.52148300941497
最佳迁移代数为：
9999
最佳分配序列为：
6 1 4 1 1 5 1 5 6 |1 1 1 1 3 1 |1 4 1 1 1 1 1 1 3 |1 1 1 1 1 4 1 1 1 1 4 |1 3 1 1 1 1 1 2 1 1 1 1 6 2 1 1 6 |num = 100

===============第15个最优解如下===============
最佳适宜值为：
12.762478275122987
最佳迁移代数为：
9999
最佳分配序列为：
6 1 4 1 1 5 1 5 6 |1 1 1 1 3 1 |1 3 1 1 1 1 1 1 3 |1 1 1 1 1 5 1 1 1 1 3 |1 3 1 1 1 1 1 2 1 1 1 1 6 3 1 1 6 |num = 100

===============第16个最优解如下===============
最佳适宜值为：
12.280657370632296
最佳迁移代数为：
9999
最佳分配序列为：
6 1 4 1 1 5 1 5 6 |1 1 1 1 3 1 |1 5 1 1 1 1 1 1 4 |1 1 1 1 1 6 1 1 1 1 4 |1 3 2 1 1 1 1 2 1 1 1 1 4 3 1 1 2 |num = 100

===============第17个最优解如下===============
最佳适宜值为：
12.856677553205529
最佳迁移代数为：
9999
最佳分配序列为：
6 1 5 1 1 5 1 5 6 |1 1 1 1 3 1 |1 3 1 1 1 1 1 2 3 |1 1 1 1 1 4 1 1 1 1 4 |1 3 1 1 1 1 1 2 1 1 1 1 6 1 1 1 6 |num = 100

===============第18个最优解如下===============
最佳适宜值为：
12.739864664956883
最佳迁移代数为：
9999
最佳分配序列为：
5 1 4 1 1 5 1 5 6 |1 1 1 1 3 1 |1 4 1 1 1 1 1 4 3 |1 1 1 1 1 4 1 1 1 1 3 |1 2 1 1 1 1 1 2 1 1 1 1 5 3 1 1 6 |num = 100

===============第19个最优解如下===============
最佳适宜值为：
12.763565941127125
最佳迁移代数为：
9999
最佳分配序列为：
6 1 3 1 1 5 1 5 6 |1 1 1 1 2 1 |1 5 1 1 1 1 1 2 3 |1 1 1 1 1 6 1 1 1 1 4 |1 3 1 1 1 1 1 1 1 1 1 1 6 1 1 1 6 |num = 100

===============第20个最优解如下===============
最佳适宜值为：
12.786059411835648
最佳迁移代数为：
9999
最佳分配序列为：
6 1 4 1 1 5 1 4 6 |1 1 1 1 3 1 |1 4 1 1 1 1 1 1 4 |1 1 1 1 1 6 1 1 1 1 4 |1 3 1 1 1 1 1 1 1 1 1 1 5 2 1 1 6 |num = 100

===============第21个最优解如下===============
最佳适宜值为：
13.001653720781421
最佳迁移代数为：
9999
最佳分配序列为：
6 1 3 1 1 5 1 4 6 |1 1 1 1 3 1 |1 4 1 1 1 1 1 1 4 |1 1 1 1 1 5 1 1 1 1 4 |1 3 1 1 1 1 1 2 1 1 1 1 6 2 1 1 6 |num = 100

===============第22个最优解如下===============
最佳适宜值为：
12.788611527137196
最佳迁移代数为：
9999
最佳分配序列为：
6 1 4 1 1 5 1 4 6 |1 1 1 1 3 1 |1 4 1 1 1 1 1 1 3 |1 1 1 1 1 6 1 1 1 1 4 |1 3 1 1 1 1 1 2 1 1 1 1 6 1 1 1 6 |num = 100

===============第23个最优解如下===============
最佳适宜值为：
12.274285262369066
最佳迁移代数为：
9999
最佳分配序列为：
5 1 2 1 1 4 1 4 6 |1 1 1 1 2 1 |2 3 1 1 1 1 1 3 3 |1 1 1 1 1 4 2 1 1 1 3 |1 2 2 1 1 2 3 2 1 1 1 1 6 3 1 1 6 |num = 100

===============第24个最优解如下===============
最佳适宜值为：
12.654483504267297
最佳迁移代数为：
9999
最佳分配序列为：
6 1 4 1 1 4 1 5 6 |1 1 1 1 3 1 |1 4 1 1 1 1 1 1 4 |1 1 1 1 1 6 1 1 1 1 4 |1 3 1 1 1 1 1 2 1 1 1 1 5 1 1 1 6 |num = 100

===============第25个最优解如下===============
最佳适宜值为：
12.308214164089334
最佳迁移代数为：
9999
最佳分配序列为：
5 1 3 1 2 5 1 3 6 |1 1 1 1 3 1 |1 3 1 1 1 1 2 3 3 |1 1 1 1 1 3 1 3 1 1 4 |1 2 3 1 1 1 1 3 1 1 1 2 5 2 1 1 4 |num = 100

===============第26个最优解如下===============
最佳适宜值为：
12.32928937564496
最佳迁移代数为：
9999
最佳分配序列为：
6 1 3 1 1 5 1 5 6 |1 1 1 1 3 1 |1 4 1 1 1 1 1 1 4 |1 1 1 1 1 5 1 1 1 1 4 |1 3 1 1 1 1 1 1 1 1 1 1 6 2 1 1 6 |num = 100

===============第27个最优解如下===============
最佳适宜值为：
12.702885371906891
最佳迁移代数为：
9999
最佳分配序列为：
6 1 4 1 1 5 1 4 6 |1 1 1 1 3 1 |1 4 1 1 1 1 1 1 3 |1 1 1 1 1 5 1 1 1 1 4 |1 3 1 1 1 1 1 1 1 1 1 1 6 3 1 1 6 |num = 100

===============第28个最优解如下===============
最佳适宜值为：
12.572025030191401
最佳迁移代数为：
9999
最佳分配序列为：
6 1 4 1 1 5 1 4 6 |1 1 1 1 2 1 |1 4 1 1 1 1 1 1 4 |1 1 1 1 1 6 1 1 1 1 5 |1 3 1 1 1 1 1 1 1 1 1 1 6 1 1 1 6 |num = 100

===============第29个最优解如下===============
最佳适宜值为：
12.44629367542731
最佳迁移代数为：
9999
最佳分配序列为：
5 1 2 1 1 5 1 3 5 |1 1 1 1 2 2 |1 3 1 1 1 1 2 1 3 |1 1 1 1 1 4 1 2 1 1 4 |1 3 4 1 2 1 2 2 1 1 1 2 5 2 1 1 6 |num = 100

===============第30个最优解如下===============
最佳适宜值为：
12.518324297814782
最佳迁移代数为：
9999
最佳分配序列为：
6 1 4 1 1 5 1 4 5 |1 1 1 1 3 1 |1 4 1 1 1 1 1 2 3 |1 1 1 1 1 5 1 1 1 1 5 |1 3 1 1 1 1 1 1 1 1 1 1 6 2 1 1 6 |num = 100

===============第31个最优解如下===============
最佳适宜值为：
12.70253169321119
最佳迁移代数为：
9999
最佳分配序列为：
6 1 3 1 1 4 1 4 6 |1 1 1 1 3 1 |1 4 1 1 1 1 1 1 4 |1 1 1 1 1 6 1 1 1 1 3 |1 3 1 1 1 1 1 2 1 1 1 1 6 3 1 1 6 |num = 100

===============第32个最优解如下===============
最佳适宜值为：
12.498563622155126
最佳迁移代数为：
9999
最佳分配序列为：
6 1 5 1 1 5 1 3 6 |1 1 1 1 3 1 |1 4 1 1 1 1 1 2 3 |1 1 1 1 1 5 1 1 1 1 3 |1 3 1 1 1 1 1 1 1 1 1 1 6 3 1 1 6 |num = 100

===============第33个最优解如下===============
最佳适宜值为：
12.677400717051384
最佳迁移代数为：
9999
最佳分配序列为：
6 1 4 1 1 5 1 3 6 |1 1 1 1 3 1 |1 4 1 1 1 1 1 1 3 |1 1 1 1 1 5 1 1 1 1 4 |1 3 2 1 1 1 1 3 1 1 1 1 5 2 1 1 6 |num = 100

===============第34个最优解如下===============
最佳适宜值为：
12.605410631267155
最佳迁移代数为：
9999
最佳分配序列为：
6 1 3 1 1 5 1 4 6 |1 1 1 1 3 1 |1 4 1 1 1 1 1 1 3 |1 1 1 1 1 6 1 1 1 1 4 |1 3 1 1 1 1 1 2 1 1 1 1 6 2 1 1 6 |num = 100

===============第35个最优解如下===============
最佳适宜值为：
12.81144370815708
最佳迁移代数为：
9999
最佳分配序列为：
6 1 4 1 1 4 1 4 6 |1 1 1 1 3 1 |1 4 1 1 1 1 1 1 1 |1 1 1 1 1 5 2 1 1 1 5 |1 3 1 1 1 1 1 2 1 1 1 1 6 3 1 1 6 |num = 100

===============第36个最优解如下===============
最佳适宜值为：
12.674625944704736
最佳迁移代数为：
9999
最佳分配序列为：
6 1 4 1 1 5 1 4 6 |1 1 1 1 2 1 |1 3 1 1 1 1 1 2 3 |1 1 1 1 1 5 1 1 1 1 3 |1 4 2 1 1 1 2 1 1 1 1 1 6 2 1 1 6 |num = 100

===============第37个最优解如下===============
最佳适宜值为：
12.922114971828657
最佳迁移代数为：
9999
最佳分配序列为：
6 1 4 1 1 5 1 4 6 |1 1 1 1 3 1 |1 4 1 1 1 1 1 2 4 |1 1 1 1 1 5 1 1 1 1 3 |1 3 1 1 1 1 1 1 1 1 1 1 6 2 1 1 6 |num = 100

===============第38个最优解如下===============
最佳适宜值为：
12.683301285020484
最佳迁移代数为：
9999
最佳分配序列为：
6 1 3 1 1 4 1 5 6 |1 1 1 1 2 1 |1 4 1 1 1 1 1 2 4 |1 1 1 1 1 5 1 1 1 1 3 |1 3 1 1 1 1 1 2 1 1 1 1 6 3 1 1 6 |num = 100

===============第39个最优解如下===============
最佳适宜值为：
12.664209355231009
最佳迁移代数为：
9999
最佳分配序列为：
6 1 4 1 1 5 1 5 6 |1 1 1 1 3 1 |1 4 1 1 1 1 1 1 3 |1 1 1 1 1 5 1 1 1 1 4 |1 3 1 1 1 1 1 2 1 1 1 1 6 1 1 1 6 |num = 100

===============第40个最优解如下===============
最佳适宜值为：
12.72469701949354
最佳迁移代数为：
9999
最佳分配序列为：
6 1 3 1 2 4 1 3 6 |1 1 1 1 3 1 |1 4 1 1 1 1 1 2 3 |1 1 1 1 1 6 1 1 1 1 4 |1 3 1 1 2 1 1 2 1 1 1 1 5 2 1 1 6 |num = 100

===============第41个最优解如下===============
最佳适宜值为：
12.548676583049714
最佳迁移代数为：
9999
最佳分配序列为：
6 1 4 1 1 6 1 4 6 |1 1 1 1 3 1 |1 3 1 1 1 1 1 2 3 |1 1 1 1 1 4 1 1 1 1 4 |1 3 3 1 1 1 1 2 1 1 1 1 5 1 1 1 6 |num = 100

===============第42个最优解如下===============
最佳适宜值为：
12.860883150003191
最佳迁移代数为：
9999
最佳分配序列为：
6 1 4 1 1 5 1 5 6 |1 1 1 1 3 1 |1 4 1 1 1 1 1 1 3 |1 1 1 1 1 5 1 1 1 1 3 |1 3 1 1 1 1 1 2 1 1 1 1 6 2 1 1 6 |num = 100

===============第43个最优解如下===============
最佳适宜值为：
12.71279913625103
最佳迁移代数为：
9999
最佳分配序列为：
6 1 4 1 1 5 1 4 6 |1 1 1 1 2 1 |1 4 1 1 1 1 1 1 3 |1 1 1 1 1 6 1 1 1 1 4 |1 3 1 1 1 1 1 2 1 1 1 1 6 2 1 1 6 |num = 100

===============第44个最优解如下===============
最佳适宜值为：
12.556821491033
最佳迁移代数为：
9999
最佳分配序列为：
6 1 3 1 1 4 1 5 6 |1 1 1 1 3 1 |1 3 1 1 1 1 1 1 4 |1 1 1 1 1 5 1 1 1 1 5 |1 3 1 1 1 1 1 2 1 1 1 1 6 2 1 1 6 |num = 100

===============第45个最优解如下===============
最佳适宜值为：
12.91025924750468
最佳迁移代数为：
9999
最佳分配序列为：
5 1 4 1 1 5 1 4 6 |1 1 1 1 3 1 |1 4 1 1 1 1 1 1 3 |1 1 1 1 1 6 1 1 1 1 4 |1 3 1 1 1 1 1 1 1 1 1 1 6 3 1 1 6 |num = 100

===============第46个最优解如下===============
最佳适宜值为：
12.79216992995435
最佳迁移代数为：
9999
最佳分配序列为：
6 1 4 1 1 4 1 5 6 |1 1 1 1 2 1 |1 3 1 1 1 1 1 2 3 |1 1 1 1 1 5 1 1 1 1 4 |1 4 1 1 1 1 1 2 1 1 1 1 6 2 1 1 6 |num = 100

===============第47个最优解如下===============
最佳适宜值为：
12.617182360687735
最佳迁移代数为：
9999
最佳分配序列为：
6 1 5 1 1 4 1 5 6 |1 1 1 1 3 1 |1 3 1 1 1 1 1 2 3 |1 1 1 1 1 4 1 1 1 1 4 |1 2 1 1 1 1 1 2 1 1 1 1 6 3 1 1 6 |num = 100

===============第48个最优解如下===============
最佳适宜值为：
12.447547685706393
最佳迁移代数为：
9999
最佳分配序列为：
6 1 3 1 1 5 1 4 5 |1 1 1 1 2 1 |1 5 1 1 1 1 1 2 4 |1 1 1 1 1 5 1 1 1 1 4 |1 3 1 1 1 1 1 1 1 1 1 1 6 3 1 1 6 |num = 100

===============第49个最优解如下===============
最佳适宜值为：
12.585035318745277
最佳迁移代数为：
9999
最佳分配序列为：
6 1 3 1 1 5 1 4 6 |1 1 1 1 3 1 |1 4 1 1 1 1 1 2 3 |1 1 1 1 1 5 1 1 1 1 4 |1 3 1 1 1 1 1 3 1 1 1 1 6 1 1 1 6 |num = 100

===============第50个最优解如下===============
最佳适宜值为：
12.511540837005263
最佳迁移代数为：
9999
最佳分配序列为：
6 1 4 1 1 4 1 3 6 |1 1 1 1 2 1 |1 4 1 1 1 1 1 2 4 |1 1 1 1 1 5 1 1 1 1 4 |1 3 2 1 1 1 1 2 1 1 1 1 6 2 1 1 6 |num = 100

===============第51个最优解如下===============
最佳适宜值为：
12.710853780722875
最佳迁移代数为：
9999
最佳分配序列为：
6 1 4 1 1 5 1 4 6 |1 1 1 1 3 1 |1 4 1 1 1 1 1 1 3 |1 1 1 1 1 5 1 2 1 1 4 |1 2 1 1 1 1 1 2 1 1 1 1 6 2 1 1 6 |num = 100

===============第52个最优解如下===============
最佳适宜值为：
12.703178286522107
最佳迁移代数为：
9999
最佳分配序列为：
6 1 4 1 1 5 1 5 6 |1 1 1 1 4 1 |1 2 1 1 1 1 1 1 3 |1 1 1 1 1 6 1 1 1 1 4 |1 3 1 1 1 1 1 2 1 1 1 1 5 2 1 1 6 |num = 100

===============第53个最优解如下===============
最佳适宜值为：
12.538765684127243
最佳迁移代数为：
9999
最佳分配序列为：
4 1 4 1 2 4 1 6 6 |1 1 1 1 2 1 |1 3 1 1 1 1 1 2 4 |1 1 1 1 1 5 2 1 1 1 2 |1 3 2 1 1 1 1 1 1 1 1 1 6 3 1 1 6 |num = 100

===============第54个最优解如下===============
最佳适宜值为：
12.295908590227182
最佳迁移代数为：
9999
最佳分配序列为：
6 1 3 1 2 4 1 3 5 |1 1 1 1 3 1 |1 2 1 1 1 1 1 3 4 |1 1 1 1 1 4 1 1 1 1 5 |1 3 2 1 3 1 1 2 1 1 1 2 5 2 1 1 5 |num = 100

===============第55个最优解如下===============
最佳适宜值为：
12.40522621149061
最佳迁移代数为：
9999
最佳分配序列为：
6 1 3 1 2 5 1 5 6 |1 1 1 1 3 1 |1 4 1 1 1 1 1 1 3 |1 1 1 1 1 5 2 1 1 1 2 |1 3 1 1 1 1 1 2 1 1 1 2 5 2 1 1 6 |num = 100

===============第56个最优解如下===============
最佳适宜值为：
12.828832041867125
最佳迁移代数为：
9999
最佳分配序列为：
6 1 4 1 1 5 1 5 6 |1 1 1 1 2 1 |1 4 1 1 1 1 1 1 3 |1 1 1 1 1 6 1 1 1 1 4 |1 3 1 1 1 1 1 2 1 1 1 1 6 1 1 1 6 |num = 100

===============第57个最优解如下===============
最佳适宜值为：
12.465389017537998
最佳迁移代数为：
9999
最佳分配序列为：
6 1 3 1 1 5 1 4 6 |1 1 1 1 3 2 |1 5 1 1 1 1 1 1 4 |1 1 1 1 1 6 1 1 1 1 2 |1 2 2 1 1 1 1 2 1 1 1 1 5 2 1 1 6 |num = 100

===============第58个最优解如下===============
最佳适宜值为：
12.430188975377877
最佳迁移代数为：
9999
最佳分配序列为：
6 1 4 1 1 5 1 3 6 |1 2 1 1 2 1 |1 3 1 1 1 1 1 2 3 |1 1 1 1 1 6 1 1 1 1 3 |1 4 1 1 1 1 2 2 1 1 1 2 4 2 1 1 6 |num = 100

===============第59个最优解如下===============
最佳适宜值为：
12.648121659326321
最佳迁移代数为：
9999
最佳分配序列为：
5 1 5 1 1 4 1 3 5 |1 1 1 1 3 1 |1 4 1 1 1 1 2 2 4 |1 1 1 1 1 5 1 2 1 1 4 |1 3 1 1 1 1 1 3 1 1 1 1 5 2 1 1 5 |num = 100

===============第60个最优解如下===============
最佳适宜值为：
12.795774348555831
最佳迁移代数为：
9999
最佳分配序列为：
6 1 3 1 2 4 1 4 6 |1 1 1 1 3 1 |1 4 1 1 1 1 1 2 4 |1 1 1 1 1 4 1 1 1 1 5 |1 3 1 1 1 1 1 1 1 1 1 1 6 2 1 1 6 |num = 100

最大适应度：13.001653720781421
最小适应度：12.274285262369066
平均适应度：12.63739466853267
估计标准差值：0.1722322460315498
最佳分配：
6 1 3 1 1 5 1 4 6 |1 1 1 1 3 1 |1 4 1 1 1 1 1 1 4 |1 1 1 1 1 5 1 1 1 1 4 |1 3 1 1 1 1 1 2 1 1 1 1 6 2 1 1 6 |num = 100
BBO算法运行求解巡逻调度问题耗时：0小时，35分钟，12秒
