===============第1个最优解如下===============
最佳适宜值为：
12.468357063498273
最佳迁移代数为：
999
最佳分配序列为：
6 1 4 1 1 5 1 5 5 |1 2 1 1 2 1 |1 3 1 1 1 1 1 1 3 |1 1 1 1 1 5 2 1 1 1 4 |1 3 1 1 2 1 1 2 1 1 1 1 5 3 1 1 5 |num = 100

===============第2个最优解如下===============
最佳适宜值为：
12.63023085083394
最佳迁移代数为：
999
最佳分配序列为：
6 1 4 1 1 5 1 3 6 |1 1 1 1 3 1 |1 5 1 1 1 1 1 1 3 |1 1 1 1 1 5 1 1 1 1 5 |1 3 1 1 1 1 1 1 1 1 1 1 6 2 1 1 6 |num = 100

===============第3个最优解如下===============
最佳适宜值为：
12.624238542400052
最佳迁移代数为：
999
最佳分配序列为：
4 1 4 1 1 4 1 5 6 |1 1 1 1 3 1 |1 4 1 1 1 1 1 1 3 |1 1 1 1 1 6 1 1 1 1 3 |1 3 3 1 1 1 1 2 1 1 1 1 6 2 1 1 6 |num = 100

===============第4个最优解如下===============
最佳适宜值为：
12.737500996747976
最佳迁移代数为：
999
最佳分配序列为：
6 1 4 1 1 5 1 5 6 |1 1 1 1 3 1 |1 4 1 1 1 1 1 1 2 |1 1 1 1 1 5 1 1 1 1 4 |1 3 1 1 1 1 1 1 1 1 1 1 6 3 1 1 6 |num = 100

===============第5个最优解如下===============
最佳适宜值为：
12.733081720744634
最佳迁移代数为：
999
最佳分配序列为：
6 1 5 1 1 5 1 3 6 |1 1 1 1 3 1 |1 4 1 1 1 1 1 1 3 |1 1 1 1 1 5 1 1 1 1 4 |1 4 2 1 1 1 1 1 1 1 1 1 6 1 1 1 6 |num = 100

===============第6个最优解如下===============
最佳适宜值为：
12.458226181451115
最佳迁移代数为：
999
最佳分配序列为：
6 1 3 1 2 4 1 4 6 |1 1 1 1 3 1 |1 4 1 1 1 1 2 1 5 |1 1 1 1 1 2 1 1 1 1 3 |1 4 1 1 1 1 1 2 1 1 1 2 6 2 1 1 6 |num = 100

===============第7个最优解如下===============
最佳适宜值为：
12.77699046525704
最佳迁移代数为：
999
最佳分配序列为：
6 1 5 1 1 4 1 4 6 |1 1 1 1 3 1 |1 3 1 1 1 1 1 1 3 |1 1 1 1 1 6 1 1 1 1 4 |1 3 1 1 1 1 1 2 1 1 1 1 6 2 1 1 6 |num = 100

===============第8个最优解如下===============
最佳适宜值为：
12.798813970841517
最佳迁移代数为：
999
最佳分配序列为：
6 1 4 1 1 5 1 5 6 |1 1 1 1 3 1 |1 4 1 1 1 1 1 1 3 |1 1 1 1 1 6 1 1 1 1 4 |1 3 1 1 1 1 1 1 1 1 1 1 6 1 1 1 6 |num = 100

===============第9个最优解如下===============
最佳适宜值为：
12.658607427530495
最佳迁移代数为：
999
最佳分配序列为：
6 1 4 1 1 5 1 5 6 |1 1 1 1 4 1 |1 3 1 1 1 1 1 1 4 |1 1 1 1 1 5 1 1 1 1 3 |1 3 1 1 1 1 1 2 1 1 1 1 6 2 1 1 5 |num = 100

===============第10个最优解如下===============
最佳适宜值为：
12.373451507884822
最佳迁移代数为：
999
最佳分配序列为：
5 1 2 1 1 5 1 5 6 |1 1 1 1 3 1 |1 3 1 1 1 1 1 2 4 |1 1 1 1 1 4 1 1 1 1 5 |1 3 1 1 1 1 1 3 1 1 1 1 5 3 1 1 6 |num = 100

===============第11个最优解如下===============
最佳适宜值为：
12.458863555575697
最佳迁移代数为：
999
最佳分配序列为：
5 1 3 1 3 4 1 4 6 |1 1 1 1 4 1 |1 4 1 1 1 1 2 3 2 |1 1 1 1 1 2 1 1 1 1 4 |1 3 2 1 1 1 2 2 1 1 1 1 6 3 1 1 4 |num = 100

===============第12个最优解如下===============
最佳适宜值为：
12.532316339537886
最佳迁移代数为：
999
最佳分配序列为：
6 1 3 1 1 5 1 5 6 |1 1 1 1 3 1 |1 4 1 1 1 1 1 2 3 |1 1 1 1 1 5 1 1 1 1 3 |1 3 1 1 1 1 1 2 1 1 1 1 5 3 1 1 6 |num = 100

===============第13个最优解如下===============
最佳适宜值为：
12.623528412746595
最佳迁移代数为：
999
最佳分配序列为：
6 1 4 1 1 5 1 5 6 |1 1 1 1 1 1 |1 5 1 1 1 1 1 1 4 |1 1 1 1 1 6 1 1 1 1 3 |1 3 1 1 1 1 1 1 1 1 1 1 6 2 1 1 6 |num = 100

===============第14个最优解如下===============
最佳适宜值为：
12.13730598928239
最佳迁移代数为：
999
最佳分配序列为：
5 1 5 1 3 4 2 3 6 |3 1 1 1 3 2 |1 4 1 1 1 1 1 2 2 |1 1 1 1 1 4 1 1 1 1 3 |1 3 2 1 2 1 1 1 1 1 1 1 5 2 1 1 4 |num = 100

===============第15个最优解如下===============
最佳适宜值为：
12.533696832811572
最佳迁移代数为：
999
最佳分配序列为：
6 1 4 1 1 5 1 5 6 |1 1 1 1 3 1 |1 4 1 1 1 1 1 2 3 |1 1 1 1 1 5 1 1 1 1 3 |1 3 1 1 1 1 1 2 1 1 1 1 6 1 1 1 6 |num = 100

===============第16个最优解如下===============
最佳适宜值为：
12.612489985644814
最佳迁移代数为：
999
最佳分配序列为：
6 1 4 1 1 4 1 6 6 |1 1 1 1 3 1 |1 5 1 1 1 1 1 1 3 |1 1 1 1 1 5 1 1 1 1 4 |1 2 1 1 1 1 1 1 1 1 1 1 6 2 1 1 6 |num = 100

===============第17个最优解如下===============
最佳适宜值为：
12.60624736719333
最佳迁移代数为：
999
最佳分配序列为：
6 1 3 1 1 5 1 4 6 |1 2 1 1 2 1 |1 4 1 1 1 1 1 2 3 |1 1 1 1 1 4 1 2 1 1 4 |1 4 1 1 1 1 1 1 1 1 1 1 5 3 1 1 6 |num = 100

===============第18个最优解如下===============
最佳适宜值为：
12.816146843437627
最佳迁移代数为：
999
最佳分配序列为：
6 1 4 1 1 5 1 4 6 |1 1 1 1 3 1 |1 4 1 1 1 1 1 1 4 |1 1 1 1 1 6 1 1 1 1 3 |1 3 1 1 1 1 1 1 1 1 1 1 6 2 1 1 6 |num = 100

===============第19个最优解如下===============
最佳适宜值为：
12.42515164173418
最佳迁移代数为：
999
最佳分配序列为：
6 1 3 1 1 4 1 4 6 |1 1 1 1 2 3 |1 3 1 1 1 1 1 2 3 |1 1 1 1 1 5 1 1 1 1 3 |1 3 1 1 2 1 1 2 1 1 1 1 6 3 1 1 6 |num = 100

===============第20个最优解如下===============
最佳适宜值为：
12.581499712433708
最佳迁移代数为：
999
最佳分配序列为：
6 1 4 1 1 5 1 3 6 |1 1 1 1 3 1 |1 4 1 1 1 1 1 2 3 |1 1 1 1 1 6 1 1 1 1 4 |1 3 1 1 1 1 1 2 1 1 1 1 6 1 1 1 6 |num = 100

===============第21个最优解如下===============
最佳适宜值为：
12.16334353347092
最佳迁移代数为：
999
最佳分配序列为：
4 1 4 1 2 3 1 2 6 |1 1 1 1 3 1 |1 3 1 1 1 1 1 2 4 |1 1 3 1 1 3 2 2 2 1 5 |1 2 1 1 1 1 2 1 1 2 1 1 6 2 1 1 6 |num = 100

===============第22个最优解如下===============
最佳适宜值为：
12.551220664443127
最佳迁移代数为：
999
最佳分配序列为：
6 1 4 1 2 5 1 4 6 |1 1 1 1 3 1 |1 4 1 1 1 1 1 3 3 |1 1 1 1 1 6 1 1 1 1 3 |1 3 1 1 1 1 1 1 1 1 1 1 4 2 1 1 6 |num = 100

===============第23个最优解如下===============
最佳适宜值为：
12.36643746599794
最佳迁移代数为：
999
最佳分配序列为：
5 1 4 1 2 6 1 4 6 |1 2 1 1 3 1 |1 4 1 1 1 1 1 1 3 |1 1 1 1 1 4 1 1 1 1 4 |1 4 1 1 1 1 1 1 1 1 1 1 5 2 1 1 6 |num = 100

===============第24个最优解如下===============
最佳适宜值为：
12.708783211613765
最佳迁移代数为：
999
最佳分配序列为：
6 1 4 1 1 5 1 4 6 |1 1 1 1 3 1 |1 4 1 1 1 1 1 1 3 |1 1 1 1 1 5 1 1 1 1 4 |1 3 1 1 1 1 1 2 1 1 1 1 6 2 1 1 6 |num = 100

===============第25个最优解如下===============
最佳适宜值为：
12.673940245032467
最佳迁移代数为：
999
最佳分配序列为：
6 1 3 1 1 4 1 5 6 |1 1 1 1 3 2 |1 4 1 1 1 1 1 2 3 |1 1 1 1 1 4 2 1 1 1 3 |1 2 2 1 1 1 1 2 1 1 1 1 6 2 1 1 6 |num = 100

===============第26个最优解如下===============
最佳适宜值为：
12.662006378257956
最佳迁移代数为：
999
最佳分配序列为：
6 1 4 1 1 5 1 5 6 |1 1 1 1 2 1 |1 5 1 1 1 1 1 1 3 |1 1 1 1 1 5 1 1 1 1 4 |1 3 1 1 1 1 1 2 1 1 1 1 6 1 1 1 6 |num = 100

===============第27个最优解如下===============
最佳适宜值为：
12.681595110888573
最佳迁移代数为：
999
最佳分配序列为：
6 1 4 1 1 5 1 4 6 |1 1 1 1 3 1 |1 5 1 1 1 1 1 1 3 |1 1 1 1 1 6 1 1 1 1 4 |1 3 1 1 1 1 1 1 1 1 1 1 5 2 1 1 6 |num = 100

===============第28个最优解如下===============
最佳适宜值为：
12.689875325750364
最佳迁移代数为：
999
最佳分配序列为：
6 1 4 1 1 5 1 5 6 |1 1 1 1 3 1 |1 4 1 1 1 1 1 1 3 |1 1 1 1 1 6 1 1 1 1 4 |1 3 1 1 1 1 1 1 1 1 1 1 6 1 1 1 6 |num = 100

===============第29个最优解如下===============
最佳适宜值为：
12.89686644772818
最佳迁移代数为：
999
最佳分配序列为：
6 1 5 1 1 5 1 4 6 |1 1 1 1 2 1 |1 4 1 1 1 1 1 1 3 |1 1 1 1 1 5 1 1 1 1 4 |1 3 1 1 1 1 1 1 1 1 1 1 6 3 1 1 6 |num = 100

===============第30个最优解如下===============
最佳适宜值为：
12.706618643147031
最佳迁移代数为：
999
最佳分配序列为：
6 1 3 1 1 4 1 4 6 |1 1 1 1 3 1 |1 3 1 1 1 1 1 2 2 |1 1 1 1 1 5 1 1 1 1 4 |1 4 2 1 1 1 1 2 1 1 1 1 6 3 1 1 6 |num = 100

===============第31个最优解如下===============
最佳适宜值为：
12.584208905345175
最佳迁移代数为：
999
最佳分配序列为：
6 1 4 1 1 5 1 4 6 |1 1 1 1 3 1 |1 4 1 1 1 1 1 1 4 |1 1 1 1 1 5 1 1 1 1 5 |1 3 1 1 1 1 1 2 1 1 1 1 4 2 1 1 6 |num = 100

===============第32个最优解如下===============
最佳适宜值为：
12.523999589612757
最佳迁移代数为：
999
最佳分配序列为：
6 1 3 1 1 5 1 5 6 |1 1 1 1 3 1 |1 4 1 1 1 1 1 3 4 |1 1 1 1 1 5 1 1 1 1 4 |1 3 1 1 1 1 1 2 1 1 1 1 3 2 1 1 6 |num = 100

===============第33个最优解如下===============
最佳适宜值为：
12.458694286707809
最佳迁移代数为：
999
最佳分配序列为：
5 1 4 1 1 4 1 4 6 |1 1 1 1 3 3 |1 4 1 1 1 1 1 1 2 |1 1 1 1 1 5 1 1 1 1 4 |1 3 1 1 2 1 1 2 1 1 1 1 6 2 1 1 6 |num = 100

===============第34个最优解如下===============
最佳适宜值为：
12.439571978261169
最佳迁移代数为：
999
最佳分配序列为：
6 1 3 1 1 4 1 5 6 |1 2 1 1 2 1 |1 3 1 1 1 1 3 2 4 |1 1 1 1 1 4 1 2 1 1 3 |1 3 2 1 1 1 1 2 1 1 1 1 5 1 1 1 6 |num = 100

===============第35个最优解如下===============
最佳适宜值为：
12.703308951047275
最佳迁移代数为：
999
最佳分配序列为：
6 1 3 1 1 5 1 4 6 |1 1 1 1 2 1 |1 5 1 1 1 1 1 1 3 |1 1 1 1 1 6 1 1 1 1 3 |1 3 2 1 1 1 1 2 1 1 1 1 6 2 1 1 6 |num = 100

===============第36个最优解如下===============
最佳适宜值为：
12.41904483003617
最佳迁移代数为：
999
最佳分配序列为：
4 1 4 1 1 4 1 4 5 |1 1 1 1 3 1 |1 3 1 1 1 1 2 2 4 |1 1 1 1 1 4 2 1 1 1 5 |1 3 1 1 2 1 1 2 1 1 1 1 6 2 1 1 6 |num = 100

===============第37个最优解如下===============
最佳适宜值为：
12.534715710648044
最佳迁移代数为：
999
最佳分配序列为：
5 1 5 1 1 5 1 4 6 |1 1 1 1 3 1 |1 5 1 1 1 1 1 2 3 |1 1 1 1 1 4 1 1 1 1 3 |1 3 1 1 1 1 1 2 1 1 1 1 5 3 1 1 6 |num = 100

===============第38个最优解如下===============
最佳适宜值为：
12.525111352336275
最佳迁移代数为：
999
最佳分配序列为：
6 1 4 1 1 5 1 4 6 |1 1 1 1 3 1 |1 4 1 1 1 1 1 1 3 |1 1 1 1 1 6 1 1 1 1 2 |1 4 1 1 2 1 1 2 1 1 1 1 4 3 1 1 6 |num = 100

===============第39个最优解如下===============
最佳适宜值为：
12.805177584980786
最佳迁移代数为：
999
最佳分配序列为：
6 1 4 1 1 5 1 4 6 |1 1 1 1 3 1 |1 4 1 1 1 1 1 2 3 |1 1 1 1 1 5 1 1 1 1 5 |1 3 1 1 1 1 1 1 1 1 1 1 6 1 1 1 6 |num = 100

===============第40个最优解如下===============
最佳适宜值为：
12.363582381934819
最佳迁移代数为：
999
最佳分配序列为：
6 1 3 1 1 5 1 5 6 |1 1 1 1 3 1 |1 4 1 1 1 1 1 2 2 |1 1 1 1 1 6 1 1 1 1 3 |1 3 2 1 1 1 1 2 1 1 1 1 6 1 1 1 6 |num = 100

===============第41个最优解如下===============
最佳适宜值为：
12.557585377773494
最佳迁移代数为：
999
最佳分配序列为：
6 1 4 1 1 5 1 5 6 |1 1 1 1 3 1 |1 4 1 1 1 1 1 1 4 |1 1 1 1 1 5 1 1 1 1 4 |1 3 1 1 1 1 1 2 1 1 1 1 6 2 1 1 4 |num = 100

===============第42个最优解如下===============
最佳适宜值为：
12.700915936928975
最佳迁移代数为：
999
最佳分配序列为：
6 1 4 1 1 5 1 4 6 |1 1 1 1 3 1 |1 4 1 1 1 1 1 1 3 |1 1 1 1 1 6 1 1 1 1 4 |1 3 1 1 1 1 1 1 1 1 1 1 6 2 1 1 6 |num = 100

===============第43个最优解如下===============
最佳适宜值为：
12.70144094082064
最佳迁移代数为：
999
最佳分配序列为：
6 1 4 1 1 5 1 4 6 |1 1 1 1 2 1 |1 4 1 1 1 1 1 2 3 |1 1 1 1 1 6 1 2 1 1 4 |1 3 1 1 1 1 1 1 1 1 1 1 5 2 1 1 6 |num = 100

===============第44个最优解如下===============
最佳适宜值为：
12.68131632633761
最佳迁移代数为：
999
最佳分配序列为：
5 1 5 1 1 5 1 3 6 |1 1 1 1 3 1 |1 4 1 1 1 1 1 2 3 |1 1 1 1 1 5 1 1 1 1 3 |1 3 1 1 1 1 1 2 1 1 1 1 6 3 1 1 6 |num = 100

===============第45个最优解如下===============
最佳适宜值为：
12.770435464459142
最佳迁移代数为：
999
最佳分配序列为：
6 1 3 1 1 5 1 4 6 |1 1 1 1 3 1 |1 4 1 1 1 1 1 2 4 |1 1 1 1 1 5 1 1 1 1 4 |1 3 1 1 1 1 1 1 1 1 1 1 6 2 1 1 6 |num = 100

===============第46个最优解如下===============
最佳适宜值为：
12.49078412756667
最佳迁移代数为：
999
最佳分配序列为：
6 1 4 1 1 5 1 4 6 |1 1 1 1 2 1 |1 3 1 1 1 1 1 2 4 |1 1 1 1 1 5 1 3 1 1 3 |1 3 2 1 2 1 1 2 1 1 1 1 4 1 1 1 6 |num = 100

===============第47个最优解如下===============
最佳适宜值为：
12.643325840133132
最佳迁移代数为：
999
最佳分配序列为：
6 1 3 1 1 5 1 5 6 |1 1 1 1 3 1 |1 4 1 1 1 1 1 1 3 |1 1 1 1 1 5 1 1 1 1 3 |1 4 1 1 1 1 1 2 1 1 1 1 6 2 1 1 6 |num = 100

===============第48个最优解如下===============
最佳适宜值为：
12.531335756110483
最佳迁移代数为：
999
最佳分配序列为：
6 1 3 1 1 5 1 5 6 |1 1 1 1 4 1 |1 3 1 1 1 1 1 4 3 |1 1 1 1 1 4 1 1 1 1 4 |1 3 1 1 1 1 1 2 1 1 1 1 6 1 1 1 5 |num = 100

===============第49个最优解如下===============
最佳适宜值为：
12.556870021341993
最佳迁移代数为：
999
最佳分配序列为：
5 1 3 1 1 5 1 4 6 |1 1 1 1 3 2 |1 4 1 1 1 1 1 3 3 |1 1 1 1 1 4 1 2 1 1 3 |1 2 1 1 1 1 1 3 1 1 1 2 5 2 1 1 6 |num = 100

===============第50个最优解如下===============
最佳适宜值为：
12.726508358343256
最佳迁移代数为：
999
最佳分配序列为：
6 1 4 1 1 5 1 4 6 |1 1 1 1 3 1 |1 4 1 1 1 1 1 1 3 |1 1 1 1 1 5 1 1 1 1 4 |1 4 1 1 1 1 1 2 1 1 1 1 6 1 1 1 6 |num = 100

===============第51个最优解如下===============
最佳适宜值为：
12.517566791114382
最佳迁移代数为：
999
最佳分配序列为：
6 1 4 1 1 3 1 3 6 |1 1 1 1 4 1 |1 5 1 1 1 1 1 2 2 |1 1 1 1 1 5 1 3 1 1 4 |1 3 1 1 1 1 1 2 1 1 1 1 5 2 1 1 6 |num = 100

===============第52个最优解如下===============
最佳适宜值为：
12.473412072120427
最佳迁移代数为：
999
最佳分配序列为：
6 1 4 1 1 5 1 5 6 |1 1 1 1 2 1 |1 4 1 1 1 1 1 1 3 |1 1 1 1 1 6 1 1 1 1 3 |1 3 1 1 1 1 1 2 1 1 1 1 6 2 1 1 6 |num = 100

===============第53个最优解如下===============
最佳适宜值为：
12.549291002023788
最佳迁移代数为：
999
最佳分配序列为：
6 1 4 1 1 5 1 4 6 |1 1 1 1 3 1 |1 4 1 1 1 1 1 1 3 |1 1 1 1 1 6 1 1 1 1 3 |1 3 1 1 1 1 1 2 1 1 1 1 6 2 1 1 6 |num = 100

===============第54个最优解如下===============
最佳适宜值为：
12.691281524806897
最佳迁移代数为：
999
最佳分配序列为：
6 1 4 1 1 5 1 5 6 |1 1 1 1 2 1 |1 5 1 1 1 1 1 1 2 |1 1 1 1 1 6 1 1 1 1 4 |1 3 1 1 1 1 1 2 1 1 1 1 6 1 1 1 6 |num = 100

===============第55个最优解如下===============
最佳适宜值为：
12.578439966385705
最佳迁移代数为：
999
最佳分配序列为：
6 1 4 1 1 5 1 4 6 |1 1 1 1 3 1 |1 5 1 1 1 1 1 2 3 |1 1 1 1 1 6 1 1 1 1 3 |1 3 1 1 1 1 1 2 1 1 1 1 5 1 1 1 6 |num = 100

===============第56个最优解如下===============
最佳适宜值为：
12.437506513790195
最佳迁移代数为：
999
最佳分配序列为：
5 1 4 1 3 5 1 4 6 |1 1 1 1 2 1 |1 2 1 1 1 1 2 3 3 |1 1 1 1 1 6 2 3 1 1 3 |1 2 1 1 1 1 1 1 1 1 1 2 6 1 1 1 4 |num = 100

===============第57个最优解如下===============
最佳适宜值为：
12.600414665214453
最佳迁移代数为：
999
最佳分配序列为：
6 1 4 1 1 4 1 6 6 |1 1 1 1 3 1 |1 4 1 1 1 1 1 2 3 |1 1 1 1 1 5 1 1 1 1 2 |1 3 1 1 1 1 1 2 1 1 1 1 6 2 1 1 6 |num = 100

===============第58个最优解如下===============
最佳适宜值为：
12.651638659353967
最佳迁移代数为：
999
最佳分配序列为：
6 1 3 1 1 4 1 5 5 |1 1 1 1 3 1 |1 4 1 1 1 1 1 2 3 |1 1 1 1 1 3 1 1 1 1 5 |1 3 1 1 2 1 1 2 1 1 1 1 6 3 1 1 6 |num = 100

===============第59个最优解如下===============
最佳适宜值为：
12.65171211841116
最佳迁移代数为：
999
最佳分配序列为：
6 1 3 1 1 6 1 5 6 |1 1 1 1 3 1 |1 4 1 1 1 1 1 1 3 |1 1 1 1 1 5 1 1 1 1 5 |1 3 1 1 1 1 1 2 1 1 1 1 5 1 1 1 6 |num = 100

===============第60个最优解如下===============
最佳适宜值为：
12.782291730371504
最佳迁移代数为：
999
最佳分配序列为：
6 1 3 1 1 5 1 5 6 |1 1 1 1 2 1 |1 3 1 1 1 1 1 2 3 |1 1 1 1 1 6 1 1 1 1 4 |1 3 1 1 1 1 1 3 1 1 1 1 6 1 1 1 6 |num = 100

最大适应度：12.89686644772818
最小适应度：12.13730598928239
平均适应度：12.588982019970603
估计标准差值：0.14813587025827465
最佳分配：
6 1 5 1 1 5 1 4 6 |1 1 1 1 2 1 |1 4 1 1 1 1 1 1 3 |1 1 1 1 1 5 1 1 1 1 4 |1 3 1 1 1 1 1 1 1 1 1 1 6 3 1 1 6 |num = 100
BBO算法运行求解巡逻调度问题耗时：0小时，3分钟，58秒
