===============第1个最优解如下===============
最佳适宜值为：
12.64084572860451
最佳迁移代数为：
1999
最佳分配序列为：
6 1 3 1 1 6 1 3 6 |1 1 1 1 3 1 |1 4 1 1 1 1 1 2 4 |1 1 1 1 1 4 1 1 1 1 5 |1 3 2 1 1 1 1 2 1 1 1 1 4 2 1 1 6 |num = 100

===============第2个最优解如下===============
最佳适宜值为：
12.767206507411966
最佳迁移代数为：
1999
最佳分配序列为：
6 1 2 1 1 5 1 5 6 |1 1 1 1 2 1 |1 4 1 1 1 1 1 2 4 |1 1 1 1 1 6 1 1 1 1 4 |1 3 1 1 1 1 1 1 1 1 1 1 6 2 1 1 6 |num = 100

===============第3个最优解如下===============
最佳适宜值为：
12.517926194175326
最佳迁移代数为：
1999
最佳分配序列为：
6 1 4 1 1 5 1 4 6 |1 1 1 1 3 1 |1 3 1 1 1 1 1 2 3 |1 1 1 1 1 5 1 1 1 1 3 |1 3 1 1 1 1 1 2 1 1 1 1 6 3 1 1 6 |num = 100

===============第4个最优解如下===============
最佳适宜值为：
12.881365275024015
最佳迁移代数为：
1999
最佳分配序列为：
5 1 4 1 1 5 1 4 6 |1 1 1 1 2 1 |1 4 1 1 1 1 1 2 4 |1 1 1 1 1 6 1 1 1 1 3 |1 3 1 1 1 1 1 2 1 1 1 1 6 2 1 1 6 |num = 100

===============第5个最优解如下===============
最佳适宜值为：
12.80482801524676
最佳迁移代数为：
1999
最佳分配序列为：
6 1 4 1 1 4 1 5 6 |1 1 1 1 2 1 |1 4 1 1 1 1 1 2 4 |1 1 1 1 1 5 1 1 1 1 3 |1 3 2 1 1 1 1 1 1 1 1 1 6 2 1 1 6 |num = 100

===============第6个最优解如下===============
最佳适宜值为：
12.462159943193035
最佳迁移代数为：
1999
最佳分配序列为：
6 1 3 1 1 5 1 3 6 |1 1 1 1 2 1 |1 4 1 1 1 1 3 1 3 |1 1 1 1 1 4 1 1 1 1 4 |1 4 2 1 1 1 2 2 1 1 1 2 4 2 1 1 6 |num = 100

===============第7个最优解如下===============
最佳适宜值为：
12.775803725654676
最佳迁移代数为：
1999
最佳分配序列为：
6 1 4 1 1 5 1 4 6 |1 1 1 1 2 1 |1 4 1 1 1 1 1 1 4 |1 1 1 1 1 5 1 1 1 1 4 |1 3 1 1 1 1 1 2 1 1 1 1 6 2 1 1 6 |num = 100

===============第8个最优解如下===============
最佳适宜值为：
12.802647781411933
最佳迁移代数为：
1999
最佳分配序列为：
6 1 4 1 1 4 1 4 6 |1 1 1 1 2 1 |1 4 1 1 1 1 1 2 3 |1 1 1 1 1 6 1 1 1 1 4 |1 3 1 1 1 1 1 1 1 1 1 1 6 3 1 1 6 |num = 100

===============第9个最优解如下===============
最佳适宜值为：
12.775796599549656
最佳迁移代数为：
1999
最佳分配序列为：
6 1 4 1 1 5 1 4 6 |1 1 1 1 3 1 |1 4 1 1 1 1 1 2 4 |1 1 1 1 1 5 1 1 1 1 3 |1 3 1 1 1 1 1 2 1 1 1 1 6 1 1 1 6 |num = 100

===============第10个最优解如下===============
最佳适宜值为：
12.66583652703628
最佳迁移代数为：
1999
最佳分配序列为：
6 1 4 1 1 4 1 4 6 |1 1 1 1 3 1 |1 5 1 1 1 1 1 1 3 |1 1 1 1 1 6 1 1 1 1 4 |1 3 1 1 1 1 1 2 1 1 1 1 6 2 1 1 5 |num = 100

===============第11个最优解如下===============
最佳适宜值为：
12.88198407147151
最佳迁移代数为：
1999
最佳分配序列为：
6 1 4 1 1 5 1 4 6 |1 1 1 1 3 1 |1 4 1 1 1 1 1 2 4 |1 1 1 1 1 5 1 1 1 1 3 |1 3 1 1 1 1 1 1 1 1 1 1 6 2 1 1 6 |num = 100

===============第12个最优解如下===============
最佳适宜值为：
12.384008621838735
最佳迁移代数为：
1999
最佳分配序列为：
6 1 3 1 1 5 1 4 6 |1 1 1 1 4 1 |1 3 1 1 1 1 1 3 4 |1 1 1 1 1 2 1 1 1 1 3 |1 3 3 1 2 1 1 2 1 1 1 1 5 3 1 1 5 |num = 100

===============第13个最优解如下===============
最佳适宜值为：
12.707626258659058
最佳迁移代数为：
1999
最佳分配序列为：
6 1 4 1 1 5 1 5 6 |1 1 1 1 3 1 |1 4 1 1 1 1 1 1 3 |1 1 1 1 1 6 1 1 1 1 5 |1 3 1 1 1 1 1 1 1 1 1 1 5 1 1 1 6 |num = 100

===============第14个最优解如下===============
最佳适宜值为：
12.658622550684496
最佳迁移代数为：
1999
最佳分配序列为：
6 1 4 1 1 5 1 4 6 |1 1 1 1 3 1 |1 5 1 1 1 1 1 1 3 |1 1 1 1 1 6 1 1 1 1 3 |1 2 1 1 1 1 1 2 1 1 1 1 6 2 1 1 6 |num = 100

===============第15个最优解如下===============
最佳适宜值为：
12.589807281322491
最佳迁移代数为：
1999
最佳分配序列为：
6 1 4 1 1 4 1 4 6 |1 1 1 1 2 1 |1 4 1 1 1 1 1 1 3 |1 1 1 1 1 6 1 1 1 1 4 |1 3 1 1 1 1 1 2 1 1 1 1 6 3 1 1 6 |num = 100

===============第16个最优解如下===============
最佳适宜值为：
12.917829840448457
最佳迁移代数为：
1999
最佳分配序列为：
6 1 5 1 1 4 1 4 6 |1 1 1 1 3 1 |1 5 1 1 1 1 1 1 3 |1 1 1 1 1 6 1 1 1 1 2 |1 3 1 1 1 1 1 2 1 1 1 1 6 2 1 1 6 |num = 100

===============第17个最优解如下===============
最佳适宜值为：
12.595557441010646
最佳迁移代数为：
1999
最佳分配序列为：
4 1 3 1 1 4 1 3 6 |1 1 1 1 4 1 |1 4 1 1 1 1 1 1 3 |1 1 1 1 1 6 1 2 1 1 3 |1 3 1 1 3 1 1 3 1 1 1 1 6 2 1 1 6 |num = 100

===============第18个最优解如下===============
最佳适宜值为：
12.834856985576142
最佳迁移代数为：
1999
最佳分配序列为：
6 1 4 1 1 5 1 5 6 |1 1 1 1 3 1 |1 5 1 1 1 1 1 1 4 |1 1 1 1 1 5 1 1 1 1 4 |1 3 1 1 1 1 1 1 1 1 1 1 5 1 1 1 6 |num = 100

===============第19个最优解如下===============
最佳适宜值为：
12.630047602491926
最佳迁移代数为：
1999
最佳分配序列为：
5 1 2 1 1 5 1 4 6 |1 1 1 1 4 1 |1 3 1 1 1 1 1 2 3 |1 1 1 1 1 5 1 1 2 1 4 |1 4 1 1 1 1 1 2 1 1 1 1 6 2 1 1 6 |num = 100

===============第20个最优解如下===============
最佳适宜值为：
12.565463515243815
最佳迁移代数为：
1999
最佳分配序列为：
6 1 5 1 1 5 1 5 6 |1 1 1 1 2 1 |1 5 1 1 1 1 1 1 3 |1 1 1 1 1 5 1 1 1 1 4 |1 3 1 1 1 1 1 1 1 1 1 1 6 1 1 1 6 |num = 100

===============第21个最优解如下===============
最佳适宜值为：
12.704338042587484
最佳迁移代数为：
1999
最佳分配序列为：
6 1 4 1 1 5 1 4 6 |1 1 1 1 3 1 |1 4 1 1 1 1 1 1 4 |1 1 1 1 1 5 1 1 1 1 3 |1 3 1 1 1 1 1 1 1 1 1 1 6 3 1 1 6 |num = 100

===============第22个最优解如下===============
最佳适宜值为：
12.429273822195832
最佳迁移代数为：
1999
最佳分配序列为：
6 1 4 1 2 4 1 2 5 |1 1 1 1 3 1 |1 3 1 1 1 1 1 2 3 |1 1 1 1 1 3 1 2 1 1 4 |1 3 2 1 3 1 1 3 2 1 1 1 6 1 1 1 6 |num = 100

===============第23个最优解如下===============
最佳适宜值为：
12.850366759232177
最佳迁移代数为：
1999
最佳分配序列为：
6 1 4 1 1 5 1 5 6 |1 1 1 1 2 1 |1 4 1 1 1 1 1 1 3 |1 1 1 1 1 6 1 1 1 1 5 |1 3 1 1 1 1 1 1 1 1 1 1 6 1 1 1 6 |num = 100

===============第24个最优解如下===============
最佳适宜值为：
12.721228359582609
最佳迁移代数为：
1999
最佳分配序列为：
5 1 4 1 1 5 1 5 6 |1 1 1 1 3 1 |1 4 1 1 1 1 1 2 4 |1 1 1 1 1 5 1 1 1 1 4 |1 3 1 1 1 1 1 2 1 1 1 1 6 1 1 1 5 |num = 100

===============第25个最优解如下===============
最佳适宜值为：
12.479894663344696
最佳迁移代数为：
1999
最佳分配序列为：
6 1 4 1 1 4 1 4 6 |1 1 1 1 3 1 |1 4 1 1 1 1 1 2 3 |1 1 1 1 1 5 1 1 1 1 3 |1 4 2 1 1 1 1 2 1 1 1 1 6 1 1 1 6 |num = 100

===============第26个最优解如下===============
最佳适宜值为：
12.552534396425736
最佳迁移代数为：
1999
最佳分配序列为：
4 1 4 1 1 4 1 5 6 |1 1 1 1 3 1 |1 4 1 1 1 1 1 2 3 |1 1 1 1 1 5 1 1 1 1 4 |1 4 1 1 1 1 1 3 1 1 1 1 5 2 1 1 6 |num = 100

===============第27个最优解如下===============
最佳适宜值为：
12.392852869591803
最佳迁移代数为：
1999
最佳分配序列为：
6 1 4 1 3 4 1 5 6 |1 1 1 1 2 1 |1 3 1 1 1 1 2 1 2 |1 1 1 1 1 4 2 2 1 1 3 |1 3 1 1 2 1 1 2 1 1 1 1 4 3 1 1 6 |num = 100

===============第28个最优解如下===============
最佳适宜值为：
12.552967821208213
最佳迁移代数为：
1999
最佳分配序列为：
6 1 4 1 1 5 1 5 6 |1 1 1 1 3 1 |1 4 1 1 1 1 1 1 3 |1 1 1 1 1 6 1 1 1 1 2 |1 3 2 1 1 1 1 2 1 1 1 1 6 1 1 1 6 |num = 100

===============第29个最优解如下===============
最佳适宜值为：
12.667652431472707
最佳迁移代数为：
1999
最佳分配序列为：
6 1 3 1 1 6 1 5 6 |1 1 1 1 2 1 |1 4 1 1 1 1 1 1 3 |1 1 1 1 1 5 1 1 1 1 4 |1 3 1 1 1 1 1 2 1 1 1 1 6 2 1 1 6 |num = 100

===============第30个最优解如下===============
最佳适宜值为：
12.531515795725653
最佳迁移代数为：
1999
最佳分配序列为：
6 1 3 1 1 3 1 4 6 |1 1 1 1 3 1 |1 4 1 1 1 1 1 2 3 |1 1 1 1 1 5 1 2 1 1 5 |1 3 1 1 2 1 1 2 1 1 1 1 5 2 1 1 6 |num = 100

===============第31个最优解如下===============
最佳适宜值为：
12.729805874967061
最佳迁移代数为：
1999
最佳分配序列为：
6 1 4 1 1 5 1 4 6 |1 1 1 1 3 1 |1 5 1 1 1 1 1 1 3 |1 1 1 1 1 5 1 1 1 1 4 |1 3 1 1 1 1 1 1 1 1 1 1 6 2 1 1 6 |num = 100

===============第32个最优解如下===============
最佳适宜值为：
12.485338234920942
最佳迁移代数为：
1999
最佳分配序列为：
6 1 4 1 1 5 1 4 6 |1 1 1 1 3 1 |1 4 1 1 1 1 1 2 3 |1 1 1 1 1 5 1 1 1 1 4 |1 3 1 1 1 1 1 2 1 1 1 1 6 1 1 1 6 |num = 100

===============第33个最优解如下===============
最佳适宜值为：
12.653404918708418
最佳迁移代数为：
1999
最佳分配序列为：
6 1 4 1 1 5 1 4 6 |1 1 1 1 3 1 |1 4 1 1 1 1 1 1 3 |1 1 1 1 1 6 1 1 1 1 3 |1 3 1 1 1 1 1 2 1 1 1 1 6 2 1 1 6 |num = 100

===============第34个最优解如下===============
最佳适宜值为：
12.688902431393153
最佳迁移代数为：
1999
最佳分配序列为：
6 1 3 1 1 5 1 5 6 |1 1 1 1 4 1 |1 3 1 1 1 1 1 2 3 |1 1 1 1 1 5 1 1 1 1 4 |1 3 1 1 1 1 1 2 1 1 1 1 6 1 1 1 6 |num = 100

===============第35个最优解如下===============
最佳适宜值为：
12.57542541317662
最佳迁移代数为：
1999
最佳分配序列为：
6 1 3 1 1 5 1 4 6 |1 1 1 1 3 1 |1 4 1 1 1 1 1 2 3 |1 1 1 1 1 4 1 1 1 1 4 |1 4 1 1 1 1 1 2 1 1 1 1 6 2 1 1 6 |num = 100

===============第36个最优解如下===============
最佳适宜值为：
12.511337300918655
最佳迁移代数为：
1999
最佳分配序列为：
6 1 5 1 1 5 1 3 6 |1 1 1 1 3 1 |1 5 1 1 1 1 1 2 3 |1 1 1 1 1 5 1 1 1 1 3 |1 3 1 1 1 1 1 2 1 1 1 1 6 2 1 1 5 |num = 100

===============第37个最优解如下===============
最佳适宜值为：
12.486511839421516
最佳迁移代数为：
1999
最佳分配序列为：
6 1 5 1 1 4 1 4 5 |1 1 1 1 3 1 |1 5 1 1 1 1 1 1 3 |1 1 1 1 1 5 1 1 1 1 3 |1 3 3 1 1 1 1 2 1 1 1 1 5 2 1 1 6 |num = 100

===============第38个最优解如下===============
最佳适宜值为：
12.654162267238233
最佳迁移代数为：
1999
最佳分配序列为：
6 1 4 1 1 4 1 5 6 |1 1 1 1 3 1 |1 4 1 1 1 1 1 1 3 |1 1 1 1 1 5 1 1 1 1 4 |1 3 1 1 1 1 1 2 1 1 1 1 6 2 1 1 6 |num = 100

===============第39个最优解如下===============
最佳适宜值为：
12.723823882489654
最佳迁移代数为：
1999
最佳分配序列为：
5 1 4 1 1 4 1 4 6 |1 1 1 1 2 1 |1 4 1 1 1 1 1 2 3 |1 1 1 1 1 5 1 2 1 1 3 |1 2 1 1 3 1 1 3 1 1 1 1 6 2 1 1 6 |num = 100

===============第40个最优解如下===============
最佳适宜值为：
12.542433885927638
最佳迁移代数为：
1999
最佳分配序列为：
6 1 3 1 3 5 1 5 6 |1 1 1 1 3 1 |1 3 1 1 1 1 1 1 3 |1 1 1 1 1 5 1 1 1 1 4 |1 3 1 1 1 1 1 1 1 1 1 1 6 2 1 1 6 |num = 100

===============第41个最优解如下===============
最佳适宜值为：
12.695869420035734
最佳迁移代数为：
1999
最佳分配序列为：
6 1 4 1 1 5 1 4 6 |1 1 1 1 3 1 |1 5 1 1 1 1 1 1 4 |1 1 1 1 1 5 1 1 1 1 3 |1 3 1 1 1 1 1 2 1 1 1 1 6 1 1 1 6 |num = 100

===============第42个最优解如下===============
最佳适宜值为：
12.656191133466187
最佳迁移代数为：
1999
最佳分配序列为：
6 1 3 1 1 5 1 5 6 |1 1 1 1 3 1 |1 3 1 1 1 1 1 2 3 |1 1 1 1 1 6 1 1 1 1 3 |1 4 1 1 1 1 1 2 1 1 1 1 6 1 1 1 6 |num = 100

===============第43个最优解如下===============
最佳适宜值为：
12.56985390930338
最佳迁移代数为：
1999
最佳分配序列为：
6 1 4 1 1 3 1 5 5 |1 1 1 1 3 1 |1 3 1 1 1 1 1 2 3 |1 1 1 1 1 4 1 1 1 1 3 |1 3 1 1 3 1 3 3 1 1 1 1 5 3 1 1 5 |num = 100

===============第44个最优解如下===============
最佳适宜值为：
12.564398549436724
最佳迁移代数为：
1999
最佳分配序列为：
6 1 4 1 1 4 1 4 6 |1 1 1 1 3 1 |1 3 1 1 1 1 1 2 2 |1 1 1 1 1 6 1 1 1 1 4 |1 3 2 1 1 1 1 2 1 1 1 1 6 2 1 1 6 |num = 100

===============第45个最优解如下===============
最佳适宜值为：
12.838764428893434
最佳迁移代数为：
1999
最佳分配序列为：
6 1 4 1 1 5 1 5 6 |1 1 1 1 2 1 |1 4 1 1 1 1 1 1 3 |1 1 1 1 1 6 1 1 1 1 5 |1 3 1 1 1 1 1 1 1 1 1 1 6 1 1 1 6 |num = 100

===============第46个最优解如下===============
最佳适宜值为：
12.65931960913074
最佳迁移代数为：
1999
最佳分配序列为：
6 1 4 1 1 4 1 4 6 |1 2 1 1 2 1 |1 4 1 1 1 1 1 2 2 |1 1 1 1 1 5 2 1 1 1 3 |1 3 3 1 1 1 1 2 1 1 1 1 6 1 1 1 6 |num = 100

===============第47个最优解如下===============
最佳适宜值为：
12.609038600012616
最佳迁移代数为：
1999
最佳分配序列为：
6 1 4 1 1 5 1 5 6 |1 1 1 1 3 1 |1 4 1 1 1 1 1 1 3 |1 1 1 1 1 6 1 1 1 1 4 |1 2 1 1 1 1 1 2 1 1 1 1 6 1 1 1 6 |num = 100

===============第48个最优解如下===============
最佳适宜值为：
12.750202941245293
最佳迁移代数为：
1999
最佳分配序列为：
6 1 3 1 1 5 1 5 6 |1 1 1 1 3 1 |1 4 1 1 1 1 1 1 3 |1 1 1 1 1 5 1 1 1 1 5 |1 3 1 1 1 1 1 1 1 1 1 1 6 2 1 1 6 |num = 100

===============第49个最优解如下===============
最佳适宜值为：
12.645378756751402
最佳迁移代数为：
1999
最佳分配序列为：
6 1 4 1 1 6 1 4 6 |1 1 1 1 3 1 |1 4 1 1 1 1 1 1 3 |1 1 1 1 1 6 1 1 1 1 3 |1 3 1 1 1 1 1 2 1 1 1 1 5 2 1 1 6 |num = 100

===============第50个最优解如下===============
最佳适宜值为：
12.536722410949784
最佳迁移代数为：
1999
最佳分配序列为：
6 1 6 1 1 5 1 5 6 |1 1 1 1 3 1 |1 4 1 1 1 1 1 1 3 |1 1 1 1 1 6 1 1 1 1 2 |1 3 2 1 1 1 1 1 1 1 1 1 6 1 1 1 5 |num = 100

===============第51个最优解如下===============
最佳适宜值为：
12.600833241108669
最佳迁移代数为：
1999
最佳分配序列为：
6 1 5 1 1 5 1 5 4 |1 1 1 1 3 1 |1 4 1 1 1 1 1 2 4 |1 1 1 1 1 6 1 1 1 1 3 |1 2 1 1 1 1 1 2 1 1 1 1 6 1 1 1 6 |num = 100

===============第52个最优解如下===============
最佳适宜值为：
12.513669604904191
最佳迁移代数为：
1999
最佳分配序列为：
6 1 3 1 1 4 1 4 6 |1 1 1 1 2 1 |1 4 1 1 1 1 1 2 4 |1 1 1 1 1 6 1 1 1 1 5 |1 3 1 1 1 1 1 2 1 1 1 1 5 2 1 1 6 |num = 100

===============第53个最优解如下===============
最佳适宜值为：
12.537511925778041
最佳迁移代数为：
1999
最佳分配序列为：
5 1 5 1 1 6 1 4 6 |1 1 1 1 3 1 |1 4 1 1 1 1 1 2 3 |1 1 1 1 1 3 1 1 1 1 4 |1 3 1 1 1 1 1 1 1 1 1 1 6 3 1 1 6 |num = 100

===============第54个最优解如下===============
最佳适宜值为：
12.501112408357308
最佳迁移代数为：
1999
最佳分配序列为：
5 1 4 1 1 4 1 3 6 |1 1 1 1 3 1 |1 4 1 1 1 1 1 1 4 |1 1 1 1 1 5 1 4 1 1 4 |1 3 1 1 1 1 1 1 1 1 1 1 5 3 1 1 6 |num = 100

===============第55个最优解如下===============
最佳适宜值为：
12.675583044675726
最佳迁移代数为：
1999
最佳分配序列为：
6 1 4 1 2 5 1 4 6 |1 1 1 1 3 1 |1 4 1 1 1 1 1 1 3 |1 1 1 1 1 5 1 1 1 1 4 |1 4 1 1 1 1 1 1 1 1 1 1 6 1 1 1 6 |num = 100

===============第56个最优解如下===============
最佳适宜值为：
12.865484213860956
最佳迁移代数为：
1999
最佳分配序列为：
6 1 4 1 1 5 1 4 6 |1 1 1 1 2 1 |1 4 1 1 1 1 1 1 4 |1 1 1 1 1 6 1 1 1 1 4 |1 3 1 1 1 1 1 1 1 1 1 1 6 2 1 1 6 |num = 100

===============第57个最优解如下===============
最佳适宜值为：
12.71457173388411
最佳迁移代数为：
1999
最佳分配序列为：
6 1 5 1 1 5 1 4 6 |1 1 1 1 2 1 |1 4 1 1 1 1 1 2 4 |1 1 1 1 1 5 1 1 1 1 4 |1 3 1 1 1 1 1 1 1 1 1 1 5 2 1 1 6 |num = 100

===============第58个最优解如下===============
最佳适宜值为：
12.52232365255597
最佳迁移代数为：
1999
最佳分配序列为：
6 1 4 1 1 5 1 4 6 |1 1 1 1 3 1 |1 5 1 1 1 1 1 2 2 |1 1 1 1 1 5 1 1 1 1 3 |1 3 1 1 1 1 2 2 1 1 1 1 6 2 1 1 5 |num = 100

===============第59个最优解如下===============
最佳适宜值为：
12.903144646974736
最佳迁移代数为：
1999
最佳分配序列为：
6 1 5 1 1 4 1 5 6 |1 1 1 1 3 1 |1 4 1 1 1 1 1 2 2 |1 1 1 1 1 6 1 1 1 1 4 |1 3 1 1 1 1 1 1 1 1 1 1 5 2 1 1 6 |num = 100

===============第60个最优解如下===============
最佳适宜值为：
12.685450575264406
最佳迁移代数为：
1999
最佳分配序列为：
6 1 4 1 1 5 1 4 6 |1 1 1 1 2 1 |1 4 1 1 1 1 1 1 3 |1 1 1 1 1 5 1 1 1 1 5 |1 3 1 1 1 1 1 2 1 1 1 1 6 2 1 1 6 |num = 100

最大适应度：12.917829840448457
最小适应度：12.384008621838735
平均适应度：12.647323604719565
估计标准差值：0.13279972290934627
最佳分配：
6 1 5 1 1 4 1 4 6 |1 1 1 1 3 1 |1 5 1 1 1 1 1 1 3 |1 1 1 1 1 6 1 1 1 1 2 |1 3 1 1 1 1 1 2 1 1 1 1 6 2 1 1 6 |num = 100
BBO算法运行求解巡逻调度问题耗时：0小时，7分钟，54秒
