===============第1个最优解如下===============
最佳适宜值为：
12.803998438319846
最佳迁移代数为：
499
最佳分配序列为：
6 1 4 1 1 5 1 4 6 |1 1 1 1 3 1 |1 4 1 1 1 1 1 1 3 |1 1 1 1 1 6 1 1 1 1 4 |1 3 1 1 1 1 1 1 1 1 1 1 6 2 1 1 6 |num = 100

===============第2个最优解如下===============
最佳适宜值为：
12.59455584528338
最佳迁移代数为：
499
最佳分配序列为：
6 1 3 1 1 5 1 5 6 |1 1 1 1 2 1 |1 4 1 1 1 1 1 1 4 |1 1 1 1 1 5 1 1 1 1 5 |1 3 1 1 1 1 1 2 1 1 1 1 6 1 1 1 6 |num = 100

===============第3个最优解如下===============
最佳适宜值为：
12.493497846687939
最佳迁移代数为：
499
最佳分配序列为：
6 1 4 1 1 3 1 3 6 |1 1 1 1 3 1 |1 4 1 1 1 1 1 2 4 |1 1 1 1 1 5 1 1 1 1 5 |1 3 1 1 1 1 1 2 1 1 1 1 6 2 1 1 6 |num = 100

===============第4个最优解如下===============
最佳适宜值为：
12.613746644109366
最佳迁移代数为：
499
最佳分配序列为：
6 1 4 1 1 5 1 5 6 |1 1 1 1 2 1 |1 4 1 1 1 1 1 1 2 |1 1 1 1 1 6 1 1 1 1 5 |1 3 1 1 1 1 1 1 1 1 1 1 6 2 1 1 6 |num = 100

===============第5个最优解如下===============
最佳适宜值为：
12.57450221157534
最佳迁移代数为：
499
最佳分配序列为：
6 1 5 1 1 5 1 5 6 |1 1 1 1 3 1 |1 4 1 1 1 1 1 2 3 |1 1 1 1 1 4 1 1 1 1 4 |1 3 1 1 1 1 1 1 1 1 1 1 5 2 1 1 6 |num = 100

===============第6个最优解如下===============
最佳适宜值为：
12.439771121361684
最佳迁移代数为：
499
最佳分配序列为：
6 1 5 1 1 5 1 4 6 |1 1 1 1 3 1 |1 4 1 1 1 1 1 1 3 |1 1 1 1 1 5 1 1 1 1 3 |1 3 1 1 1 1 1 2 1 1 1 1 6 2 1 1 6 |num = 100

===============第7个最优解如下===============
最佳适宜值为：
12.640422667155049
最佳迁移代数为：
499
最佳分配序列为：
6 1 4 1 1 5 1 4 6 |1 1 1 1 2 1 |1 4 1 1 1 1 1 2 3 |1 1 1 1 1 6 1 1 1 1 4 |1 3 1 1 1 1 1 2 1 1 1 1 5 2 1 1 6 |num = 100

===============第8个最优解如下===============
最佳适宜值为：
12.758106593798075
最佳迁移代数为：
499
最佳分配序列为：
6 1 4 1 1 5 1 4 6 |1 1 1 1 2 1 |1 4 1 1 1 1 1 2 3 |1 1 1 1 1 6 1 1 1 1 4 |1 3 1 1 1 1 1 2 1 1 1 1 5 2 1 1 6 |num = 100

===============第9个最优解如下===============
最佳适宜值为：
12.819946478563935
最佳迁移代数为：
499
最佳分配序列为：
6 1 3 1 1 5 1 5 6 |1 1 1 1 3 1 |1 4 1 1 1 1 1 1 3 |1 1 1 1 1 6 1 1 1 1 4 |1 3 1 1 1 1 1 2 1 1 1 1 5 2 1 1 6 |num = 100

===============第10个最优解如下===============
最佳适宜值为：
12.61568755647946
最佳迁移代数为：
499
最佳分配序列为：
5 1 3 1 1 5 1 4 5 |1 2 1 1 4 1 |1 3 1 1 1 1 2 1 3 |1 1 1 1 1 5 1 1 1 1 4 |1 3 2 1 1 1 1 2 1 1 1 1 5 3 1 1 6 |num = 100

===============第11个最优解如下===============
最佳适宜值为：
12.558600203421703
最佳迁移代数为：
499
最佳分配序列为：
6 1 2 1 2 5 1 5 6 |1 1 1 1 3 1 |1 3 1 1 1 1 1 2 3 |1 1 1 1 1 5 1 1 1 1 3 |1 2 2 1 1 1 1 2 1 1 1 2 6 2 1 1 6 |num = 100

===============第12个最优解如下===============
最佳适宜值为：
12.504786004492022
最佳迁移代数为：
499
最佳分配序列为：
6 1 6 1 1 5 1 4 6 |1 1 1 1 2 1 |1 5 1 1 1 1 1 1 3 |1 1 1 1 1 3 1 1 1 1 4 |1 4 2 1 1 1 1 1 1 1 1 1 5 2 1 1 6 |num = 100

===============第13个最优解如下===============
最佳适宜值为：
12.549804434752941
最佳迁移代数为：
499
最佳分配序列为：
6 1 3 1 1 4 1 4 6 |1 1 1 1 3 1 |1 4 1 1 1 1 1 4 3 |1 1 1 1 1 5 1 1 1 1 4 |1 4 2 1 1 1 1 1 1 1 1 1 5 1 1 1 6 |num = 100

===============第14个最优解如下===============
最佳适宜值为：
12.49300955420842
最佳迁移代数为：
499
最佳分配序列为：
6 1 4 1 2 5 1 5 6 |1 1 1 1 3 1 |1 5 1 1 1 1 1 1 3 |1 1 1 1 1 4 1 1 1 1 3 |1 2 1 1 1 1 1 2 1 1 1 1 6 3 1 1 5 |num = 100

===============第15个最优解如下===============
最佳适宜值为：
12.448275108490076
最佳迁移代数为：
499
最佳分配序列为：
6 1 3 1 1 5 1 5 6 |1 1 1 1 3 1 |1 4 1 1 1 1 1 2 2 |1 1 1 1 1 5 1 1 1 1 5 |1 3 1 1 1 1 1 2 1 1 1 1 5 2 1 1 6 |num = 100

===============第16个最优解如下===============
最佳适宜值为：
12.583462797530938
最佳迁移代数为：
499
最佳分配序列为：
6 1 3 1 1 5 1 5 6 |1 1 1 1 3 1 |1 4 1 1 1 1 1 2 3 |1 1 1 1 1 6 1 1 1 1 3 |1 3 1 1 1 1 1 1 1 1 1 1 6 2 1 1 6 |num = 100

===============第17个最优解如下===============
最佳适宜值为：
12.541601113395945
最佳迁移代数为：
499
最佳分配序列为：
5 1 3 1 1 4 1 4 6 |1 1 1 1 3 1 |1 4 1 1 1 1 1 3 3 |1 1 1 1 1 5 1 1 1 1 3 |1 3 2 1 2 1 1 3 1 1 1 1 5 2 1 1 6 |num = 100

===============第18个最优解如下===============
最佳适宜值为：
12.40848630829798
最佳迁移代数为：
499
最佳分配序列为：
6 1 3 1 1 5 1 4 6 |1 1 1 1 3 1 |1 3 1 1 1 1 1 2 3 |1 1 1 1 1 6 1 1 1 1 4 |1 3 1 1 1 1 1 2 1 1 1 1 5 3 1 1 6 |num = 100

===============第19个最优解如下===============
最佳适宜值为：
12.337150145899004
最佳迁移代数为：
499
最佳分配序列为：
6 1 3 1 1 4 1 3 6 |1 1 1 1 3 1 |1 5 1 1 1 1 1 2 3 |1 1 1 1 1 6 1 2 1 1 2 |1 3 4 1 1 1 1 2 1 1 1 1 5 1 1 1 6 |num = 100

===============第20个最优解如下===============
最佳适宜值为：
12.625371593310392
最佳迁移代数为：
499
最佳分配序列为：
6 1 4 1 1 4 1 5 6 |1 1 1 1 3 1 |1 4 1 1 1 1 1 2 3 |1 1 1 1 1 4 1 1 1 1 5 |1 3 1 1 1 1 1 1 1 1 1 1 6 2 1 1 6 |num = 100

===============第21个最优解如下===============
最佳适宜值为：
12.599496524731597
最佳迁移代数为：
499
最佳分配序列为：
6 1 4 1 1 5 1 5 6 |1 1 1 1 2 1 |1 2 1 1 1 1 1 2 2 |1 1 1 1 1 6 1 1 1 1 5 |1 3 1 1 1 1 1 1 1 1 1 1 6 3 1 1 6 |num = 100

===============第22个最优解如下===============
最佳适宜值为：
12.456245123574556
最佳迁移代数为：
499
最佳分配序列为：
6 1 3 1 1 5 1 5 5 |1 1 1 1 2 1 |1 4 1 1 1 1 1 2 3 |1 1 1 1 1 6 2 1 1 1 4 |1 3 1 1 1 1 1 2 1 1 1 1 4 3 1 1 6 |num = 100

===============第23个最优解如下===============
最佳适宜值为：
12.675437657816524
最佳迁移代数为：
499
最佳分配序列为：
6 1 4 1 1 5 1 4 6 |1 1 1 1 4 1 |1 3 1 1 1 1 1 2 3 |1 1 1 1 1 4 1 1 1 1 4 |1 3 1 1 1 1 1 2 1 1 1 1 6 2 1 1 6 |num = 100

===============第24个最优解如下===============
最佳适宜值为：
12.706650690166256
最佳迁移代数为：
499
最佳分配序列为：
6 1 4 1 1 5 1 5 6 |1 1 1 1 3 1 |1 4 1 1 1 1 1 1 3 |1 1 1 1 1 5 1 1 1 1 3 |1 3 1 1 1 1 1 1 1 1 1 1 6 3 1 1 6 |num = 100

===============第25个最优解如下===============
最佳适宜值为：
12.560162174447358
最佳迁移代数为：
499
最佳分配序列为：
6 1 3 1 1 4 1 6 6 |1 1 1 1 3 1 |1 5 1 1 1 1 1 1 3 |1 1 1 1 1 5 1 1 1 1 4 |1 2 1 1 1 1 1 2 1 1 1 1 6 2 1 1 6 |num = 100

===============第26个最优解如下===============
最佳适宜值为：
12.751316446144994
最佳迁移代数为：
499
最佳分配序列为：
6 1 4 1 1 4 1 5 6 |1 1 1 1 2 1 |1 4 1 1 1 1 1 1 3 |1 1 1 1 1 6 1 1 1 1 4 |1 3 1 1 1 1 1 1 1 1 1 1 6 3 1 1 6 |num = 100

===============第27个最优解如下===============
最佳适宜值为：
12.656960906475536
最佳迁移代数为：
499
最佳分配序列为：
5 1 4 1 2 4 1 4 6 |1 1 1 1 3 1 |1 3 1 1 1 1 2 1 3 |1 1 1 1 1 4 1 1 1 1 3 |1 3 2 2 2 1 1 2 1 1 1 1 5 3 1 1 6 |num = 100

===============第28个最优解如下===============
最佳适宜值为：
12.515863738556694
最佳迁移代数为：
499
最佳分配序列为：
6 1 4 1 2 4 1 4 5 |1 1 1 1 2 1 |1 4 1 1 1 1 1 2 3 |1 1 1 1 1 5 1 1 1 1 4 |1 3 1 1 2 1 1 2 1 1 1 1 5 3 1 1 6 |num = 100

===============第29个最优解如下===============
最佳适宜值为：
12.710859763649216
最佳迁移代数为：
499
最佳分配序列为：
6 1 4 1 1 5 1 5 6 |1 1 1 1 3 1 |1 4 1 1 1 1 1 1 4 |1 1 1 1 1 4 1 1 1 1 6 |1 2 1 1 1 1 1 1 1 1 1 1 6 1 1 1 6 |num = 100

===============第30个最优解如下===============
最佳适宜值为：
12.753900890579416
最佳迁移代数为：
499
最佳分配序列为：
6 1 5 1 1 5 1 5 6 |1 1 1 1 3 1 |1 3 1 1 1 1 1 1 4 |1 1 1 1 1 4 1 1 1 1 4 |1 3 1 1 1 1 1 1 1 1 1 1 6 2 1 1 6 |num = 100

===============第31个最优解如下===============
最佳适宜值为：
12.53885864319574
最佳迁移代数为：
499
最佳分配序列为：
6 1 3 1 1 5 1 5 6 |1 1 1 1 2 1 |1 5 1 1 1 1 1 1 3 |1 1 1 1 1 6 1 1 1 1 4 |1 3 1 1 1 1 1 2 1 1 1 1 5 2 1 1 6 |num = 100

===============第32个最优解如下===============
最佳适宜值为：
12.71323570825121
最佳迁移代数为：
499
最佳分配序列为：
6 1 4 1 1 5 1 5 6 |1 1 1 1 2 1 |1 3 1 1 1 1 1 1 3 |1 1 1 1 1 5 1 1 1 1 4 |1 4 1 1 1 1 1 2 1 1 1 1 6 2 1 1 6 |num = 100

===============第33个最优解如下===============
最佳适宜值为：
12.424664798657469
最佳迁移代数为：
499
最佳分配序列为：
5 1 3 1 2 4 1 4 6 |1 1 1 1 2 1 |1 4 1 1 1 1 1 2 3 |1 1 1 1 1 6 1 1 1 1 3 |1 3 1 1 3 1 2 3 1 1 1 1 4 2 1 1 6 |num = 100

===============第34个最优解如下===============
最佳适宜值为：
12.54576686063307
最佳迁移代数为：
499
最佳分配序列为：
5 1 4 1 1 4 1 3 6 |1 1 1 1 3 2 |1 4 1 1 1 1 1 1 3 |1 1 1 1 1 5 1 1 1 1 5 |1 4 1 1 2 1 1 2 1 1 1 1 6 1 1 1 6 |num = 100

===============第35个最优解如下===============
最佳适宜值为：
12.62590041949897
最佳迁移代数为：
499
最佳分配序列为：
5 1 4 1 1 5 1 5 6 |1 1 1 1 3 1 |1 5 1 1 1 1 1 1 3 |1 1 1 1 1 5 1 1 1 1 3 |1 4 1 1 1 1 1 2 1 1 1 1 6 1 1 1 6 |num = 100

===============第36个最优解如下===============
最佳适宜值为：
12.738553347309617
最佳迁移代数为：
499
最佳分配序列为：
6 1 3 1 1 5 1 4 6 |1 1 1 1 3 1 |1 5 1 1 1 1 1 1 3 |1 1 1 1 1 6 1 1 1 1 4 |1 3 1 1 1 1 1 2 1 1 1 1 6 1 1 1 6 |num = 100

===============第37个最优解如下===============
最佳适宜值为：
12.627110528729963
最佳迁移代数为：
499
最佳分配序列为：
6 1 4 1 1 5 1 5 6 |1 1 1 1 3 1 |1 4 1 1 1 1 1 2 3 |1 1 1 1 1 4 1 1 1 1 4 |1 3 1 1 1 1 1 1 1 1 1 1 6 2 1 1 6 |num = 100

===============第38个最优解如下===============
最佳适宜值为：
12.754704927703683
最佳迁移代数为：
499
最佳分配序列为：
6 1 4 1 1 5 1 4 6 |1 1 1 1 2 1 |1 4 1 1 1 1 1 1 3 |1 1 1 1 1 6 1 1 1 1 3 |1 4 1 1 1 1 1 2 1 1 1 1 6 2 1 1 6 |num = 100

===============第39个最优解如下===============
最佳适宜值为：
12.761209014586134
最佳迁移代数为：
499
最佳分配序列为：
6 1 4 1 1 4 1 5 6 |1 1 1 1 3 1 |1 5 1 1 1 1 1 2 3 |1 1 1 1 1 4 1 1 1 1 4 |1 3 1 1 1 1 1 1 1 1 1 1 6 2 1 1 6 |num = 100

===============第40个最优解如下===============
最佳适宜值为：
12.310441433533132
最佳迁移代数为：
499
最佳分配序列为：
5 1 4 1 1 4 1 5 6 |1 1 1 1 4 1 |1 3 1 1 1 1 2 2 3 |1 1 1 1 1 4 1 3 1 1 3 |1 3 2 1 1 1 1 3 1 1 1 2 4 2 1 1 4 |num = 100

===============第41个最优解如下===============
最佳适宜值为：
12.414109940589102
最佳迁移代数为：
499
最佳分配序列为：
6 1 4 1 2 4 1 5 6 |1 1 1 1 3 1 |1 3 1 1 1 1 1 2 4 |1 1 1 1 1 5 1 1 1 1 3 |1 3 1 1 1 1 2 1 1 1 1 1 5 2 1 1 6 |num = 100

===============第42个最优解如下===============
最佳适宜值为：
12.294008608936313
最佳迁移代数为：
499
最佳分配序列为：
5 1 3 1 3 3 2 4 6 |1 1 1 3 3 1 |2 4 1 1 1 1 1 2 3 |1 1 1 1 1 3 2 1 1 1 3 |1 3 2 1 2 1 1 2 1 1 1 1 5 1 1 1 5 |num = 100

===============第43个最优解如下===============
最佳适宜值为：
12.765823773936589
最佳迁移代数为：
499
最佳分配序列为：
6 1 4 1 2 5 1 4 6 |1 1 1 1 2 1 |1 4 1 1 1 1 1 1 3 |1 1 1 1 1 6 1 1 1 1 4 |1 3 1 1 1 1 1 2 1 1 1 1 5 2 1 1 6 |num = 100

===============第44个最优解如下===============
最佳适宜值为：
12.796457262963454
最佳迁移代数为：
499
最佳分配序列为：
6 1 5 1 1 4 1 3 6 |1 1 1 1 2 1 |1 5 1 1 1 1 1 2 3 |1 1 1 1 1 4 1 2 1 1 5 |1 3 1 1 2 1 1 1 1 1 1 1 6 1 1 1 6 |num = 100

===============第45个最优解如下===============
最佳适宜值为：
12.741590454456444
最佳迁移代数为：
499
最佳分配序列为：
6 1 4 1 1 5 1 5 6 |1 1 1 1 3 1 |1 4 1 1 1 1 1 1 3 |1 1 1 1 1 6 1 1 1 1 4 |1 3 1 1 1 1 1 1 1 1 1 1 6 1 1 1 6 |num = 100

===============第46个最优解如下===============
最佳适宜值为：
12.647295558671546
最佳迁移代数为：
499
最佳分配序列为：
6 1 4 1 1 5 1 4 5 |1 1 1 1 3 1 |1 4 1 1 1 1 1 1 4 |1 1 1 1 1 6 1 1 1 1 3 |1 4 1 1 1 1 1 1 1 1 1 1 6 2 1 1 6 |num = 100

===============第47个最优解如下===============
最佳适宜值为：
12.642830663504222
最佳迁移代数为：
499
最佳分配序列为：
6 1 4 1 1 5 1 4 6 |1 1 1 1 3 1 |1 4 1 1 1 1 1 1 4 |1 1 1 1 1 5 1 1 1 1 4 |1 2 1 1 1 1 1 2 1 1 1 1 6 2 1 1 6 |num = 100

===============第48个最优解如下===============
最佳适宜值为：
12.558156272704963
最佳迁移代数为：
499
最佳分配序列为：
6 1 4 1 1 5 1 4 6 |1 1 1 1 3 1 |1 3 1 1 1 1 1 2 4 |1 1 1 1 1 5 1 1 1 1 4 |1 3 1 1 1 1 1 1 1 1 1 1 5 3 1 1 6 |num = 100

===============第49个最优解如下===============
最佳适宜值为：
12.888050691033358
最佳迁移代数为：
499
最佳分配序列为：
6 1 4 1 1 5 1 5 6 |1 1 1 1 3 1 |1 5 1 1 1 1 1 2 2 |1 1 1 1 1 5 1 1 1 1 3 |1 3 1 1 1 1 1 1 1 1 1 1 6 2 1 1 6 |num = 100

===============第50个最优解如下===============
最佳适宜值为：
12.86053841279996
最佳迁移代数为：
499
最佳分配序列为：
6 1 4 1 1 5 1 4 6 |1 1 1 1 2 1 |1 4 1 1 1 1 1 2 4 |1 1 1 1 1 5 1 1 1 1 3 |1 3 1 1 1 1 1 2 1 1 1 1 6 2 1 1 6 |num = 100

===============第51个最优解如下===============
最佳适宜值为：
12.517610014398334
最佳迁移代数为：
499
最佳分配序列为：
6 1 4 1 1 5 1 5 6 |1 1 1 1 2 1 |1 4 1 1 1 1 1 1 3 |1 1 1 1 1 6 1 1 1 1 4 |1 4 1 1 1 1 1 1 1 1 1 1 6 1 1 1 6 |num = 100

===============第52个最优解如下===============
最佳适宜值为：
12.723827347524923
最佳迁移代数为：
499
最佳分配序列为：
6 1 5 1 1 5 1 5 6 |1 1 1 1 3 1 |1 3 1 1 1 1 1 1 2 |1 1 1 1 1 4 1 1 1 1 4 |1 3 1 1 1 1 1 2 1 1 1 1 6 3 1 1 6 |num = 100

===============第53个最优解如下===============
最佳适宜值为：
12.644395403130979
最佳迁移代数为：
499
最佳分配序列为：
6 1 3 1 1 5 1 4 6 |1 1 1 1 2 1 |1 4 1 1 1 1 1 2 4 |1 1 1 1 1 6 1 1 1 1 4 |1 3 1 1 1 1 1 1 1 1 1 1 6 2 1 1 6 |num = 100

===============第54个最优解如下===============
最佳适宜值为：
12.685749826690003
最佳迁移代数为：
499
最佳分配序列为：
5 1 4 1 1 4 1 5 4 |1 1 1 1 3 1 |1 6 1 1 1 1 1 2 4 |1 1 1 1 1 3 1 2 1 1 3 |1 3 1 1 1 1 1 2 1 1 1 1 6 3 1 1 6 |num = 100

===============第55个最优解如下===============
最佳适宜值为：
12.686668063480191
最佳迁移代数为：
499
最佳分配序列为：
6 1 4 1 1 5 1 5 6 |1 1 1 1 3 1 |1 4 1 1 1 1 1 1 3 |1 1 1 1 1 5 1 1 1 1 4 |1 3 1 1 1 1 1 1 1 1 1 1 5 3 1 1 6 |num = 100

===============第56个最优解如下===============
最佳适宜值为：
12.464809678362283
最佳迁移代数为：
499
最佳分配序列为：
6 1 4 1 1 5 1 3 6 |1 1 1 1 3 1 |1 4 1 1 1 1 1 2 4 |1 1 1 1 1 4 1 2 1 1 5 |1 2 1 1 1 1 1 2 1 1 1 1 6 3 1 1 4 |num = 100

===============第57个最优解如下===============
最佳适宜值为：
12.622157839480877
最佳迁移代数为：
499
最佳分配序列为：
6 1 4 1 1 5 1 5 6 |1 1 1 1 3 1 |1 3 1 1 1 1 1 2 4 |1 1 1 1 1 4 1 2 1 1 3 |1 4 1 1 1 1 1 2 1 1 1 1 5 1 1 1 6 |num = 100

===============第58个最优解如下===============
最佳适宜值为：
12.304518486551293
最佳迁移代数为：
499
最佳分配序列为：
6 1 4 1 1 4 1 4 4 |1 1 1 1 3 1 |1 3 1 1 1 1 1 1 3 |1 1 1 1 1 5 2 2 1 1 4 |1 3 3 1 1 1 1 1 1 1 1 2 6 2 1 1 6 |num = 100

===============第59个最优解如下===============
最佳适宜值为：
12.590205771693263
最佳迁移代数为：
499
最佳分配序列为：
6 1 5 1 1 5 1 5 6 |1 1 1 1 2 1 |1 4 1 1 1 1 1 2 2 |1 1 1 1 1 5 1 1 1 1 4 |1 3 1 1 1 1 1 2 1 1 1 1 5 2 1 1 6 |num = 100

===============第60个最优解如下===============
最佳适宜值为：
12.308342478464237
最佳迁移代数为：
499
最佳分配序列为：
6 1 4 1 1 3 1 5 6 |1 2 1 1 2 2 |1 5 1 1 1 1 1 2 3 |1 1 1 1 1 4 1 2 1 1 3 |1 4 1 1 1 1 1 2 1 1 1 2 4 3 1 1 4 |num = 100

最大适应度：12.888050691033358
最小适应度：12.294008608936313
平均适应度：12.599821146912452
估计标准差值：0.14420658043833331
最佳分配：
6 1 4 1 1 5 1 5 6 |1 1 1 1 3 1 |1 5 1 1 1 1 1 2 2 |1 1 1 1 1 5 1 1 1 1 3 |1 3 1 1 1 1 1 1 1 1 1 1 6 2 1 1 6 |num = 100
BBO算法运行求解巡逻调度问题耗时：0小时，1分钟，49秒
