===============第1个全局最优解================
最佳代数：
6571
最佳分配：
5 1 4 1 1 5 1 3 6 |1 1 1 1 3 1 |1 5 1 1 1 1 1 1 5 |1 1 1 1 1 4 1 1 1 1 5 |1 3 1 1 1 1 1 1 1 1 1 2 6 1 1 1 6 |
最佳适应度：
12.76053537502139

最大适应度：12.76053537502139
最小适应度：12.76053537502139
平均适应度：12.76053537502139
估计标准差值：NaN
最佳分配：
5 1 4 1 1 5 1 3 6 |1 1 1 1 3 1 |1 5 1 1 1 1 1 1 5 |1 1 1 1 1 4 1 1 1 1 5 |1 3 1 1 1 1 1 1 1 1 1 2 6 1 1 1 6 |
PSO算法运行求解巡逻调度问题耗时：0小时，0分钟，14秒
===============第1个全局最优解================
最佳代数：
5799
最佳分配：
6 1 5 1 1 6 1 5 6 |1 1 1 1 2 1 |1 5 1 1 1 1 1 1 2 |1 1 1 1 1 5 1 2 1 1 3 |1 4 1 1 1 1 1 1 1 1 1 1 5 1 1 1 6 |
最佳适应度：
12.487592602920632

最大适应度：12.487592602920632
最小适应度：12.487592602920632
平均适应度：12.487592602920632
估计标准差值：NaN
最佳分配：
6 1 5 1 1 6 1 5 6 |1 1 1 1 2 1 |1 5 1 1 1 1 1 1 2 |1 1 1 1 1 5 1 2 1 1 3 |1 4 1 1 1 1 1 1 1 1 1 1 5 1 1 1 6 |
PSO算法运行求解巡逻调度问题耗时：0小时，0分钟，14秒
===============第1个全局最优解================
最佳代数：
3065
最佳分配：
6 1 6 1 1 5 1 5 6 |1 1 1 1 3 1 |1 4 1 1 1 1 1 1 4 |1 1 1 1 1 5 1 1 1 1 3 |1 2 1 1 2 1 1 1 1 1 1 1 5 1 1 1 6 |
最佳适应度：
12.930042216610438

最大适应度：12.930042216610438
最小适应度：12.930042216610438
平均适应度：12.930042216610438
估计标准差值：NaN
最佳分配：
6 1 6 1 1 5 1 5 6 |1 1 1 1 3 1 |1 4 1 1 1 1 1 1 4 |1 1 1 1 1 5 1 1 1 1 3 |1 2 1 1 2 1 1 1 1 1 1 1 5 1 1 1 6 |
PSO算法运行求解巡逻调度问题耗时：0小时，0分钟，15秒
===============第1个全局最优解================
最佳代数：
6204
最佳分配：
6 1 2 1 1 5 1 4 6 |1 1 1 1 3 2 |1 3 1 1 1 1 1 1 3 |1 1 1 1 1 6 1 1 1 1 4 |1 3 1 1 1 1 1 2 1 1 1 1 5 4 1 1 6 |
最佳适应度：
12.771039348186843

最大适应度：12.771039348186843
最小适应度：12.771039348186843
平均适应度：12.771039348186843
估计标准差值：NaN
最佳分配：
6 1 2 1 1 5 1 4 6 |1 1 1 1 3 2 |1 3 1 1 1 1 1 1 3 |1 1 1 1 1 6 1 1 1 1 4 |1 3 1 1 1 1 1 2 1 1 1 1 5 4 1 1 6 |
PSO算法运行求解巡逻调度问题耗时：0小时，0分钟，14秒
===============第1个全局最优解================
最佳代数：
6404
最佳分配：
6 1 5 1 1 4 1 5 6 |1 1 1 1 3 1 |1 3 1 1 1 1 1 1 2 |1 1 1 1 1 5 2 2 1 1 5 |1 3 1 1 1 1 1 1 1 1 1 1 5 2 1 1 6 |
最佳适应度：
12.543232431008256

最大适应度：12.543232431008256
最小适应度：12.543232431008256
平均适应度：12.543232431008256
估计标准差值：NaN
最佳分配：
6 1 5 1 1 4 1 5 6 |1 1 1 1 3 1 |1 3 1 1 1 1 1 1 2 |1 1 1 1 1 5 2 2 1 1 5 |1 3 1 1 1 1 1 1 1 1 1 1 5 2 1 1 6 |
PSO算法运行求解巡逻调度问题耗时：0小时，0分钟，15秒
===============第1个全局最优解================
最佳代数：
8670
最佳分配：
6 1 6 1 1 4 1 5 6 |1 1 1 1 3 1 |1 4 1 1 1 1 1 1 4 |1 1 1 1 1 4 2 1 1 1 2 |1 3 1 1 1 1 1 1 1 1 1 1 6 2 1 1 6 |
最佳适应度：
12.576486411836683

最大适应度：12.576486411836683
最小适应度：12.576486411836683
平均适应度：12.576486411836683
估计标准差值：NaN
最佳分配：
6 1 6 1 1 4 1 5 6 |1 1 1 1 3 1 |1 4 1 1 1 1 1 1 4 |1 1 1 1 1 4 2 1 1 1 2 |1 3 1 1 1 1 1 1 1 1 1 1 6 2 1 1 6 |
PSO算法运行求解巡逻调度问题耗时：0小时，0分钟，15秒
===============第1个全局最优解================
最佳代数：
5817
最佳分配：
6 1 6 1 1 4 1 5 6 |1 1 1 1 1 1 |1 5 1 1 1 1 1 1 3 |1 1 1 1 1 4 1 1 1 1 4 |1 2 1 1 1 1 2 2 1 1 1 1 6 2 1 1 6 |
最佳适应度：
12.59248804205716

最大适应度：12.59248804205716
最小适应度：12.59248804205716
平均适应度：12.59248804205716
估计标准差值：NaN
最佳分配：
6 1 6 1 1 4 1 5 6 |1 1 1 1 1 1 |1 5 1 1 1 1 1 1 3 |1 1 1 1 1 4 1 1 1 1 4 |1 2 1 1 1 1 2 2 1 1 1 1 6 2 1 1 6 |
PSO算法运行求解巡逻调度问题耗时：0小时，0分钟，15秒
===============第1个全局最优解================
最佳代数：
9694
最佳分配：
5 1 4 1 1 4 1 6 5 |1 1 1 1 2 1 |1 3 1 1 1 1 1 2 4 |1 1 1 1 1 6 1 2 1 1 3 |1 3 1 1 1 1 1 3 1 1 1 1 6 1 1 1 6 |
最佳适应度：
12.41586813207571

最大适应度：12.41586813207571
最小适应度：12.41586813207571
平均适应度：12.41586813207571
估计标准差值：NaN
最佳分配：
5 1 4 1 1 4 1 6 5 |1 1 1 1 2 1 |1 3 1 1 1 1 1 2 4 |1 1 1 1 1 6 1 2 1 1 3 |1 3 1 1 1 1 1 3 1 1 1 1 6 1 1 1 6 |
PSO算法运行求解巡逻调度问题耗时：0小时，0分钟，15秒
===============第1个全局最优解================
最佳代数：
9607
最佳分配：
5 1 4 1 1 4 1 5 5 |1 1 1 1 2 1 |1 4 1 1 1 1 1 2 3 |1 1 1 1 1 5 1 1 1 1 6 |1 5 1 1 1 1 1 1 1 1 1 1 6 1 1 1 6 |
最佳适应度：
12.531583920998923

最大适应度：12.531583920998923
最小适应度：12.531583920998923
平均适应度：12.531583920998923
估计标准差值：NaN
最佳分配：
5 1 4 1 1 4 1 5 5 |1 1 1 1 2 1 |1 4 1 1 1 1 1 2 3 |1 1 1 1 1 5 1 1 1 1 6 |1 5 1 1 1 1 1 1 1 1 1 1 6 1 1 1 6 |
PSO算法运行求解巡逻调度问题耗时：0小时，0分钟，14秒
===============第1个全局最优解================
最佳代数：
8472
最佳分配：
6 1 3 1 1 5 1 5 6 |1 1 1 1 3 1 |1 6 1 1 1 1 1 1 4 |1 1 1 1 1 3 1 1 1 1 5 |1 3 1 1 1 1 1 1 1 1 1 2 4 2 1 1 6 |
最佳适应度：
12.30481628329317

最大适应度：12.30481628329317
最小适应度：12.30481628329317
平均适应度：12.30481628329317
估计标准差值：NaN
最佳分配：
6 1 3 1 1 5 1 5 6 |1 1 1 1 3 1 |1 6 1 1 1 1 1 1 4 |1 1 1 1 1 3 1 1 1 1 5 |1 3 1 1 1 1 1 1 1 1 1 2 4 2 1 1 6 |
PSO算法运行求解巡逻调度问题耗时：0小时，0分钟，14秒
