===============第1个全局最优解================
最佳代数：
902
最佳分配：
6 1 4 1 1 5 1 4 6 |1 1 1 1 3 1 |1 5 1 1 1 1 1 1 3 |1 1 1 1 1 6 1 1 1 1 4 |1 3 1 1 1 1 1 1 1 1 1 1 6 1 1 1 6 |
最佳适应度：
12.74499202643404

===============第2个全局最优解================
最佳代数：
420
最佳分配：
6 1 4 1 1 5 1 5 6 |1 1 1 1 1 1 |1 4 1 1 1 1 1 1 3 |1 1 1 1 1 6 1 1 1 1 4 |1 3 1 1 1 1 1 1 1 1 1 1 6 3 1 1 6 |
最佳适应度：
12.566506774658054

===============第3个全局最优解================
最佳代数：
246
最佳分配：
6 1 4 1 1 5 1 4 6 |1 1 1 1 3 1 |1 4 1 1 1 1 1 1 3 |1 1 1 1 1 6 1 1 1 1 5 |1 3 1 1 1 1 1 1 1 1 1 1 6 1 1 1 6 |
最佳适应度：
12.65557300966294

===============第4个全局最优解================
最佳代数：
5698
最佳分配：
6 1 4 1 1 5 1 5 6 |1 1 1 1 2 1 |1 4 1 1 1 1 1 1 3 |1 1 1 1 1 6 1 1 1 1 1 |1 4 1 1 1 1 1 2 1 1 1 1 6 3 1 1 6 |
最佳适应度：
12.733805698750098

===============第5个全局最优解================
最佳代数：
2360
最佳分配：
6 1 4 1 1 5 1 5 6 |1 1 1 1 3 1 |1 4 1 1 1 1 1 1 4 |1 1 1 1 1 5 1 1 1 1 4 |1 3 1 1 1 1 1 1 1 1 1 1 6 1 1 1 6 |
最佳适应度：
12.544463684574215

===============第6个全局最优解================
最佳代数：
2313
最佳分配：
6 1 4 1 1 5 1 5 6 |1 1 1 1 3 1 |1 4 1 1 1 1 1 1 3 |1 1 1 1 1 5 1 1 1 1 5 |1 3 1 1 1 1 1 1 1 1 1 1 6 1 1 1 6 |
最佳适应度：
12.691752929399861

===============第7个全局最优解================
最佳代数：
1481
最佳分配：
6 1 4 1 1 5 1 5 6 |1 1 1 1 2 1 |1 4 1 1 1 1 1 1 4 |1 1 1 1 1 6 1 1 1 1 4 |1 3 1 1 1 1 1 1 1 1 1 1 6 1 1 1 6 |
最佳适应度：
12.853213848009135

===============第8个全局最优解================
最佳代数：
1590
最佳分配：
6 1 4 1 1 5 1 5 6 |1 1 1 1 3 1 |1 5 1 1 1 1 1 1 3 |1 1 1 1 1 5 1 1 1 1 4 |1 3 1 1 1 1 1 1 1 1 1 1 6 1 1 1 6 |
最佳适应度：
12.665210160520145

===============第9个全局最优解================
最佳代数：
466
最佳分配：
6 1 4 1 1 6 1 5 6 |1 1 1 1 2 1 |1 4 1 1 1 1 1 1 3 |1 1 1 1 1 6 1 1 1 1 4 |1 3 1 1 1 1 1 1 1 1 1 1 6 1 1 1 6 |
最佳适应度：
12.733482736159472

===============第10个全局最优解================
最佳代数：
3063
最佳分配：
6 1 1 1 1 5 1 5 6 |1 1 1 1 3 1 |1 5 1 1 1 1 1 2 3 |1 1 1 1 1 6 1 1 1 1 4 |1 3 1 1 1 1 1 2 1 1 1 1 6 1 1 1 6 |
最佳适应度：
12.516813003854704

===============第11个全局最优解================
最佳代数：
509
最佳分配：
6 1 5 1 1 5 1 5 6 |1 1 1 1 3 1 |1 4 1 1 1 1 1 2 3 |1 1 1 1 1 6 1 1 1 1 1 |1 4 1 1 1 1 1 1 1 1 1 1 6 1 1 1 6 |
最佳适应度：
12.840263760879964

===============第12个全局最优解================
最佳代数：
1954
最佳分配：
6 1 4 1 1 5 1 4 6 |1 1 1 1 3 1 |1 4 1 1 1 1 1 1 3 |1 1 1 1 1 6 1 1 1 1 5 |1 3 1 1 1 1 1 1 1 1 1 1 6 1 1 1 6 |
最佳适应度：
12.532247940275122

===============第13个全局最优解================
最佳代数：
2501
最佳分配：
6 1 3 1 1 5 1 5 6 |1 1 1 1 3 1 |1 4 1 1 1 1 1 1 4 |1 1 1 1 1 6 1 1 1 1 3 |1 3 1 1 1 1 1 2 1 1 1 1 6 1 1 1 6 |
最佳适应度：
12.686120279361981

===============第14个全局最优解================
最佳代数：
871
最佳分配：
6 1 4 1 1 5 1 5 6 |1 1 1 1 2 1 |1 4 1 1 1 1 1 1 3 |1 1 1 1 1 6 1 1 1 1 5 |1 3 1 1 1 1 1 1 1 1 1 1 6 1 1 1 6 |
最佳适应度：
12.885036934161068

===============第15个全局最优解================
最佳代数：
7388
最佳分配：
6 1 4 1 1 5 1 5 6 |1 1 1 1 3 1 |1 4 1 1 1 1 1 1 3 |1 1 1 1 1 6 1 1 1 1 4 |1 3 1 1 1 1 1 1 1 1 1 1 6 1 1 1 6 |
最佳适应度：
12.74296236134385

===============第16个全局最优解================
最佳代数：
1711
最佳分配：
6 1 4 1 1 5 1 5 6 |1 1 1 1 3 1 |1 4 1 1 1 1 1 1 3 |1 1 1 1 1 6 1 1 1 1 4 |1 3 1 1 1 1 1 1 1 1 1 1 6 1 1 1 6 |
最佳适应度：
12.597862681675434

===============第17个全局最优解================
最佳代数：
1547
最佳分配：
6 1 5 1 1 5 1 5 6 |1 1 1 1 3 1 |1 4 1 1 1 1 1 1 1 |1 1 1 1 1 6 1 1 1 1 4 |1 3 1 1 1 1 1 1 1 1 1 1 6 2 1 1 6 |
最佳适应度：
12.894282956208608

===============第18个全局最优解================
最佳代数：
640
最佳分配：
6 1 4 1 1 5 1 5 6 |1 1 1 1 1 1 |1 4 1 1 1 1 1 1 3 |1 1 1 1 1 6 1 1 1 1 5 |1 3 1 1 1 1 1 1 1 1 1 1 6 2 1 1 6 |
最佳适应度：
12.654656918529183

===============第19个全局最优解================
最佳代数：
2950
最佳分配：
6 1 4 1 1 4 1 5 6 |1 1 1 1 3 1 |1 4 1 1 1 1 1 1 3 |1 1 1 1 1 6 1 1 1 1 5 |1 3 1 1 1 1 1 1 1 1 1 1 6 1 1 1 6 |
最佳适应度：
12.403832377833638

===============第20个全局最优解================
最佳代数：
1495
最佳分配：
6 1 4 1 1 5 1 6 6 |1 1 1 1 3 1 |1 4 1 1 1 1 1 1 4 |1 1 1 1 1 6 1 1 1 1 1 |1 3 1 1 1 1 1 2 1 1 1 1 6 1 1 1 6 |
最佳适应度：
12.812379121517568

===============第21个全局最优解================
最佳代数：
5138
最佳分配：
6 1 4 1 1 5 1 4 6 |1 1 1 1 3 1 |1 4 1 1 1 1 1 1 3 |1 1 1 1 1 6 1 1 1 1 4 |1 3 1 1 1 1 1 2 1 1 1 1 6 1 1 1 6 |
最佳适应度：
12.515783507677673

===============第22个全局最优解================
最佳代数：
4253
最佳分配：
6 1 4 1 1 5 1 5 6 |1 1 1 1 2 1 |1 4 1 1 1 1 1 1 3 |1 1 1 1 1 6 1 1 1 1 4 |1 3 1 1 1 1 1 1 1 1 1 1 6 2 1 1 6 |
最佳适应度：
12.777102339664165

===============第23个全局最优解================
最佳代数：
901
最佳分配：
6 1 4 1 1 5 1 5 6 |1 1 1 1 3 1 |1 4 1 1 1 1 1 1 3 |1 1 1 1 1 6 1 1 1 1 4 |1 3 1 1 1 1 1 1 1 1 1 1 6 1 1 1 6 |
最佳适应度：
12.50758524109267

===============第24个全局最优解================
最佳代数：
3204
最佳分配：
6 1 5 1 1 5 1 5 6 |1 1 1 1 3 1 |1 4 1 1 1 1 1 1 3 |1 1 1 1 1 6 1 1 1 1 3 |1 3 1 1 1 1 1 1 1 1 1 1 6 1 1 1 6 |
最佳适应度：
12.859507406586495

===============第25个全局最优解================
最佳代数：
2546
最佳分配：
6 1 4 1 1 5 1 5 6 |1 1 1 1 1 1 |1 4 1 1 1 1 1 1 3 |1 1 1 1 1 6 1 1 1 1 5 |1 3 1 1 1 1 1 2 1 1 1 1 6 1 1 1 6 |
最佳适应度：
12.692936400518509

===============第26个全局最优解================
最佳代数：
6160
最佳分配：
6 1 4 1 1 5 1 5 6 |1 1 1 1 3 1 |1 4 1 1 1 1 1 1 3 |1 1 1 1 1 6 1 1 1 1 4 |1 3 1 1 1 1 1 1 1 1 1 1 6 1 1 1 6 |
最佳适应度：
12.840780822861635

===============第27个全局最优解================
最佳代数：
857
最佳分配：
6 1 5 1 1 5 1 5 6 |1 1 1 1 3 1 |1 5 1 1 1 1 1 1 3 |1 1 1 1 1 6 1 1 1 1 1 |1 3 1 1 1 1 1 1 1 1 1 1 6 2 1 1 6 |
最佳适应度：
12.693340598006715

===============第28个全局最优解================
最佳代数：
768
最佳分配：
6 1 4 1 1 5 1 5 6 |1 1 1 1 2 1 |1 4 1 1 1 1 1 1 3 |1 1 1 1 1 6 1 1 1 1 5 |1 3 1 1 1 1 1 1 1 1 1 1 6 1 1 1 6 |
最佳适应度：
12.66451063300362

===============第29个全局最优解================
最佳代数：
7124
最佳分配：
6 1 4 1 1 4 1 5 6 |1 1 1 1 3 1 |1 4 1 1 1 1 1 1 3 |1 1 1 1 1 6 1 1 1 1 4 |1 3 1 1 1 1 1 2 1 1 1 1 6 1 1 1 6 |
最佳适应度：
12.865486198577122

===============第30个全局最优解================
最佳代数：
2453
最佳分配：
6 1 5 1 1 5 1 4 6 |1 1 1 1 3 1 |1 5 1 1 1 1 1 1 3 |1 1 1 1 1 6 1 1 1 1 4 |1 1 1 1 1 1 1 2 1 1 1 1 6 1 1 1 6 |
最佳适应度：
12.740844612256373

===============第31个全局最优解================
最佳代数：
559
最佳分配：
6 1 4 1 1 5 1 5 6 |1 1 1 1 2 1 |1 4 1 1 1 1 1 1 3 |1 1 1 1 1 6 1 1 1 1 5 |1 3 1 1 1 1 1 1 1 1 1 1 6 1 1 1 6 |
最佳适应度：
12.438159519388712

===============第32个全局最优解================
最佳代数：
886
最佳分配：
6 1 4 1 1 5 1 5 6 |1 1 1 1 2 1 |1 4 1 1 1 1 1 1 3 |1 1 1 1 1 6 1 1 1 1 4 |1 3 1 1 1 1 1 1 1 1 1 1 6 2 1 1 6 |
最佳适应度：
12.679080754386804

===============第33个全局最优解================
最佳代数：
634
最佳分配：
6 1 4 1 1 5 1 4 6 |1 1 1 1 2 1 |1 4 1 1 1 1 1 1 4 |1 1 1 1 1 6 1 1 1 1 5 |1 3 1 1 1 1 1 1 1 1 1 1 6 1 1 1 6 |
最佳适应度：
12.585686459290423

===============第34个全局最优解================
最佳代数：
309
最佳分配：
6 1 3 1 1 5 1 5 6 |1 1 1 1 3 1 |1 4 1 1 1 1 1 1 4 |1 1 1 1 1 6 1 1 1 1 5 |1 1 1 1 1 1 1 1 1 1 1 1 6 2 1 1 6 |
最佳适应度：
12.496953131291152

===============第35个全局最优解================
最佳代数：
332
最佳分配：
6 1 3 1 1 5 1 5 6 |1 1 1 1 2 1 |1 5 1 1 1 1 1 1 4 |1 1 1 1 1 6 1 1 1 1 4 |1 3 1 1 1 1 1 1 1 1 1 1 6 1 1 1 6 |
最佳适应度：
12.711585788795816

===============第36个全局最优解================
最佳代数：
2737
最佳分配：
6 1 4 1 1 5 1 5 6 |1 1 1 1 3 1 |1 4 1 1 1 1 1 1 3 |1 1 1 1 1 6 1 1 1 1 1 |1 3 1 1 1 1 1 2 1 1 1 1 6 3 1 1 6 |
最佳适应度：
12.570443696089166

===============第37个全局最优解================
最佳代数：
950
最佳分配：
6 1 5 1 1 5 1 5 6 |1 1 1 1 3 1 |1 5 1 1 1 1 1 1 3 |1 1 1 1 1 6 1 1 1 1 1 |1 3 1 1 1 1 1 1 1 1 1 1 6 2 1 1 6 |
最佳适应度：
12.662085174903865

===============第38个全局最优解================
最佳代数：
1123
最佳分配：
6 1 4 1 1 5 1 5 6 |1 1 1 1 3 1 |1 4 1 1 1 1 1 1 3 |1 1 1 1 1 6 1 1 1 1 4 |1 3 1 1 1 1 1 1 1 1 1 1 6 1 1 1 6 |
最佳适应度：
12.607566001344097

===============第39个全局最优解================
最佳代数：
890
最佳分配：
6 1 4 1 1 5 1 5 6 |1 1 1 1 1 1 |1 4 1 1 1 1 1 1 4 |1 1 1 1 1 6 1 1 1 1 5 |1 3 1 1 1 1 1 1 1 1 1 1 6 1 1 1 6 |
最佳适应度：
12.627067856039845

===============第40个全局最优解================
最佳代数：
6030
最佳分配：
6 1 4 1 1 5 1 5 6 |1 1 1 1 3 1 |1 3 1 1 1 1 1 1 3 |1 1 1 1 1 6 1 1 1 1 3 |1 3 1 1 1 1 1 1 1 1 1 1 6 3 1 1 6 |
最佳适应度：
12.906857111037006

===============第41个全局最优解================
最佳代数：
609
最佳分配：
6 1 4 1 1 5 1 4 6 |1 1 1 1 3 1 |1 4 1 1 1 1 1 1 4 |1 1 1 1 1 6 1 1 1 1 4 |1 3 1 1 1 1 1 1 1 1 1 1 6 1 1 1 6 |
最佳适应度：
12.66698852828793

===============第42个全局最优解================
最佳代数：
2808
最佳分配：
6 1 3 1 1 5 1 5 6 |1 1 1 1 2 1 |1 5 1 1 1 1 1 1 3 |1 1 1 1 1 6 1 1 1 1 4 |1 3 1 1 1 1 1 1 1 1 1 1 6 2 1 1 6 |
最佳适应度：
12.839997961078055

===============第43个全局最优解================
最佳代数：
551
最佳分配：
6 1 3 1 1 5 1 4 6 |1 1 1 1 3 1 |1 4 1 1 1 1 1 1 3 |1 1 1 1 1 6 1 1 1 1 5 |1 4 1 1 1 1 1 1 1 1 1 1 6 1 1 1 6 |
最佳适应度：
12.594285250622189

===============第44个全局最优解================
最佳代数：
4782
最佳分配：
6 1 3 1 1 5 1 5 6 |1 1 1 1 3 1 |1 4 1 1 1 1 1 1 3 |1 1 1 1 1 6 1 1 1 1 3 |1 3 1 1 1 1 1 1 1 1 1 1 6 3 1 1 6 |
最佳适应度：
12.642585802543692

===============第45个全局最优解================
最佳代数：
2269
最佳分配：
6 1 4 1 1 5 1 5 6 |1 1 1 1 3 1 |1 4 1 1 1 1 1 1 3 |1 1 1 1 1 6 1 1 1 1 4 |1 3 1 1 1 1 1 1 1 1 1 1 6 1 1 1 6 |
最佳适应度：
12.82323090056364

===============第46个全局最优解================
最佳代数：
191
最佳分配：
6 1 5 1 1 5 1 5 6 |1 1 1 1 3 1 |1 4 1 1 1 1 1 1 4 |1 1 1 1 1 6 1 1 1 1 1 |1 3 1 1 1 1 1 1 1 1 1 1 6 2 1 1 6 |
最佳适应度：
12.731879558237491

===============第47个全局最优解================
最佳代数：
4877
最佳分配：
6 1 3 1 1 5 1 4 6 |1 1 1 1 3 1 |1 4 1 1 1 1 1 1 4 |1 1 1 1 1 6 1 1 1 1 4 |1 3 1 1 1 1 1 1 1 1 1 1 6 2 1 1 6 |
最佳适应度：
12.989287358847763

===============第48个全局最优解================
最佳代数：
1649
最佳分配：
6 1 4 1 1 5 1 5 6 |1 1 1 1 2 1 |1 4 1 1 1 1 1 1 3 |1 1 1 1 1 6 1 1 1 1 5 |1 3 1 1 1 1 1 1 1 1 1 1 6 1 1 1 6 |
最佳适应度：
12.721668302646016

===============第49个全局最优解================
最佳代数：
377
最佳分配：
6 1 4 1 1 5 1 5 6 |1 1 1 1 2 1 |1 4 1 1 1 1 1 1 4 |1 1 1 1 1 6 1 1 1 1 4 |1 3 1 1 1 1 1 1 1 1 1 1 6 1 1 1 6 |
最佳适应度：
12.661660845001386

===============第50个全局最优解================
最佳代数：
3898
最佳分配：
6 1 4 1 1 5 1 4 6 |1 1 1 1 3 1 |1 4 1 1 1 1 1 1 3 |1 1 1 1 1 6 1 1 1 1 3 |1 3 1 1 1 1 1 1 1 1 1 1 6 3 1 1 6 |
最佳适应度：
12.67622734662774

===============第51个全局最优解================
最佳代数：
1647
最佳分配：
6 1 4 1 1 5 1 5 6 |1 1 1 1 3 1 |1 4 1 1 1 1 1 1 3 |1 1 1 1 1 6 1 1 1 1 4 |1 3 1 1 1 1 1 1 1 1 1 1 6 1 1 1 6 |
最佳适应度：
12.712842555027168

===============第52个全局最优解================
最佳代数：
2843
最佳分配：
6 1 4 1 1 5 1 5 6 |1 1 1 1 3 1 |1 4 1 1 1 1 1 1 3 |1 1 1 1 1 6 1 1 1 1 3 |1 3 1 1 1 1 1 2 1 1 1 1 6 1 1 1 6 |
最佳适应度：
12.798595132339651

===============第53个全局最优解================
最佳代数：
138
最佳分配：
6 1 5 1 1 5 1 5 6 |1 1 1 1 3 1 |1 4 1 1 1 1 1 1 1 |1 1 1 1 1 6 1 1 1 1 4 |1 3 1 1 1 1 1 1 1 1 1 1 6 2 1 1 6 |
最佳适应度：
12.442163392050062

===============第54个全局最优解================
最佳代数：
948
最佳分配：
6 1 4 1 1 5 1 5 6 |1 1 1 1 3 1 |1 4 1 1 1 1 1 1 4 |1 1 1 1 1 6 1 1 1 1 1 |1 4 1 1 1 1 1 2 1 1 1 1 6 1 1 1 6 |
最佳适应度：
12.599752307867101

===============第55个全局最优解================
最佳代数：
1208
最佳分配：
6 1 4 1 1 5 1 5 6 |1 1 1 1 1 1 |1 4 1 1 1 1 1 1 3 |1 1 1 1 1 6 1 1 1 1 4 |1 3 1 1 1 1 1 2 1 1 1 1 6 2 1 1 6 |
最佳适应度：
12.567653125244412

===============第56个全局最优解================
最佳代数：
495
最佳分配：
6 1 4 1 1 5 1 5 6 |1 1 1 1 3 1 |1 4 1 1 1 1 1 1 3 |1 1 1 1 1 6 1 1 1 1 4 |1 3 1 1 1 1 1 1 1 1 1 1 6 1 1 1 6 |
最佳适应度：
12.48391422049302

===============第57个全局最优解================
最佳代数：
6603
最佳分配：
6 1 4 1 1 5 1 5 6 |1 1 1 1 3 1 |1 4 1 1 1 1 1 1 3 |1 1 1 1 1 6 1 1 1 1 3 |1 3 1 1 1 1 1 1 1 1 1 1 6 2 1 1 6 |
最佳适应度：
12.777961732810581

===============第58个全局最优解================
最佳代数：
4034
最佳分配：
6 1 4 1 1 5 1 5 6 |1 1 1 1 3 1 |1 4 1 1 1 1 1 1 3 |1 1 1 1 1 6 1 1 1 1 4 |1 3 1 1 1 1 1 1 1 1 1 1 6 1 1 1 6 |
最佳适应度：
12.771197333981927

===============第59个全局最优解================
最佳代数：
1089
最佳分配：
6 1 4 1 1 5 1 5 6 |1 1 1 1 3 1 |1 4 1 1 1 1 1 1 4 |1 1 1 1 1 5 1 1 1 1 4 |1 3 1 1 1 1 1 1 1 1 1 1 6 1 1 1 6 |
最佳适应度：
12.734912189626858

===============第60个全局最优解================
最佳代数：
112
最佳分配：
6 1 4 1 1 5 1 5 6 |1 1 1 1 1 1 |1 4 1 1 1 1 1 1 3 |1 1 1 1 1 6 1 1 1 1 5 |1 3 1 1 1 1 1 1 1 1 1 1 6 2 1 1 6 |
最佳适应度：
12.671722721765692

最大适应度：12.989287358847763
最小适应度：12.403832377833638
平均适应度：12.685122483704715
估计标准差值：0.12889328029070188
最佳分配：
6 1 3 1 1 5 1 4 6 |1 1 1 1 3 1 |1 4 1 1 1 1 1 1 4 |1 1 1 1 1 6 1 1 1 1 4 |1 3 1 1 1 1 1 1 1 1 1 1 6 2 1 1 6 |
PSO算法运行求解巡逻调度问题耗时：0小时，21分钟，38秒
===============第1个全局最优解================
最佳代数：
1747
最佳分配：
6 1 4 1 1 5 1 5 6 |1 1 1 1 3 1 |1 4 1 1 1 1 1 1 3 |1 1 1 1 1 6 1 1 1 1 4 |1 3 1 1 1 1 1 1 1 1 1 1 6 1 1 1 6 |
最佳适应度：
12.739061237125238

===============第2个全局最优解================
最佳代数：
1009
最佳分配：
6 1 4 1 1 5 1 5 6 |1 1 1 1 2 1 |1 4 1 1 1 1 1 1 3 |1 1 1 1 1 6 1 1 1 1 4 |1 4 1 1 1 1 1 1 1 1 1 1 6 1 1 1 6 |
最佳适应度：
12.666167609393497

===============第3个全局最优解================
最佳代数：
354
最佳分配：
6 1 4 1 1 5 1 5 6 |1 1 1 1 1 1 |1 5 1 1 1 1 1 1 4 |1 1 1 1 1 6 1 1 1 1 4 |1 3 1 1 1 1 1 1 1 1 1 1 6 1 1 1 6 |
最佳适应度：
12.683231859477736

===============第1个全局最优解================
最佳代数：
5200
最佳分配：
6 1 4 1 1 5 1 4 6 |1 1 1 1 3 1 |1 4 1 1 1 1 1 1 4 |1 1 1 1 1 6 1 1 1 1 4 |1 2 1 1 1 1 1 1 1 1 1 1 6 2 1 1 6 |
最佳适应度：
12.841278167667896

===============第2个全局最优解================
最佳代数：
3175
最佳分配：
6 1 4 1 1 5 1 5 6 |1 1 1 1 3 1 |1 4 1 1 1 1 1 1 3 |1 1 1 1 1 6 1 1 1 1 3 |1 3 1 1 1 1 1 1 1 1 1 1 6 2 1 1 6 |
最佳适应度：
12.874007486932749

===============第3个全局最优解================
最佳代数：
9533
最佳分配：
6 1 4 1 1 5 1 5 6 |1 1 1 1 2 1 |1 4 1 1 1 1 1 1 3 |1 1 1 1 1 6 1 1 1 1 4 |1 3 1 1 1 1 1 2 1 1 1 1 6 1 1 1 6 |
最佳适应度：
12.75172109610992

最大适应度：12.874007486932749
最小适应度：12.75172109610992
平均适应度：12.822335583570188
估计标准差值：0.0633056590230485
最佳分配：
6 1 4 1 1 5 1 5 6 |1 1 1 1 3 1 |1 4 1 1 1 1 1 1 3 |1 1 1 1 1 6 1 1 1 1 3 |1 3 1 1 1 1 1 1 1 1 1 1 6 2 1 1 6 |
PSO算法运行求解巡逻调度问题耗时：0小时，1分钟，9秒
