===============第1个全局最优解================
最佳代数：
750
最佳分配：
5 1 5 1 1 4 1 4 6 |1 1 1 1 5 1 |1 4 1 1 1 1 2 1 4 |1 1 1 1 1 6 1 1 1 1 5 |1 1 1 1 1 1 1 1 1 1 1 2 4 2 1 1 5 |
最佳适应度：
12.209278990371606

===============第2个全局最优解================
最佳代数：
928
最佳分配：
5 1 4 1 1 5 1 4 6 |1 1 1 1 4 1 |1 5 1 1 1 1 1 2 3 |1 1 1 1 1 6 1 1 1 1 4 |1 2 1 1 1 1 1 2 1 1 1 1 5 2 1 1 5 |
最佳适应度：
12.600062796235552

===============第3个全局最优解================
最佳代数：
904
最佳分配：
6 1 4 1 1 3 1 3 6 |1 1 1 1 1 1 |1 6 1 1 1 1 1 2 5 |1 1 1 1 1 4 1 1 1 1 4 |1 3 1 1 1 1 1 2 1 1 1 1 6 3 1 1 6 |
最佳适应度：
12.46205270951618

===============第4个全局最优解================
最佳代数：
666
最佳分配：
6 1 6 1 1 4 1 4 6 |1 1 1 2 1 1 |1 4 1 1 1 1 3 2 5 |1 1 1 1 1 4 1 2 1 1 4 |1 2 1 1 1 1 1 1 1 1 1 1 4 1 1 1 6 |
最佳适应度：
12.412757775762312

===============第5个全局最优解================
最佳代数：
525
最佳分配：
4 1 4 1 2 4 1 4 6 |2 1 1 1 3 1 |1 4 1 1 1 1 1 1 4 |1 1 1 1 1 5 1 1 1 1 4 |1 4 1 1 2 1 1 1 1 1 1 1 5 2 1 1 6 |
最佳适应度：
12.5650537253341

===============第6个全局最优解================
最佳代数：
280
最佳分配：
6 1 4 1 1 6 1 6 5 |1 1 1 1 3 1 |1 3 1 1 1 1 1 1 3 |1 1 1 1 1 3 1 1 1 1 5 |1 2 1 1 1 1 1 2 1 1 1 3 5 2 1 1 6 |
最佳适应度：
12.48548378523449

===============第7个全局最优解================
最佳代数：
958
最佳分配：
6 1 3 1 1 5 1 4 6 |1 1 1 1 3 1 |1 3 1 1 1 1 2 3 3 |1 1 1 1 1 6 1 1 1 1 5 |1 2 2 1 2 1 1 1 1 1 1 1 5 1 1 1 5 |
最佳适应度：
12.401587120465983

===============第8个全局最优解================
最佳代数：
777
最佳分配：
6 1 5 1 1 6 1 3 5 |1 1 1 1 2 1 |1 4 1 1 1 1 1 2 5 |1 1 1 1 1 4 1 1 1 1 5 |1 2 1 1 1 1 1 2 1 1 2 1 5 1 1 1 6 |
最佳适应度：
12.730257391192477

===============第9个全局最优解================
最佳代数：
377
最佳分配：
5 1 4 1 2 5 1 4 6 |1 1 2 1 1 1 |1 4 1 1 1 1 1 2 2 |1 1 1 1 1 5 1 1 1 1 5 |1 4 1 1 1 1 1 3 1 1 1 1 5 1 1 1 6 |
最佳适应度：
12.470583911777059

===============第10个全局最优解================
最佳代数：
685
最佳分配：
4 1 6 1 1 5 1 4 5 |1 1 1 1 3 1 |2 4 1 1 1 1 1 1 2 |1 1 1 1 1 5 1 2 1 1 5 |1 3 1 1 1 1 1 1 1 1 1 1 5 3 1 1 6 |
最佳适应度：
12.417535386883966

===============第11个全局最优解================
最佳代数：
479
最佳分配：
6 1 4 1 1 5 1 5 4 |1 1 1 1 3 1 |1 3 1 1 1 1 2 1 5 |1 1 1 1 1 5 1 1 1 1 5 |1 4 1 1 1 1 1 1 1 1 1 1 5 1 1 1 6 |
最佳适应度：
12.516082709772125

===============第12个全局最优解================
最佳代数：
824
最佳分配：
5 1 5 1 2 5 1 4 5 |1 1 1 1 1 1 |1 5 1 1 1 1 1 1 4 |1 1 1 1 1 6 1 1 1 1 3 |1 4 2 1 1 1 1 1 1 1 1 1 6 1 1 1 6 |
最佳适应度：
12.448884376500983

===============第13个全局最优解================
最佳代数：
390
最佳分配：
4 1 4 1 1 5 1 4 6 |1 1 1 1 4 1 |1 4 1 1 1 1 1 2 4 |1 1 1 1 1 4 1 1 1 1 4 |1 4 1 1 1 1 1 2 1 1 1 1 6 1 1 1 6 |
最佳适应度：
12.548286512304555

===============第14个全局最优解================
最佳代数：
685
最佳分配：
6 1 4 1 2 5 1 4 6 |1 1 1 1 2 1 |1 2 1 1 1 1 1 2 3 |1 1 1 1 1 6 1 1 1 2 5 |1 3 1 1 1 1 1 1 1 1 1 1 5 2 1 1 6 |
最佳适应度：
12.51112081091445

===============第15个全局最优解================
最佳代数：
809
最佳分配：
6 1 4 1 2 5 1 5 4 |1 1 1 1 3 1 |1 5 1 1 1 1 1 1 2 |1 1 1 1 1 4 1 1 1 1 3 |1 3 1 1 3 1 1 1 1 1 1 1 6 4 1 1 5 |
最佳适应度：
12.603027175658461

===============第16个全局最优解================
最佳代数：
864
最佳分配：
6 1 5 1 1 4 1 3 5 |1 1 1 1 3 1 |1 4 1 1 2 1 1 1 4 |1 1 1 1 1 6 1 2 1 1 4 |1 3 1 1 1 1 1 2 1 1 1 1 5 2 1 1 5 |
最佳适应度：
12.2842815469884

===============第17个全局最优解================
最佳代数：
318
最佳分配：
5 1 4 1 1 6 1 5 5 |1 1 1 1 1 1 |1 4 1 1 1 1 1 1 4 |1 1 1 1 1 5 1 1 1 1 5 |1 4 1 1 1 1 1 2 1 1 1 2 4 2 1 1 6 |
最佳适应度：
12.429037545709512

===============第18个全局最优解================
最佳代数：
840
最佳分配：
5 1 4 1 1 4 1 4 5 |1 1 1 1 5 2 |1 5 1 1 1 1 2 1 4 |1 1 1 1 1 5 1 1 1 1 2 |1 4 1 1 2 1 1 1 1 1 1 1 5 1 1 1 6 |
最佳适应度：
12.485654527147167

===============第19个全局最优解================
最佳代数：
886
最佳分配：
5 1 4 1 1 5 2 4 6 |1 1 1 1 4 1 |1 3 1 1 1 1 1 1 3 |1 1 2 1 1 5 1 1 1 1 5 |1 3 1 1 1 1 1 1 1 1 1 1 5 3 1 1 5 |
最佳适应度：
12.42218844332473

===============第20个全局最优解================
最佳代数：
987
最佳分配：
5 1 4 1 1 4 1 4 5 |1 1 1 1 2 1 |1 6 1 1 1 1 1 1 4 |1 1 1 1 1 6 1 1 1 1 3 |1 2 1 1 1 1 3 2 1 1 1 1 5 3 1 1 6 |
最佳适应度：
12.563615049752531

===============第21个全局最优解================
最佳代数：
685
最佳分配：
5 1 2 1 2 5 1 4 6 |1 1 1 1 1 1 |1 4 1 1 1 1 1 1 6 |1 1 1 1 1 5 1 1 1 1 5 |1 4 2 1 1 1 1 1 1 1 1 1 6 1 1 1 6 |
最佳适应度：
12.612272825209265

===============第22个全局最优解================
最佳代数：
858
最佳分配：
5 1 2 1 1 4 1 4 6 |1 2 1 1 3 1 |1 5 1 1 1 1 1 2 1 |1 1 1 1 1 6 1 1 1 1 6 |1 3 1 1 1 1 2 1 1 1 1 2 6 1 1 1 6 |
最佳适应度：
12.45509899105036

===============第23个全局最优解================
最佳代数：
979
最佳分配：
5 1 6 1 2 5 1 5 6 |1 1 1 1 1 1 |1 3 1 1 1 1 1 1 3 |1 1 1 1 1 6 1 1 1 1 4 |1 4 1 1 1 1 1 1 1 1 1 1 6 1 1 1 6 |
最佳适应度：
12.253992859898553

===============第24个全局最优解================
最佳代数：
641
最佳分配：
6 1 5 1 1 3 1 5 6 |1 1 1 1 3 1 |1 4 1 1 1 1 1 1 6 |1 1 1 1 1 4 1 1 1 1 1 |1 4 3 1 1 1 1 1 1 1 1 1 5 2 1 1 6 |
最佳适应度：
12.575521307426495

===============第25个全局最优解================
最佳代数：
415
最佳分配：
6 1 4 1 1 3 1 5 4 |1 1 1 1 3 1 |1 6 1 1 1 1 1 1 3 |1 1 1 1 1 5 1 1 1 1 4 |1 2 1 1 1 1 1 3 1 1 1 1 6 3 1 1 6 |
最佳适应度：
12.421390400564395

===============第26个全局最优解================
最佳代数：
171
最佳分配：
6 1 6 1 1 5 1 5 4 |1 1 1 1 3 1 |1 3 1 1 1 1 1 1 4 |1 1 1 1 1 5 1 1 1 1 4 |1 4 1 1 1 1 1 2 1 1 1 1 5 1 1 1 6 |
最佳适应度：
12.510602732950066

===============第27个全局最优解================
最佳代数：
403
最佳分配：
5 1 3 1 1 6 1 5 6 |1 1 1 1 2 1 |1 3 1 1 1 1 2 1 3 |1 1 1 1 1 6 1 1 1 1 2 |1 1 1 1 1 1 1 1 1 1 1 4 5 5 1 1 6 |
最佳适应度：
12.581452808014175

===============第28个全局最优解================
最佳代数：
579
最佳分配：
6 1 3 1 1 5 1 6 4 |1 1 1 1 4 1 |1 3 1 1 1 1 1 4 4 |1 1 1 1 2 6 1 2 1 1 1 |1 2 1 1 1 1 1 1 1 1 1 1 6 1 1 1 6 |
最佳适应度：
12.477424354511909

===============第29个全局最优解================
最佳代数：
963
最佳分配：
4 1 4 1 1 5 1 4 6 |1 1 1 1 5 1 |1 3 1 1 1 1 1 1 4 |1 1 1 1 1 3 1 1 1 1 3 |1 4 2 1 1 1 1 2 1 1 1 1 6 3 1 1 6 |
最佳适应度：
12.369408427691896

===============第30个全局最优解================
最佳代数：
926
最佳分配：
5 1 3 1 1 5 1 5 6 |1 1 1 1 3 1 |1 4 1 1 1 1 1 1 3 |1 1 2 1 1 6 1 1 1 1 1 |1 4 1 1 1 1 1 2 1 1 1 2 6 2 1 1 6 |
最佳适应度：
12.405547648550652

===============第31个全局最优解================
最佳代数：
806
最佳分配：
6 1 4 1 1 5 1 5 5 |1 1 1 1 5 1 |1 5 1 1 1 1 1 2 1 |1 1 1 1 1 5 1 1 1 1 1 |1 4 1 1 2 1 1 2 1 1 1 1 6 1 1 1 6 |
最佳适应度：
12.520245745474268

===============第32个全局最优解================
最佳代数：
777
最佳分配：
6 1 6 1 1 3 1 5 6 |1 1 1 1 3 1 |1 4 1 1 1 1 1 1 2 |1 1 1 1 1 3 1 1 1 1 4 |1 5 4 1 1 1 1 1 1 1 1 1 5 2 1 1 5 |
最佳适应度：
12.333124817364995

===============第33个全局最优解================
最佳代数：
673
最佳分配：
6 1 3 1 1 5 1 4 5 |1 1 1 1 5 1 |1 4 1 1 1 1 1 1 3 |1 1 1 1 1 6 1 1 1 1 4 |1 4 1 2 1 1 1 1 1 1 1 1 4 1 1 2 6 |
最佳适应度：
12.424351796066027

===============第34个全局最优解================
最佳代数：
476
最佳分配：
6 1 4 1 1 4 1 4 5 |1 2 1 1 3 1 |1 5 1 1 1 1 1 1 3 |1 1 1 1 1 5 1 2 1 1 6 |1 1 1 1 1 1 1 3 1 1 1 1 5 1 1 1 6 |
最佳适应度：
12.467691797476103

===============第35个全局最优解================
最佳代数：
686
最佳分配：
6 1 3 1 1 4 1 6 5 |1 1 1 1 3 1 |1 5 1 1 1 1 1 2 4 |1 1 1 1 1 3 1 1 1 1 4 |1 4 1 1 2 1 1 2 1 1 1 1 5 1 1 1 6 |
最佳适应度：
12.791019362249324

===============第36个全局最优解================
最佳代数：
871
最佳分配：
5 1 4 1 1 3 1 5 6 |1 1 1 1 3 1 |1 4 1 1 1 1 1 1 5 |1 1 1 1 1 4 1 1 1 1 6 |1 3 1 1 1 1 2 1 1 1 1 2 5 1 1 1 6 |
最佳适应度：
12.500814305265463

===============第37个全局最优解================
最佳代数：
775
最佳分配：
6 1 4 1 1 5 1 4 6 |1 1 1 1 4 1 |1 2 1 1 1 1 1 1 1 |1 1 1 1 1 4 1 1 1 1 3 |1 4 1 1 1 1 2 3 1 1 1 1 6 4 1 1 6 |
最佳适应度：
12.436472824797825

===============第38个全局最优解================
最佳代数：
628
最佳分配：
6 1 3 1 1 5 1 5 6 |1 1 1 1 2 1 |1 6 1 1 1 1 1 1 3 |1 2 1 1 1 3 1 1 1 1 3 |1 4 2 1 1 1 1 1 1 1 1 1 6 3 1 1 5 |
最佳适应度：
12.529284154826309

===============第39个全局最优解================
最佳代数：
973
最佳分配：
6 1 4 1 1 6 1 5 4 |1 1 1 1 4 1 |1 4 1 1 1 1 1 1 1 |1 1 1 1 1 4 1 1 1 1 5 |1 4 1 1 1 1 1 2 1 1 1 2 5 3 1 1 5 |
最佳适应度：
12.457423419107451

===============第40个全局最优解================
最佳代数：
713
最佳分配：
5 1 4 1 1 5 1 6 5 |1 1 1 1 2 1 |1 5 1 1 1 1 1 1 5 |1 1 1 1 1 4 1 1 1 1 3 |1 4 1 1 1 1 1 1 1 1 1 1 5 3 1 1 6 |
最佳适应度：
12.450330519783027

===============第41个全局最优解================
最佳代数：
559
最佳分配：
6 1 4 1 1 5 1 5 5 |1 1 2 2 3 1 |2 4 1 1 1 1 1 1 3 |1 1 1 1 1 5 1 1 1 1 3 |1 4 2 1 1 1 1 1 1 1 1 1 5 1 1 1 5 |
最佳适应度：
12.35168668967684

===============第42个全局最优解================
最佳代数：
639
最佳分配：
5 1 2 1 1 6 1 4 6 |1 1 1 1 4 1 |1 3 1 1 1 1 2 1 3 |1 1 1 1 1 6 3 1 1 1 4 |1 2 1 1 1 1 1 1 1 1 1 1 5 3 1 1 6 |
最佳适应度：
12.475144561104809

===============第43个全局最优解================
最佳代数：
955
最佳分配：
6 1 3 1 1 6 1 5 6 |1 1 1 1 6 1 |1 3 1 1 1 1 1 1 2 |1 1 1 1 1 3 1 1 1 1 6 |1 3 1 1 1 1 2 1 1 1 1 1 5 1 1 1 6 |
最佳适应度：
12.47549539407835

===============第44个全局最优解================
最佳代数：
774
最佳分配：
5 1 5 1 1 6 1 5 4 |1 1 1 1 3 1 |1 6 1 1 1 1 1 2 4 |1 1 1 1 1 5 1 1 1 1 3 |1 3 1 1 1 1 1 1 1 1 1 1 5 1 1 1 6 |
最佳适应度：
12.44447344850237

===============第45个全局最优解================
最佳代数：
877
最佳分配：
6 1 5 1 1 5 1 4 5 |1 1 1 1 4 1 |2 5 1 1 1 1 1 1 3 |1 1 1 1 1 3 1 1 1 1 5 |1 4 1 1 1 1 1 2 1 1 1 1 4 1 1 1 6 |
最佳适应度：
12.618814675727595

===============第46个全局最优解================
最佳代数：
852
最佳分配：
6 1 4 2 1 4 1 5 5 |1 1 1 1 2 1 |1 4 1 2 1 1 1 1 3 |1 1 1 1 1 6 1 1 1 1 4 |1 2 1 1 1 1 1 2 1 1 1 1 6 1 2 1 6 |
最佳适应度：
12.659324608894357

===============第47个全局最优解================
最佳代数：
946
最佳分配：
5 1 5 1 2 6 1 4 6 |1 2 2 1 1 1 |1 5 1 1 1 1 1 1 3 |1 1 1 1 1 4 1 1 1 1 4 |1 4 1 1 1 1 1 1 1 1 1 1 5 1 1 1 6 |
最佳适应度：
12.426035113555647

===============第48个全局最优解================
最佳代数：
955
最佳分配：
5 1 2 1 1 5 1 5 6 |1 1 1 1 4 1 |1 3 1 1 1 1 1 1 3 |1 1 1 1 1 4 1 1 1 1 4 |1 4 1 1 2 1 1 2 1 1 1 3 6 1 1 1 6 |
最佳适应度：
12.352000143113449

===============第49个全局最优解================
最佳代数：
690
最佳分配：
6 1 5 1 1 4 1 3 6 |1 1 1 1 3 1 |1 3 1 1 2 1 1 1 3 |1 1 1 1 1 5 1 1 1 1 3 |1 5 1 1 1 1 1 2 1 1 2 1 5 2 1 1 6 |
最佳适应度：
12.371311116700081

===============第50个全局最优解================
最佳代数：
875
最佳分配：
6 1 4 1 1 5 1 4 5 |1 1 1 1 4 1 |1 4 1 1 1 1 1 1 3 |1 1 1 1 1 6 1 2 1 1 2 |1 3 2 1 2 1 1 3 1 1 1 1 5 1 1 1 5 |
最佳适应度：
12.70222349431692

===============第51个全局最优解================
最佳代数：
933
最佳分配：
6 1 6 1 1 3 1 5 5 |1 1 1 1 3 1 |1 5 1 1 1 1 1 1 4 |1 1 1 1 1 6 1 1 1 1 5 |1 3 1 1 1 1 1 1 1 1 1 1 4 1 1 1 6 |
最佳适应度：
12.464404104557946

===============第52个全局最优解================
最佳代数：
974
最佳分配：
6 1 3 1 1 5 1 4 6 |1 1 1 1 2 1 |1 6 1 1 1 1 1 2 2 |1 1 1 1 1 5 1 1 1 1 4 |1 6 1 2 1 1 1 1 1 1 1 1 5 1 1 1 5 |
最佳适应度：
12.48679975064166

===============第53个全局最优解================
最佳代数：
385
最佳分配：
6 2 4 1 1 6 1 3 6 |1 1 1 1 1 1 |1 4 1 1 1 1 1 1 5 |1 1 1 1 1 5 1 1 2 1 4 |1 1 1 1 1 1 1 3 1 1 1 1 5 2 1 1 6 |
最佳适应度：
12.395950157545588

===============第54个全局最优解================
最佳代数：
641
最佳分配：
6 1 5 1 1 5 1 6 5 |1 1 1 1 5 1 |1 5 1 1 1 1 1 1 3 |1 1 1 1 1 4 1 1 1 1 4 |1 3 1 1 1 1 1 1 1 1 1 1 4 1 1 1 6 |
最佳适应度：
12.537269969878485

===============第55个全局最优解================
最佳代数：
697
最佳分配：
6 1 3 1 1 5 1 4 6 |1 1 1 1 1 1 |1 3 1 1 1 1 1 1 5 |1 1 1 1 1 5 1 1 1 1 5 |1 2 1 1 2 1 1 5 1 1 1 1 5 1 1 1 6 |
最佳适应度：
12.595968940768524

===============第56个全局最优解================
最佳代数：
576
最佳分配：
6 1 4 1 1 4 1 5 5 |1 1 1 1 2 1 |1 4 1 1 1 1 2 3 3 |1 2 1 1 1 5 1 1 1 1 5 |1 1 1 1 1 1 1 1 1 1 1 2 5 2 1 1 6 |
最佳适应度：
12.36623969726632

===============第57个全局最优解================
最佳代数：
904
最佳分配：
5 1 3 1 1 6 1 6 6 |1 1 1 1 1 1 |1 5 1 1 1 1 1 1 2 |1 1 2 1 1 5 1 1 1 1 3 |1 3 1 1 1 1 1 1 2 1 1 1 6 3 1 1 6 |
最佳适应度：
12.306026490339791

===============第58个全局最优解================
最佳代数：
547
最佳分配：
5 1 5 1 2 4 1 5 5 |1 1 1 1 3 1 |1 4 1 1 1 1 1 1 2 |1 1 1 1 1 4 1 1 1 1 3 |1 4 1 1 1 1 1 4 1 1 1 1 5 3 1 1 6 |
最佳适应度：
12.538341750841823

===============第59个全局最优解================
最佳代数：
821
最佳分配：
6 1 6 1 1 3 1 4 6 |1 1 2 1 2 1 |1 5 1 1 1 1 1 2 4 |1 1 1 1 1 5 1 1 1 1 1 |1 3 1 1 1 1 1 3 1 1 1 2 5 1 1 1 6 |
最佳适应度：
12.419793859187948

===============第60个全局最优解================
最佳代数：
489
最佳分配：
5 1 3 1 1 4 1 5 6 |1 1 1 1 4 1 |1 4 1 1 1 1 1 1 5 |1 1 1 1 1 4 1 1 1 1 3 |1 5 1 1 1 1 2 1 1 1 1 1 6 1 1 1 6 |
最佳适应度：
12.53362472270453

最大适应度：12.791019362249324
最小适应度：12.209278990371606
平均适应度：12.477687201308807
估计标准差值：0.10997184364100565
最佳分配：
6 1 3 1 1 4 1 6 5 |1 1 1 1 3 1 |1 5 1 1 1 1 1 2 4 |1 1 1 1 1 3 1 1 1 1 4 |1 4 1 1 2 1 1 2 1 1 1 1 5 1 1 1 6 |
PSO算法运行求解巡逻调度问题耗时：0小时，2分钟，31秒
