===============第1个全局最优解================
最佳代数：
3010
最佳分配：
5 1 3 1 1 4 1 5 6 |1 1 1 1 4 1 |1 5 1 1 1 1 1 1 3 |1 1 2 1 1 5 1 1 1 1 4 |1 2 1 1 1 1 1 1 1 1 1 1 6 3 1 1 6 |
最佳适应度：
12.590367163416921

===============第2个全局最优解================
最佳代数：
8345
最佳分配：
5 1 4 1 1 4 1 5 6 |1 1 1 1 2 1 |1 5 1 1 1 1 1 1 3 |1 1 1 1 1 5 1 1 1 1 6 |1 3 1 1 1 1 1 2 1 1 1 1 5 2 1 1 6 |
最佳适应度：
12.574174770838475

===============第3个全局最优解================
最佳代数：
8218
最佳分配：
5 1 4 1 1 5 1 3 6 |1 1 1 1 4 1 |1 4 1 1 1 1 1 2 3 |1 1 1 1 1 5 1 1 1 1 5 |1 3 1 1 1 1 1 2 1 1 1 1 6 2 1 1 5 |
最佳适应度：
12.57166826837267

===============第4个全局最优解================
最佳代数：
4564
最佳分配：
5 1 4 1 3 6 1 3 6 |1 1 1 1 2 1 |1 3 1 1 1 1 1 1 3 |1 1 1 1 1 5 1 1 1 1 5 |1 3 1 1 2 1 1 1 1 1 1 2 6 1 1 1 6 |
最佳适应度：
12.72622986020652

===============第5个全局最优解================
最佳代数：
9867
最佳分配：
6 1 4 1 1 4 1 4 5 |1 1 1 1 4 1 |1 4 1 1 1 1 1 1 3 |1 1 1 1 1 5 1 1 1 1 5 |1 3 1 1 1 1 1 3 1 1 1 1 5 2 1 1 6 |
最佳适应度：
12.889662514055304

===============第6个全局最优解================
最佳代数：
3037
最佳分配：
6 1 5 1 1 4 1 5 6 |1 1 1 1 3 1 |1 4 1 1 1 1 1 1 3 |1 1 1 1 1 4 1 1 1 1 5 |1 2 1 1 2 1 1 2 1 1 1 1 6 1 1 1 6 |
最佳适应度：
12.624778458245475

===============第7个全局最优解================
最佳代数：
3231
最佳分配：
6 1 3 1 1 4 1 3 6 |1 1 1 1 2 1 |1 4 1 1 1 1 1 1 3 |1 1 1 1 1 5 2 1 1 1 6 |1 4 1 1 1 1 1 3 1 1 1 1 6 1 1 1 6 |
最佳适应度：
12.73974452523733

===============第8个全局最优解================
最佳代数：
7754
最佳分配：
5 1 4 1 1 6 1 5 5 |1 1 1 1 2 1 |1 5 1 1 1 1 1 1 3 |1 1 1 1 1 5 1 1 1 1 4 |1 5 1 1 1 1 1 1 1 1 1 1 6 1 1 1 6 |
最佳适应度：
12.693418772099838

===============第9个全局最优解================
最佳代数：
4058
最佳分配：
6 1 4 1 1 3 1 6 6 |1 1 1 1 3 2 |1 3 1 1 1 1 1 1 4 |1 1 1 1 1 5 1 1 1 1 5 |1 4 1 1 1 1 1 1 1 1 1 1 5 1 1 1 6 |
最佳适应度：
12.558658657729959

===============第10个全局最优解================
最佳代数：
7213
最佳分配：
5 1 5 1 1 5 1 5 6 |1 1 1 1 2 1 |1 4 1 1 1 1 1 1 4 |1 1 1 1 1 5 1 1 1 1 5 |1 2 1 1 1 1 2 1 1 1 1 1 5 2 1 1 6 |
最佳适应度：
12.620581643724414

===============第11个全局最优解================
最佳代数：
7512
最佳分配：
6 1 4 1 1 5 1 3 6 |1 1 1 1 3 1 |1 5 1 1 1 1 1 2 3 |1 1 1 1 1 4 2 1 1 1 4 |1 3 1 1 3 1 1 1 1 1 1 1 5 1 1 1 6 |
最佳适应度：
12.690024089873685

===============第12个全局最优解================
最佳代数：
1727
最佳分配：
6 1 6 1 1 5 1 4 6 |1 1 1 1 2 1 |1 4 1 1 1 1 1 1 2 |1 1 1 1 1 5 1 1 1 1 4 |1 3 1 2 1 1 1 3 1 1 1 1 6 1 1 1 5 |
最佳适应度：
12.753470116289357

===============第13个全局最优解================
最佳代数：
9528
最佳分配：
6 1 4 1 1 5 1 6 5 |1 1 1 1 2 1 |1 4 1 1 1 1 1 1 5 |1 1 1 1 1 5 1 1 1 1 3 |1 2 1 1 1 1 1 2 1 1 1 1 5 3 1 1 6 |
最佳适应度：
12.694980187778675

===============第14个全局最优解================
最佳代数：
8970
最佳分配：
6 1 4 1 1 4 1 6 6 |1 1 1 1 2 1 |1 5 1 1 1 1 2 1 3 |1 1 1 1 1 3 1 1 1 1 4 |1 3 1 1 1 1 1 2 1 1 1 2 6 1 1 1 6 |
最佳适应度：
12.409028079884378

===============第15个全局最优解================
最佳代数：
8886
最佳分配：
5 1 3 1 1 5 1 4 6 |1 1 1 1 2 1 |1 6 1 1 1 1 1 1 4 |1 1 1 1 1 4 1 1 1 1 4 |1 5 1 1 1 1 1 1 1 1 1 2 5 2 1 1 6 |
最佳适应度：
12.54373886610927

===============第16个全局最优解================
最佳代数：
6376
最佳分配：
6 1 4 1 1 4 1 6 5 |1 1 1 1 3 1 |1 5 1 1 1 1 1 2 4 |1 1 1 1 1 4 1 2 1 1 4 |1 2 2 1 1 1 1 1 1 1 1 1 5 1 1 1 6 |
最佳适应度：
12.28075338732861

===============第17个全局最优解================
最佳代数：
8390
最佳分配：
6 1 4 1 1 4 1 4 6 |1 1 1 1 4 1 |1 5 1 1 2 1 1 1 3 |1 1 1 1 1 6 1 1 1 1 2 |1 4 2 1 1 1 1 1 1 1 1 1 5 1 1 1 6 |
最佳适应度：
12.635932901299501

===============第18个全局最优解================
最佳代数：
6587
最佳分配：
6 1 4 1 1 5 1 4 6 |1 1 1 1 3 1 |1 5 1 1 1 1 1 1 5 |1 1 1 1 1 6 1 1 1 1 4 |1 1 2 1 1 1 1 1 1 1 1 1 4 2 1 1 6 |
最佳适应度：
12.591330934353525

===============第19个全局最优解================
最佳代数：
9464
最佳分配：
5 1 5 1 1 5 1 4 5 |1 1 1 1 4 1 |1 5 1 1 1 1 1 1 3 |1 1 1 1 1 5 1 1 1 1 5 |1 3 1 1 1 1 1 1 1 1 1 1 6 2 1 1 5 |
最佳适应度：
12.373347304384929

===============第20个全局最优解================
最佳代数：
6987
最佳分配：
6 1 6 1 1 4 2 6 6 |1 1 1 1 2 1 |1 4 1 1 1 1 1 1 3 |1 1 1 1 1 5 1 1 1 1 3 |1 4 1 1 1 1 1 1 1 1 1 1 5 1 1 1 6 |
最佳适应度：
12.45405540828718

===============第21个全局最优解================
最佳代数：
7932
最佳分配：
6 1 2 1 1 6 1 4 5 |1 1 1 1 4 1 |1 4 1 1 1 1 1 1 4 |1 1 1 1 1 4 1 1 1 1 5 |1 3 1 1 1 1 1 1 1 1 1 1 5 4 1 1 6 |
最佳适应度：
12.414817078987763

===============第22个全局最优解================
最佳代数：
7419
最佳分配：
5 1 5 1 1 5 1 3 6 |1 1 1 1 2 1 |1 4 1 1 1 1 2 1 4 |1 1 1 1 1 5 1 1 1 1 2 |1 4 1 1 3 1 1 1 1 1 1 1 6 2 1 1 6 |
最佳适应度：
12.552556543775577

===============第23个全局最优解================
最佳代数：
4230
最佳分配：
6 1 3 1 2 5 1 4 6 |1 1 1 1 1 1 |1 5 1 1 1 1 1 1 4 |1 1 1 1 1 5 1 1 1 1 5 |1 5 1 1 1 1 1 1 1 1 1 1 5 1 1 1 6 |
最佳适应度：
12.613696458880858

===============第24个全局最优解================
最佳代数：
8192
最佳分配：
6 1 5 1 1 4 1 3 5 |1 1 1 1 3 1 |1 4 1 1 1 1 1 1 3 |1 1 1 1 1 6 1 1 1 1 5 |1 4 1 1 1 1 1 1 1 2 1 1 6 1 1 1 6 |
最佳适应度：
12.696588700744499

===============第25个全局最优解================
最佳代数：
4750
最佳分配：
5 1 4 1 1 5 1 5 6 |1 1 1 1 4 1 |1 3 1 1 1 1 1 1 4 |1 1 1 1 1 6 1 1 1 1 3 |1 3 1 1 1 1 1 3 1 1 1 1 5 1 1 1 6 |
最佳适应度：
12.68547833849676

===============第26个全局最优解================
最佳代数：
5524
最佳分配：
6 1 3 1 1 4 1 5 6 |1 1 1 1 1 1 |1 6 1 1 1 1 1 2 4 |1 1 1 1 1 4 1 1 1 1 3 |1 4 1 1 1 1 1 2 1 1 1 2 6 1 1 1 6 |
最佳适应度：
12.770640041681402

===============第27个全局最优解================
最佳代数：
6905
最佳分配：
5 1 4 1 1 5 1 6 5 |1 1 1 2 3 1 |1 4 1 1 1 1 1 1 3 |1 1 1 1 1 5 1 1 1 1 4 |1 4 1 1 1 1 1 1 1 1 1 1 5 2 1 1 6 |
最佳适应度：
12.497358323082684

===============第28个全局最优解================
最佳代数：
6766
最佳分配：
5 1 3 1 1 4 1 5 6 |1 1 1 1 4 1 |1 3 1 1 1 1 1 1 3 |1 1 1 1 1 6 1 1 1 1 4 |1 4 1 1 1 1 1 1 1 1 1 1 6 4 1 1 5 |
最佳适应度：
12.69569905501494

===============第29个全局最优解================
最佳代数：
9242
最佳分配：
6 1 5 1 1 5 1 5 6 |1 1 1 1 2 1 |1 2 1 1 1 1 1 1 1 |1 1 1 1 1 6 1 1 1 1 4 |1 4 1 2 1 1 1 3 1 1 1 1 6 1 1 1 6 |
最佳适应度：
12.730894366882234

===============第30个全局最优解================
最佳代数：
9456
最佳分配：
5 1 6 1 1 5 1 5 6 |1 1 1 1 3 1 |1 3 1 1 1 1 1 1 2 |1 1 1 1 1 6 1 1 1 1 5 |1 2 1 1 1 1 1 1 1 1 1 1 5 2 1 2 6 |
最佳适应度：
12.636661334929624

===============第31个全局最优解================
最佳代数：
7202
最佳分配：
5 1 4 1 1 4 1 5 6 |1 1 1 1 4 1 |1 3 1 1 1 1 1 1 4 |1 1 1 1 1 6 1 1 1 1 5 |1 2 1 1 1 1 1 2 1 1 1 2 4 2 1 1 6 |
最佳适应度：
12.524671910404857

===============第32个全局最优解================
最佳代数：
7916
最佳分配：
6 1 3 1 1 4 1 3 6 |1 1 1 1 3 1 |1 6 1 1 1 1 1 2 4 |1 1 1 1 1 6 1 1 1 1 4 |1 3 1 1 1 1 1 1 1 1 1 1 5 2 1 1 6 |
最佳适应度：
12.652985076449552

===============第33个全局最优解================
最佳代数：
8540
最佳分配：
5 1 6 1 1 4 1 5 5 |1 1 1 1 4 1 |1 4 1 1 1 1 1 1 4 |1 1 1 1 1 5 1 1 1 1 4 |1 4 1 1 1 1 1 1 1 1 1 1 5 1 1 1 6 |
最佳适应度：
12.436251749517425

===============第34个全局最优解================
最佳代数：
7919
最佳分配：
6 1 5 1 1 3 1 4 6 |1 1 1 1 3 1 |1 4 1 1 1 1 1 1 3 |1 1 1 1 1 5 1 2 1 1 5 |1 4 2 1 1 1 1 1 1 1 1 1 5 1 1 1 6 |
最佳适应度：
12.644704096352875

===============第35个全局最优解================
最佳代数：
2035
最佳分配：
6 1 4 1 1 5 1 3 6 |1 1 1 1 4 1 |1 5 1 1 1 1 1 1 3 |1 1 1 1 1 4 1 1 1 1 4 |1 3 1 1 1 1 1 3 1 1 1 1 6 1 1 1 6 |
最佳适应度：
12.601875053350536

===============第36个全局最优解================
最佳代数：
8662
最佳分配：
6 1 5 1 1 5 1 4 6 |1 1 1 1 4 1 |1 5 1 1 1 1 1 1 3 |1 1 1 1 1 5 1 1 1 1 3 |1 3 1 1 1 1 1 2 1 1 1 1 6 2 1 1 4 |
最佳适应度：
12.53156225055686

===============第37个全局最优解================
最佳代数：
7865
最佳分配：
6 1 2 1 3 5 1 5 6 |1 1 1 1 4 1 |1 4 1 1 1 1 1 1 3 |1 1 1 1 1 4 1 2 1 1 4 |1 3 1 1 1 1 1 1 1 1 1 1 6 1 1 1 6 |
最佳适应度：
12.627353251556237

===============第38个全局最优解================
最佳代数：
4020
最佳分配：
5 1 4 1 1 4 1 5 6 |1 1 1 2 4 1 |1 4 1 1 1 1 1 1 3 |1 1 1 1 1 5 1 1 1 1 5 |1 3 1 2 1 1 1 1 1 1 1 1 5 1 1 1 6 |
最佳适应度：
12.480432309154791

===============第39个全局最优解================
最佳代数：
9858
最佳分配：
5 1 4 1 1 6 1 4 6 |1 1 1 1 4 1 |1 5 1 1 1 1 1 1 3 |1 1 1 1 1 5 1 1 1 1 3 |1 2 1 1 1 1 3 2 1 1 1 1 5 1 1 1 6 |
最佳适应度：
12.505410189316635

===============第40个全局最优解================
最佳代数：
7275
最佳分配：
6 1 3 1 1 4 1 4 5 |1 1 1 1 5 1 |1 4 1 1 1 1 1 1 3 |1 1 1 1 1 6 1 1 1 1 4 |1 3 1 1 1 1 1 3 1 1 1 1 5 2 1 1 6 |
最佳适应度：
12.525106657896966

===============第41个全局最优解================
最佳代数：
9498
最佳分配：
6 1 4 1 1 5 1 3 6 |1 1 1 1 3 1 |1 4 1 1 1 1 1 1 5 |1 1 1 1 1 3 1 1 1 1 4 |1 4 1 1 2 1 1 2 1 1 1 1 6 1 1 1 6 |
最佳适应度：
12.617935451073944

===============第42个全局最优解================
最佳代数：
7159
最佳分配：
6 1 4 1 1 4 1 4 6 |1 1 1 1 4 1 |1 5 1 1 1 1 1 1 3 |1 1 1 1 1 6 1 1 1 1 5 |1 1 1 1 1 1 1 1 1 1 1 2 6 1 1 1 6 |
最佳适应度：
12.595450145190656

===============第43个全局最优解================
最佳代数：
7777
最佳分配：
5 1 5 1 1 4 1 4 6 |1 1 1 1 3 1 |1 4 1 1 1 1 1 1 4 |1 1 1 1 1 5 1 1 1 1 4 |1 5 1 1 1 1 1 1 1 1 1 1 5 2 1 1 6 |
最佳适应度：
12.729970607799746

===============第44个全局最优解================
最佳代数：
4165
最佳分配：
5 1 5 1 1 4 1 5 5 |1 1 1 1 3 1 |1 4 1 1 1 1 1 1 4 |1 1 1 1 1 5 2 1 1 1 4 |1 4 1 1 1 1 1 1 1 1 1 1 5 2 1 1 6 |
最佳适应度：
12.547137987748815

===============第45个全局最优解================
最佳代数：
9409
最佳分配：
6 1 5 1 1 4 1 5 5 |1 1 1 1 1 1 |1 4 1 1 1 1 1 1 3 |1 1 1 1 1 5 1 1 1 1 5 |1 4 1 1 1 1 1 3 1 1 1 1 4 3 1 1 6 |
最佳适应度：
12.625964963240762

===============第46个全局最优解================
最佳代数：
9997
最佳分配：
5 1 5 1 1 5 1 4 6 |2 1 1 1 4 1 |1 3 1 1 1 1 1 2 2 |1 1 1 1 1 6 1 1 1 1 5 |1 3 1 1 1 1 1 1 1 1 1 1 5 1 1 1 6 |
最佳适应度：
12.590230653661184

===============第47个全局最优解================
最佳代数：
7742
最佳分配：
5 2 5 1 1 4 1 4 6 |1 1 1 1 3 1 |1 5 1 1 1 1 1 1 3 |1 1 1 1 1 5 1 1 1 1 4 |1 3 1 1 1 1 1 2 1 1 1 1 6 1 1 1 6 |
最佳适应度：
12.528727570076152

===============第48个全局最优解================
最佳代数：
9583
最佳分配：
6 1 4 1 1 4 1 6 6 |1 1 1 1 2 1 |1 5 1 1 1 1 2 1 2 |1 1 1 1 1 5 1 1 1 1 4 |1 5 1 1 1 1 1 1 1 1 1 1 6 1 1 1 5 |
最佳适应度：
12.630635559847569

===============第49个全局最优解================
最佳代数：
7730
最佳分配：
6 1 4 1 2 4 1 5 5 |1 1 1 1 2 1 |1 4 1 1 1 1 1 4 5 |1 1 1 1 1 6 1 1 1 1 4 |1 1 1 1 1 1 1 1 1 1 1 1 5 1 1 1 6 |
最佳适应度：
12.780340966467303

===============第50个全局最优解================
最佳代数：
5819
最佳分配：
6 1 3 1 1 5 1 5 5 |1 1 1 1 3 1 |1 4 1 1 1 1 1 1 5 |1 1 1 1 1 5 1 1 1 1 4 |1 2 1 1 1 1 1 1 1 1 1 2 5 3 1 1 6 |
最佳适应度：
12.548577395897587

===============第51个全局最优解================
最佳代数：
8634
最佳分配：
5 1 4 1 1 6 1 6 5 |1 1 1 1 2 1 |1 4 1 1 1 1 1 1 4 |1 1 1 1 1 6 1 1 1 1 4 |1 4 1 1 1 1 1 1 1 1 1 1 5 1 1 1 6 |
最佳适应度：
12.635483363938338

===============第52个全局最优解================
最佳代数：
4058
最佳分配：
5 1 4 1 1 4 1 5 5 |1 1 1 1 4 1 |1 4 1 1 1 1 1 1 4 |1 1 1 1 1 5 1 1 1 1 3 |1 2 2 1 1 1 1 2 1 1 1 1 6 3 1 1 6 |
最佳适应度：
12.522163125470653

===============第53个全局最优解================
最佳代数：
2768
最佳分配：
6 1 4 1 1 5 1 5 6 |1 1 1 1 3 1 |1 4 1 1 1 1 1 4 1 |1 1 1 1 1 6 1 1 1 1 4 |1 3 1 1 1 1 1 2 1 1 1 1 5 1 1 1 5 |
最佳适应度：
12.499225685150362

===============第54个全局最优解================
最佳代数：
9056
最佳分配：
6 1 4 1 1 5 1 6 6 |1 1 1 1 3 1 |1 3 1 1 1 1 1 1 2 |1 1 1 1 1 6 1 1 1 1 4 |1 4 1 1 1 1 1 1 1 2 1 1 5 2 1 1 5 |
最佳适应度：
12.504331129755517

===============第55个全局最优解================
最佳代数：
7588
最佳分配：
6 1 4 1 3 5 1 4 6 |1 1 1 1 4 1 |1 3 1 1 1 1 1 1 3 |1 1 1 1 1 5 1 1 1 1 5 |1 3 1 1 1 1 1 1 1 1 1 1 5 1 1 1 6 |
最佳适应度：
12.4945592434196

===============第56个全局最优解================
最佳代数：
8983
最佳分配：
6 1 4 1 1 4 1 5 6 |1 1 1 1 3 1 |1 4 1 1 1 1 1 1 3 |1 1 1 1 1 5 1 1 1 1 5 |1 3 1 2 1 1 1 1 1 1 1 1 6 1 1 1 6 |
最佳适应度：
12.545216177694172

===============第57个全局最优解================
最佳代数：
7440
最佳分配：
6 1 3 1 1 5 1 4 6 |1 1 1 1 4 1 |1 3 1 1 1 1 1 2 3 |1 1 1 1 1 6 1 1 1 1 2 |1 3 1 1 1 1 1 1 1 1 1 2 6 3 1 1 6 |
最佳适应度：
12.563254717402373

===============第58个全局最优解================
最佳代数：
3364
最佳分配：
6 1 3 1 2 3 1 6 6 |1 1 1 1 4 1 |1 5 1 1 1 1 1 1 5 |1 1 1 1 1 4 1 1 1 1 2 |1 3 1 1 1 1 1 1 1 1 1 1 6 2 1 1 6 |
最佳适应度：
12.476164849646262

===============第59个全局最优解================
最佳代数：
6643
最佳分配：
5 1 2 1 2 5 1 4 6 |1 1 1 1 3 1 |1 5 1 1 1 1 1 2 3 |1 1 1 1 1 5 1 1 1 1 5 |1 4 1 1 2 1 1 1 1 1 1 1 5 1 1 1 6 |
最佳适应度：
12.305812633668662

===============第60个全局最优解================
最佳代数：
5838
最佳分配：
6 1 3 1 2 6 1 6 6 |1 1 1 1 3 1 |1 4 1 1 1 1 1 1 4 |1 1 1 1 1 6 1 1 1 1 4 |1 2 1 1 1 1 1 1 1 1 1 1 5 1 1 1 5 |
最佳适应度：
12.592215899418814

最大适应度：12.889662514055304
最小适应度：12.28075338732861
平均适应度：12.586234780385288
估计标准差值：0.11465226585547292
最佳分配：
6 1 4 1 1 4 1 4 5 |1 1 1 1 4 1 |1 4 1 1 1 1 1 1 3 |1 1 1 1 1 5 1 1 1 1 5 |1 3 1 1 1 1 1 3 1 1 1 1 5 2 1 1 6 |
PSO算法运行求解巡逻调度问题耗时：0小时，24分钟，29秒
