===============第1个全局最优解================
最佳代数：
1817
最佳分配：
6 1 2 1 1 4 2 4 6 |1 1 1 1 3 1 |1 5 1 1 1 1 1 1 3 |1 1 1 1 1 6 1 1 1 1 4 |1 5 1 1 1 1 1 2 1 1 1 1 6 1 1 1 5 |
最佳适应度：
12.655861525220336

===============第2个全局最优解================
最佳代数：
1553
最佳分配：
5 1 5 1 1 6 1 4 6 |1 1 1 1 4 1 |2 5 1 1 1 1 1 1 3 |1 1 1 1 1 6 1 1 1 1 3 |1 2 1 1 1 1 1 1 1 1 1 1 5 1 1 1 6 |
最佳适应度：
12.2168936079498

===============第3个全局最优解================
最佳代数：
1762
最佳分配：
6 1 4 1 1 5 1 5 6 |1 1 1 1 2 1 |1 2 1 1 1 1 1 1 2 |1 1 1 1 1 5 1 1 1 1 4 |1 5 3 1 1 1 1 1 1 1 1 2 6 1 1 1 6 |
最佳适应度：
12.529833654009552

===============第4个全局最优解================
最佳代数：
1809
最佳分配：
6 1 4 1 1 4 1 5 5 |1 1 1 1 2 1 |1 4 1 1 1 1 1 1 5 |1 1 1 1 1 4 1 1 1 1 2 |1 4 1 1 2 1 1 1 1 1 1 1 6 4 1 1 6 |
最佳适应度：
12.62270069684195

===============第5个全局最优解================
最佳代数：
991
最佳分配：
6 1 3 1 2 6 1 5 5 |1 1 1 1 1 1 |1 6 1 1 1 1 1 1 4 |1 1 1 1 1 5 1 1 1 1 3 |1 5 1 1 1 1 1 1 1 1 1 1 6 1 1 1 5 |
最佳适应度：
12.41750129007655

===============第6个全局最优解================
最佳代数：
1973
最佳分配：
6 1 4 1 1 5 1 5 5 |1 1 1 1 4 1 |1 5 1 1 1 1 1 3 4 |1 1 1 1 1 6 1 1 1 1 4 |1 1 1 1 1 1 1 1 1 1 1 1 4 1 1 1 6 |
最佳适应度：
12.52398804330826

===============第7个全局最优解================
最佳代数：
1734
最佳分配：
6 1 3 1 2 4 1 4 6 |1 1 1 1 2 1 |1 5 1 1 1 1 1 2 4 |1 1 2 1 1 5 1 1 1 1 5 |1 4 1 1 1 1 1 1 1 1 1 1 5 1 1 1 5 |
最佳适应度：
12.611459305311032

===============第8个全局最优解================
最佳代数：
555
最佳分配：
4 1 4 1 1 5 1 5 6 |1 1 1 1 3 1 |1 5 1 1 1 1 1 2 4 |1 1 1 1 1 5 1 1 1 1 5 |1 3 1 1 1 1 1 1 1 1 1 1 5 1 1 1 6 |
最佳适应度：
12.677213920130823

===============第9个全局最优解================
最佳代数：
1085
最佳分配：
5 1 3 1 2 4 1 3 6 |1 1 1 1 3 1 |1 6 1 1 1 1 1 1 4 |1 1 1 1 1 3 1 2 1 1 4 |1 3 2 1 1 1 1 2 1 1 1 1 5 3 1 1 6 |
最佳适应度：
12.671543412745294

===============第10个全局最优解================
最佳代数：
1420
最佳分配：
5 1 4 1 1 4 1 3 6 |1 1 1 1 3 1 |1 4 1 1 1 1 1 2 3 |1 1 1 1 1 5 1 2 1 1 5 |1 3 1 1 1 1 1 2 1 1 1 1 5 4 1 1 5 |
最佳适应度：
12.44434864266294

===============第11个全局最优解================
最佳代数：
1916
最佳分配：
6 1 5 1 1 4 1 5 6 |1 1 2 1 2 1 |1 4 1 1 1 1 1 1 5 |1 1 1 1 1 4 1 1 1 1 2 |1 2 1 1 1 1 1 2 1 1 1 1 5 4 1 1 6 |
最佳适应度：
12.355979032213806

===============第12个全局最优解================
最佳代数：
1980
最佳分配：
4 1 5 1 1 4 1 5 6 |1 1 1 1 3 1 |1 5 1 1 1 1 1 2 3 |1 1 1 1 1 4 1 1 1 1 5 |1 4 1 1 1 1 1 1 1 1 1 1 6 1 1 1 6 |
最佳适应度：
12.639123055202164

===============第13个全局最优解================
最佳代数：
1998
最佳分配：
5 1 4 1 1 5 1 5 6 |2 1 1 1 1 1 |2 4 1 1 1 1 1 2 4 |1 1 1 1 1 6 1 1 1 1 5 |1 2 1 1 1 1 1 1 1 1 1 1 5 2 1 1 5 |
最佳适应度：
12.542990857952091

===============第14个全局最优解================
最佳代数：
801
最佳分配：
5 1 4 1 1 3 1 4 6 |1 1 1 1 4 1 |1 4 1 1 1 1 1 1 3 |1 1 1 1 1 4 1 1 1 1 5 |1 2 1 1 1 1 2 3 1 1 1 1 6 3 1 1 6 |
最佳适应度：
12.385968486467934

===============第15个全局最优解================
最佳代数：
1534
最佳分配：
6 1 3 1 1 4 1 4 6 |1 1 1 1 4 1 |2 5 1 1 1 1 1 2 4 |1 1 2 1 1 5 1 1 1 1 1 |1 5 1 1 1 1 1 1 1 1 1 1 5 1 1 1 6 |
最佳适应度：
12.511915514165146

===============第16个全局最优解================
最佳代数：
1947
最佳分配：
6 1 3 1 2 6 1 5 6 |1 1 1 1 2 1 |1 4 1 1 1 1 1 2 3 |1 1 1 1 1 3 1 1 1 1 5 |1 3 1 1 1 1 1 1 1 1 1 2 6 2 1 1 5 |
最佳适应度：
12.370903639304911

===============第17个全局最优解================
最佳代数：
1863
最佳分配：
6 1 3 1 1 5 1 4 5 |1 1 1 1 1 2 |1 3 1 1 1 1 1 2 5 |1 1 1 1 1 6 1 1 1 1 5 |1 2 1 1 1 1 3 1 1 1 1 1 6 1 1 1 6 |
最佳适应度：
12.664094738492835

===============第18个全局最优解================
最佳代数：
742
最佳分配：
5 1 5 1 1 5 1 5 6 |1 1 1 1 2 1 |1 5 1 1 1 1 1 1 2 |1 1 1 1 1 5 1 2 2 1 4 |1 3 1 1 1 1 2 1 1 1 1 1 5 1 1 1 6 |
最佳适应度：
12.493441220434436

===============第19个全局最优解================
最佳代数：
1524
最佳分配：
5 1 4 1 1 5 1 6 5 |1 1 1 1 1 1 |1 5 1 1 1 1 1 3 1 |1 1 1 1 1 6 1 1 1 1 6 |1 3 1 1 1 1 2 1 1 1 1 1 5 1 1 1 6 |
最佳适应度：
12.573966444705052

===============第20个全局最优解================
最佳代数：
1827
最佳分配：
5 1 3 1 1 6 1 4 6 |1 1 1 1 2 1 |1 4 1 1 1 1 1 1 4 |1 1 1 1 1 5 2 1 1 1 4 |1 4 1 1 1 1 1 2 1 1 1 1 5 1 1 2 6 |
最佳适应度：
12.557372303995969

===============第21个全局最优解================
最佳代数：
1294
最佳分配：
4 1 2 1 1 5 1 5 6 |1 1 1 1 3 1 |1 5 1 1 1 1 1 1 4 |1 1 1 1 1 5 1 1 1 1 3 |1 3 2 1 2 1 1 3 1 1 1 1 5 2 1 1 6 |
最佳适应度：
12.489245771472246

===============第22个全局最优解================
最佳代数：
849
最佳分配：
6 1 4 1 1 4 1 3 6 |1 1 1 1 1 1 |1 4 1 1 1 1 1 2 4 |1 1 1 1 1 5 2 1 1 1 4 |1 3 1 1 1 1 4 1 1 1 1 1 4 3 1 1 6 |
最佳适应度：
12.493328377497086

===============第23个全局最优解================
最佳代数：
1062
最佳分配：
6 1 6 1 1 6 1 5 4 |1 1 1 2 3 1 |1 4 1 1 1 1 1 2 2 |1 1 1 1 1 5 1 1 1 1 3 |1 2 1 1 1 1 1 1 1 1 1 1 6 2 1 1 6 |
最佳适应度：
12.421190266486272

===============第24个全局最优解================
最佳代数：
1242
最佳分配：
5 1 4 1 1 6 1 6 5 |1 1 1 1 1 1 |2 6 1 1 1 1 1 1 3 |1 1 1 1 1 6 1 1 1 1 2 |1 3 1 1 1 1 1 1 1 1 1 1 5 3 1 1 6 |
最佳适应度：
12.175061031020931

===============第25个全局最优解================
最佳代数：
809
最佳分配：
6 1 6 1 1 5 1 4 5 |1 1 1 1 3 2 |1 3 1 1 1 1 1 1 4 |1 1 1 1 1 5 1 1 1 1 3 |1 3 1 1 2 1 1 2 1 1 1 1 5 1 1 1 6 |
最佳适应度：
12.405715501985407

===============第26个全局最优解================
最佳代数：
1919
最佳分配：
5 1 6 1 1 6 1 4 5 |1 1 1 1 2 1 |1 5 1 1 1 1 3 1 3 |1 1 1 1 1 4 1 1 1 1 4 |1 3 1 1 1 1 1 2 1 1 1 1 5 1 1 1 6 |
最佳适应度：
12.552329737222452

===============第27个全局最优解================
最佳代数：
1534
最佳分配：
5 1 4 1 1 5 1 3 6 |1 1 1 1 3 1 |1 4 1 1 1 1 1 1 3 |1 1 1 1 1 6 1 1 1 1 3 |1 3 1 1 1 1 1 1 1 1 1 5 6 1 1 1 6 |
最佳适应度：
12.627134858615333

===============第28个全局最优解================
最佳代数：
1681
最佳分配：
6 1 4 1 1 4 1 5 5 |2 1 1 1 4 1 |1 3 1 1 1 1 1 1 2 |1 1 1 1 1 4 1 1 1 1 4 |1 4 1 1 1 1 1 3 1 1 1 2 6 1 1 1 6 |
最佳适应度：
12.340767659363665

===============第29个全局最优解================
最佳代数：
1795
最佳分配：
6 1 6 1 1 4 1 5 6 |1 1 1 1 1 1 |1 6 1 1 2 1 1 1 4 |1 1 1 1 1 5 1 1 1 1 2 |1 3 1 1 1 1 1 1 1 1 1 1 6 1 1 1 6 |
最佳适应度：
12.454180189359066

===============第30个全局最优解================
最佳代数：
1604
最佳分配：
4 1 6 1 1 4 1 5 6 |1 1 1 1 2 1 |1 5 1 1 1 1 1 2 1 |1 1 1 1 1 6 1 1 1 1 6 |1 4 1 1 1 1 1 1 1 1 1 1 5 1 1 1 6 |
最佳适应度：
12.524114404376409

===============第31个全局最优解================
最佳代数：
438
最佳分配：
6 1 4 1 2 4 1 4 6 |1 1 2 1 4 1 |1 4 1 1 1 1 1 2 1 |1 1 1 1 1 6 1 1 1 1 3 |1 5 1 1 1 1 1 1 1 1 1 1 5 1 1 1 6 |
最佳适应度：
12.606488262553674

===============第32个全局最优解================
最佳代数：
1788
最佳分配：
6 1 4 1 1 3 1 5 6 |1 1 1 1 3 1 |1 4 1 1 1 1 1 1 3 |1 1 1 1 1 5 1 1 1 1 5 |1 3 1 2 1 1 1 1 1 1 1 2 6 1 1 1 6 |
最佳适应度：
12.701383844602969

===============第33个全局最优解================
最佳代数：
1691
最佳分配：
6 1 3 1 1 4 1 3 6 |1 1 1 1 2 1 |1 5 1 1 1 1 1 1 2 |1 1 1 1 1 5 1 1 1 1 5 |1 4 1 1 1 1 1 3 1 1 1 1 4 5 1 1 6 |
最佳适应度：
12.563833870405968

===============第34个全局最优解================
最佳代数：
804
最佳分配：
6 1 4 1 2 4 1 5 6 |1 1 1 1 2 1 |1 3 1 1 1 1 1 1 4 |1 1 1 1 1 5 1 1 1 1 4 |1 4 1 1 1 1 1 2 1 1 1 2 5 2 1 1 5 |
最佳适应度：
12.45652572895358

===============第35个全局最优解================
最佳代数：
1544
最佳分配：
5 1 4 1 1 5 1 5 5 |1 1 1 1 3 1 |1 6 1 1 1 1 1 1 1 |1 1 1 1 1 5 1 1 1 1 4 |1 3 1 1 1 1 2 1 1 1 1 1 6 3 1 1 6 |
最佳适应度：
12.62686358400606

===============第36个全局最优解================
最佳代数：
705
最佳分配：
6 1 5 1 1 5 1 5 5 |1 1 1 1 2 1 |1 3 1 1 1 1 1 1 2 |1 1 1 1 1 4 2 1 1 1 4 |1 4 3 1 2 1 1 2 1 1 1 1 5 1 1 1 6 |
最佳适应度：
12.55560676938504

===============第37个全局最优解================
最佳代数：
1854
最佳分配：
5 1 5 1 1 5 1 5 6 |1 1 1 1 1 1 |1 4 1 1 1 1 1 1 3 |1 1 1 1 1 5 1 1 1 1 4 |1 5 1 1 1 1 1 2 1 1 1 1 5 2 1 1 6 |
最佳适应度：
12.737619995264852

===============第38个全局最优解================
最佳代数：
1384
最佳分配：
6 1 3 1 1 5 1 4 6 |1 1 1 1 3 1 |1 5 1 1 1 1 1 1 3 |1 1 1 1 1 5 1 1 1 1 3 |1 6 1 1 1 1 1 1 1 1 1 1 6 1 1 1 6 |
最佳适应度：
12.478213291881897

===============第39个全局最优解================
最佳代数：
1674
最佳分配：
5 1 5 1 1 5 1 3 6 |1 1 2 1 3 1 |1 6 1 1 1 1 1 1 3 |1 1 1 1 1 4 1 1 1 1 5 |1 4 1 1 1 1 1 1 1 1 1 1 5 1 1 1 6 |
最佳适应度：
12.484409510203244

===============第40个全局最优解================
最佳代数：
1018
最佳分配：
6 1 3 1 2 6 1 3 6 |1 1 1 1 1 1 |1 3 1 1 1 1 1 1 4 |1 1 1 1 1 6 1 2 1 1 4 |1 3 1 1 1 1 1 1 1 1 1 1 6 4 1 1 5 |
最佳适应度：
12.493053627975424

===============第41个全局最优解================
最佳代数：
610
最佳分配：
5 1 6 1 1 4 1 5 6 |1 1 1 1 3 1 |1 4 1 1 1 1 1 4 2 |1 1 1 1 1 5 1 1 1 1 5 |1 3 1 1 1 1 1 1 1 1 1 1 4 1 1 1 6 |
最佳适应度：
12.378476973990148

===============第42个全局最优解================
最佳代数：
1720
最佳分配：
6 1 4 1 1 5 1 6 6 |1 1 1 1 1 1 |2 5 1 1 1 1 1 1 1 |1 1 1 1 1 4 1 1 1 1 3 |1 5 2 1 1 1 1 2 1 1 1 1 6 1 1 1 6 |
最佳适应度：
12.453924690810975

===============第43个全局最优解================
最佳代数：
879
最佳分配：
6 1 4 1 1 5 1 4 6 |1 1 1 1 2 1 |1 5 1 1 1 1 1 1 3 |1 1 1 1 1 6 1 1 1 1 4 |1 4 1 1 1 1 1 3 1 1 1 1 5 1 1 1 5 |
最佳适应度：
12.501280022595187

===============第44个全局最优解================
最佳代数：
1315
最佳分配：
6 1 1 1 1 5 1 5 5 |1 1 1 1 3 1 |1 5 1 1 1 1 2 2 2 |1 1 1 1 1 5 1 1 1 1 3 |1 5 1 1 1 1 1 1 1 1 1 2 6 2 1 1 6 |
最佳适应度：
12.583308792553472

===============第45个全局最优解================
最佳代数：
752
最佳分配：
5 1 3 1 1 5 1 5 6 |1 2 1 1 2 1 |1 4 1 1 1 1 1 1 4 |1 1 1 1 1 4 1 1 1 1 2 |1 4 1 2 1 1 1 3 1 1 1 1 5 3 1 1 6 |
最佳适应度：
12.52535890132325

===============第46个全局最优解================
最佳代数：
1689
最佳分配：
5 1 4 1 2 4 1 5 6 |1 2 1 1 2 1 |1 5 1 1 1 1 1 1 3 |1 1 1 1 1 4 2 1 1 1 4 |1 3 1 1 1 1 1 1 1 1 1 1 6 2 1 1 6 |
最佳适应度：
12.55800682089704

===============第47个全局最优解================
最佳代数：
1557
最佳分配：
5 1 3 1 1 6 1 4 6 |1 1 1 1 2 1 |1 4 1 1 1 1 1 2 3 |1 1 1 1 1 4 2 1 1 1 4 |1 5 1 1 2 1 1 1 1 1 1 1 6 1 1 1 6 |
最佳适应度：
12.440367579295247

===============第48个全局最优解================
最佳代数：
1750
最佳分配：
6 1 4 1 1 5 1 5 5 |1 1 1 1 2 1 |1 5 1 1 1 1 1 1 3 |2 1 1 1 1 6 1 1 1 1 3 |1 4 1 1 1 1 1 1 1 1 1 1 6 2 1 1 5 |
最佳适应度：
12.449318559435694

===============第49个全局最优解================
最佳代数：
1114
最佳分配：
6 1 4 1 2 4 1 5 5 |1 1 1 1 2 1 |1 4 1 1 1 1 1 3 3 |1 1 1 1 1 5 1 1 1 1 2 |1 4 1 1 1 1 1 1 1 1 1 1 6 3 1 1 6 |
最佳适应度：
12.479721933745806

===============第50个全局最优解================
最佳代数：
1698
最佳分配：
5 1 4 1 1 5 1 3 6 |1 1 1 1 2 1 |1 5 1 1 1 1 1 1 3 |1 1 1 1 1 4 1 1 1 1 5 |1 3 2 1 2 1 1 4 1 1 1 1 5 1 1 1 6 |
最佳适应度：
12.675171893522098

===============第51个全局最优解================
最佳代数：
1669
最佳分配：
6 1 4 1 1 5 1 5 5 |1 2 1 1 1 1 |1 5 1 1 1 1 1 2 5 |1 1 1 1 1 2 1 1 1 1 5 |1 4 1 1 1 1 1 2 1 1 1 1 5 1 1 1 6 |
最佳适应度：
12.739036729411874

===============第52个全局最优解================
最佳代数：
1133
最佳分配：
6 1 5 1 1 4 1 5 6 |1 1 1 1 3 1 |1 4 1 1 1 1 1 1 4 |1 1 1 1 1 5 1 1 1 1 4 |1 1 1 2 1 1 1 1 1 1 1 3 6 1 1 1 5 |
最佳适应度：
12.524669045288729

===============第53个全局最优解================
最佳代数：
1124
最佳分配：
6 1 3 1 1 4 1 4 6 |2 1 1 1 3 1 |1 4 1 1 1 1 1 1 3 |1 1 1 1 1 5 1 1 1 1 4 |1 3 3 1 1 1 1 1 1 1 1 1 4 4 1 1 6 |
最佳适应度：
12.44288971845469

===============第54个全局最优解================
最佳代数：
1843
最佳分配：
6 1 3 2 1 4 1 4 6 |1 1 1 1 4 1 |1 4 1 1 1 1 1 1 4 |1 1 1 1 1 5 1 1 1 1 3 |1 4 1 1 1 1 1 2 1 1 2 1 5 1 1 1 6 |
最佳适应度：
12.660185478658809

===============第55个全局最优解================
最佳代数：
597
最佳分配：
6 1 2 1 2 4 1 4 6 |1 1 1 1 2 1 |1 4 1 1 1 1 1 1 5 |1 1 1 1 1 5 1 1 1 1 5 |1 5 1 1 1 1 1 1 1 1 1 1 5 2 1 1 6 |
最佳适应度：
12.474659215048947

===============第56个全局最优解================
最佳代数：
1342
最佳分配：
6 1 2 1 1 5 1 4 6 |1 1 1 1 3 1 |1 4 1 1 1 1 1 1 3 |1 1 1 1 1 6 1 1 2 1 4 |1 5 1 1 1 1 1 1 1 1 1 1 6 2 1 1 5 |
最佳适应度：
12.346353542865966

===============第57个全局最优解================
最佳代数：
1935
最佳分配：
5 1 3 1 1 6 1 4 6 |1 1 1 1 3 1 |2 5 1 1 1 1 1 1 3 |1 1 1 1 1 4 1 1 1 1 4 |1 5 2 1 1 1 1 1 1 1 1 1 5 1 1 1 6 |
最佳适应度：
12.658658547505981

===============第58个全局最优解================
最佳代数：
1186
最佳分配：
5 1 3 1 1 6 1 5 5 |1 1 1 1 4 1 |1 4 1 1 1 1 1 1 5 |1 1 1 1 1 5 1 1 1 1 2 |1 2 1 1 2 1 1 2 1 1 1 1 5 3 1 1 6 |
最佳适应度：
12.5152458304718

===============第59个全局最优解================
最佳代数：
1701
最佳分配：
5 1 4 1 1 6 1 5 6 |1 1 1 1 3 1 |1 2 1 1 1 1 1 1 3 |1 1 1 1 1 6 1 1 1 1 5 |1 4 1 1 3 1 1 1 1 1 1 1 4 1 1 1 6 |
最佳适应度：
12.566136050118267

===============第60个全局最优解================
最佳代数：
1101
最佳分配：
6 1 3 1 1 4 1 4 6 |1 1 1 1 4 1 |1 3 1 1 1 1 1 2 3 |1 1 1 1 1 4 1 1 1 1 4 |1 4 1 1 1 1 1 1 1 1 1 1 4 6 1 1 6 |
最佳适应度：
12.687581089911143

最大适应度：12.739036729411874
最小适应度：12.175061031020931
平均适应度：12.521908618162133
估计标准差值：0.11830836074929683
最佳分配：
6 1 4 1 1 5 1 5 5 |1 2 1 1 1 1 |1 5 1 1 1 1 1 2 5 |1 1 1 1 1 2 1 1 1 1 5 |1 4 1 1 1 1 1 2 1 1 1 1 5 1 1 1 6 |
PSO算法运行求解巡逻调度问题耗时：0小时，4分钟，51秒
