===============第1个全局最优解================
最佳代数：
352
最佳分配：
5 1 4 1 3 4 1 4 6 |1 1 1 1 2 1 |1 4 1 1 1 1 1 2 2 |1 1 1 1 1 6 2 1 1 1 3 |1 2 1 1 1 1 1 4 1 1 1 3 5 1 1 1 5 |
最佳适应度：
12.184976571374948

===============第2个全局最优解================
最佳代数：
379
最佳分配：
5 1 2 1 1 4 1 4 5 |1 2 1 1 4 1 |1 5 1 1 1 1 1 1 4 |1 1 1 1 1 5 1 1 1 1 4 |1 4 1 1 1 1 1 3 1 1 1 1 4 3 1 1 6 |
最佳适应度：
12.459905864622952

===============第3个全局最优解================
最佳代数：
385
最佳分配：
5 1 3 1 1 5 1 5 5 |1 1 1 1 1 2 |1 4 1 1 1 1 1 3 3 |1 1 1 1 1 6 1 1 1 1 5 |1 3 2 1 1 1 1 1 1 1 1 1 4 3 1 1 6 |
最佳适应度：
12.4415303003209

===============第4个全局最优解================
最佳代数：
496
最佳分配：
6 1 5 1 1 4 1 2 6 |1 1 1 1 4 1 |1 6 1 1 1 1 1 1 4 |1 1 1 1 1 4 2 2 1 1 3 |1 3 1 1 1 1 1 2 1 1 1 1 6 1 1 1 5 |
最佳适应度：
12.319195999720808

===============第5个全局最优解================
最佳代数：
315
最佳分配：
5 1 2 1 1 5 1 4 6 |1 1 1 1 5 2 |1 5 1 1 1 1 2 1 4 |1 1 1 1 1 5 1 1 2 1 3 |1 2 1 1 2 1 1 1 1 1 1 1 5 2 1 1 5 |
最佳适应度：
12.49113637857721

===============第6个全局最优解================
最佳代数：
432
最佳分配：
5 1 2 1 1 5 1 6 4 |1 1 1 1 4 1 |1 6 1 1 1 1 2 2 4 |1 1 1 1 1 4 1 1 1 1 4 |1 4 1 1 1 1 1 2 1 1 1 1 5 1 1 1 5 |
最佳适应度：
12.317309545519102

===============第7个全局最优解================
最佳代数：
335
最佳分配：
6 1 4 1 1 6 1 6 6 |1 1 1 1 2 1 |1 5 1 1 1 1 1 1 4 |1 1 1 1 1 3 1 1 1 1 5 |1 2 1 1 1 1 1 1 1 2 1 1 5 1 1 1 6 |
最佳适应度：
12.631211756558137

===============第8个全局最优解================
最佳代数：
442
最佳分配：
6 1 5 1 1 5 1 5 4 |1 1 1 1 2 1 |1 5 1 1 1 1 1 1 1 |1 1 1 1 1 6 1 1 1 1 4 |1 4 1 1 1 1 1 2 1 1 1 1 5 4 1 1 5 |
最佳适应度：
12.51948733335686

===============第9个全局最优解================
最佳代数：
256
最佳分配：
5 1 4 1 1 4 1 5 5 |1 1 1 1 1 1 |1 4 1 1 1 1 1 3 3 |1 1 1 2 1 5 2 1 1 1 4 |1 2 2 1 1 1 1 1 1 1 1 2 5 3 1 1 6 |
最佳适应度：
12.280331553979236

===============第10个全局最优解================
最佳代数：
96
最佳分配：
5 1 3 1 1 4 1 6 6 |1 1 1 1 1 1 |1 5 1 1 1 1 1 2 3 |1 1 1 1 1 6 1 1 1 1 5 |1 2 1 1 1 1 1 2 1 1 1 1 5 4 1 1 5 |
最佳适应度：
12.447803181560042

===============第11个全局最优解================
最佳代数：
317
最佳分配：
5 1 5 1 1 4 1 4 5 |1 1 1 1 3 1 |1 4 1 1 1 1 1 1 3 |1 1 1 1 1 5 1 1 1 1 6 |1 4 1 1 1 1 1 1 1 1 1 1 6 2 1 1 6 |
最佳适应度：
12.596823053114031

===============第12个全局最优解================
最佳代数：
350
最佳分配：
5 1 5 1 1 5 1 4 6 |1 1 1 1 1 1 |1 3 1 1 1 1 2 2 4 |1 1 1 1 1 5 1 2 1 1 1 |1 3 2 1 2 1 1 3 1 1 1 2 5 1 1 1 6 |
最佳适应度：
12.540980603785867

===============第13个全局最优解================
最佳代数：
210
最佳分配：
6 1 5 1 3 3 1 3 6 |1 1 1 1 1 1 |1 4 1 1 1 1 1 1 4 |1 1 1 1 1 5 1 1 1 1 3 |1 4 1 1 1 1 1 1 1 1 1 1 5 5 1 1 6 |
最佳适应度：
12.46387803946285

===============第14个全局最优解================
最佳代数：
302
最佳分配：
6 1 3 1 1 5 1 2 6 |1 2 1 1 3 1 |1 5 1 1 1 1 1 4 3 |1 1 1 1 1 3 1 3 1 1 2 |1 3 1 1 1 1 1 1 1 1 1 1 6 3 1 1 6 |
最佳适应度：
12.330936514492098

===============第15个全局最优解================
最佳代数：
447
最佳分配：
5 1 5 1 1 4 1 4 6 |1 1 1 1 2 1 |1 5 1 1 1 2 1 1 5 |1 1 1 1 1 6 1 1 1 1 4 |1 1 1 1 1 1 1 1 2 1 1 1 5 2 1 1 6 |
最佳适应度：
12.38469884405452

===============第16个全局最优解================
最佳代数：
422
最佳分配：
5 1 5 1 1 5 1 2 5 |1 1 1 1 4 1 |1 5 1 1 1 1 1 1 4 |1 1 1 1 1 4 1 1 1 1 3 |1 4 1 1 1 1 1 1 1 1 1 1 6 4 1 1 6 |
最佳适应度：
12.646008531891379

===============第17个全局最优解================
最佳代数：
236
最佳分配：
5 1 3 1 1 4 1 6 6 |1 1 1 1 1 2 |1 2 1 1 1 1 1 1 4 |1 1 1 1 1 5 1 1 1 1 5 |1 4 1 1 2 1 1 2 1 1 1 1 5 4 1 1 5 |
最佳适应度：
12.495145732410057

===============第18个全局最优解================
最佳代数：
433
最佳分配：
6 1 2 1 1 4 1 5 6 |1 1 1 1 4 1 |1 3 1 1 1 1 1 3 3 |1 1 1 1 1 4 1 1 1 1 5 |1 3 1 1 1 1 3 3 1 1 1 1 4 1 1 1 6 |
最佳适应度：
12.469940563642016

===============第19个全局最优解================
最佳代数：
484
最佳分配：
6 1 4 1 1 3 1 6 6 |1 1 1 1 5 1 |1 3 1 1 1 1 2 1 5 |1 1 1 1 1 4 1 2 1 1 3 |1 3 2 1 1 1 1 1 1 1 1 1 4 1 1 1 6 |
最佳适应度：
12.340334950163047

===============第20个全局最优解================
最佳代数：
321
最佳分配：
5 1 1 1 1 5 1 4 5 |1 1 1 1 1 1 |1 6 1 1 1 1 1 2 3 |1 1 1 1 1 5 1 1 1 1 5 |1 4 1 1 2 1 1 1 1 1 1 3 4 4 1 1 6 |
最佳适应度：
12.364120364828501

===============第21个全局最优解================
最佳代数：
341
最佳分配：
4 1 6 1 1 4 1 4 6 |1 1 1 1 1 1 |1 6 1 1 1 1 3 1 3 |1 1 1 1 1 6 1 1 1 1 4 |1 3 1 1 1 1 1 3 1 1 1 1 5 1 1 1 5 |
最佳适应度：
12.318032992384317

===============第22个全局最优解================
最佳代数：
494
最佳分配：
5 1 6 1 1 5 1 6 4 |1 1 1 1 2 1 |1 4 1 1 1 1 1 1 2 |1 1 1 1 1 6 1 2 1 1 3 |1 2 2 1 1 1 1 1 1 1 1 2 6 2 1 1 6 |
最佳适应度：
12.58952292721002

===============第23个全局最优解================
最佳代数：
478
最佳分配：
6 1 5 1 1 5 1 3 5 |1 1 1 1 5 1 |1 3 1 1 1 1 1 2 3 |1 1 1 1 1 5 1 1 1 1 5 |1 3 1 1 1 1 1 1 1 1 1 1 6 3 1 1 4 |
最佳适应度：
12.48688704826652

===============第24个全局最优解================
最佳代数：
301
最佳分配：
6 1 4 1 2 6 1 4 4 |1 1 1 1 3 1 |1 4 1 1 1 1 2 2 2 |1 1 1 1 1 4 1 1 1 1 5 |1 2 1 1 1 1 1 3 1 1 1 1 5 2 1 1 6 |
最佳适应度：
12.33105447478132

===============第25个全局最优解================
最佳代数：
193
最佳分配：
5 1 5 1 1 4 1 6 5 |1 1 1 1 1 1 |1 4 1 1 1 1 1 2 4 |1 1 1 1 1 4 1 1 1 1 4 |1 3 1 1 1 1 2 1 1 1 1 1 5 4 1 1 6 |
最佳适应度：
12.440950517505208

===============第26个全局最优解================
最佳代数：
216
最佳分配：
5 1 5 1 1 5 1 5 6 |1 1 1 1 2 1 |1 4 1 1 1 1 1 1 3 |1 1 1 1 1 6 1 2 1 1 2 |1 3 1 1 1 1 1 3 1 1 1 1 5 3 1 1 5 |
最佳适应度：
12.465109881460481

===============第27个全局最优解================
最佳代数：
465
最佳分配：
6 1 5 1 1 4 1 5 6 |1 1 1 1 2 1 |1 4 1 1 1 1 1 1 3 |1 1 1 1 1 4 1 1 1 1 4 |1 3 1 1 2 1 2 3 1 1 1 2 4 1 1 1 6 |
最佳适应度：
12.416161013389296

===============第28个全局最优解================
最佳代数：
142
最佳分配：
6 1 5 1 1 5 1 5 6 |1 1 1 1 2 1 |1 5 1 1 1 1 1 1 4 |1 1 1 1 1 5 1 1 1 1 3 |1 2 1 1 1 1 1 1 1 1 1 1 5 5 1 1 4 |
最佳适应度：
12.629329380946228

===============第29个全局最优解================
最佳代数：
420
最佳分配：
5 1 5 1 3 3 2 5 5 |1 1 1 1 3 1 |2 5 1 1 1 1 1 2 4 |1 1 1 1 1 5 1 1 1 1 2 |1 3 1 1 1 1 1 1 1 1 1 1 5 1 1 1 6 |
最佳适应度：
12.477435823105179

===============第30个全局最优解================
最佳代数：
433
最佳分配：
6 1 5 1 1 3 1 5 6 |1 1 1 2 2 1 |1 6 1 1 1 1 2 1 3 |1 1 1 1 1 3 1 1 1 1 4 |1 1 1 1 1 1 1 4 1 1 1 1 6 1 1 1 6 |
最佳适应度：
12.660295616680559

===============第31个全局最优解================
最佳代数：
452
最佳分配：
6 1 5 1 2 5 1 5 5 |1 1 1 1 3 1 |1 3 1 1 1 1 1 1 3 |1 1 1 1 1 6 2 2 1 1 3 |1 1 1 1 1 1 3 1 1 1 1 1 5 1 1 2 5 |
最佳适应度：
12.383825454460267

===============第32个全局最优解================
最佳代数：
484
最佳分配：
6 1 4 1 2 5 1 4 5 |1 1 1 1 4 1 |1 4 1 1 1 1 1 1 5 |1 1 1 1 1 5 1 1 1 1 5 |1 2 1 1 1 1 1 1 1 1 1 2 6 1 1 1 4 |
最佳适应度：
12.42378969315425

===============第33个全局最优解================
最佳代数：
308
最佳分配：
6 1 3 1 1 3 1 4 6 |1 1 1 1 3 1 |3 3 1 1 1 1 1 1 5 |1 1 1 1 1 4 1 1 1 1 6 |1 4 1 1 1 1 1 1 1 1 1 1 5 2 1 1 6 |
最佳适应度：
12.398267872054147

===============第34个全局最优解================
最佳代数：
455
最佳分配：
6 1 4 1 1 4 1 2 6 |1 2 1 1 3 1 |1 5 1 1 1 1 1 3 3 |1 1 1 1 1 5 1 1 1 1 5 |1 3 1 1 1 1 1 1 1 1 1 3 5 1 1 1 5 |
最佳适应度：
12.452528634570067

===============第35个全局最优解================
最佳代数：
392
最佳分配：
5 1 4 1 4 4 1 5 5 |1 2 1 1 1 1 |1 4 1 1 1 1 1 1 4 |1 1 1 1 1 5 2 2 1 1 3 |1 3 1 1 1 1 1 2 1 1 1 1 6 1 1 1 5 |
最佳适应度：
12.375463061234049

===============第36个全局最优解================
最佳代数：
303
最佳分配：
6 1 3 1 2 4 1 5 5 |1 1 2 1 2 2 |1 5 1 1 1 1 1 1 4 |1 1 1 1 1 4 1 1 2 1 3 |1 3 1 1 1 1 1 1 1 1 1 1 5 3 1 1 6 |
最佳适应度：
12.399210915395908

===============第37个全局最优解================
最佳代数：
312
最佳分配：
6 1 4 1 1 3 1 4 6 |1 1 1 1 4 1 |1 5 1 1 1 1 1 1 3 |1 1 1 1 1 4 1 1 1 1 3 |1 4 3 1 1 1 2 2 1 1 1 1 5 1 1 1 6 |
最佳适应度：
12.551332136384644

===============第38个全局最优解================
最佳代数：
394
最佳分配：
4 1 5 1 1 4 1 4 6 |1 1 1 1 2 1 |1 4 1 1 1 1 1 2 4 |1 2 1 1 1 6 1 1 1 1 3 |1 2 1 1 1 1 1 2 2 1 1 1 6 2 1 1 6 |
最佳适应度：
12.442346086645797

===============第39个全局最优解================
最佳代数：
304
最佳分配：
5 1 5 1 1 3 2 5 6 |1 1 1 1 2 1 |1 5 1 1 1 1 1 1 4 |1 1 1 1 1 4 1 1 1 1 5 |1 3 1 1 1 1 1 1 1 1 1 1 6 2 1 1 6 |
最佳适应度：
12.445487177164656

===============第40个全局最优解================
最佳代数：
240
最佳分配：
5 1 4 1 1 4 1 3 6 |1 1 1 1 1 1 |2 4 1 1 1 1 1 1 3 |1 1 1 1 1 5 1 3 1 1 3 |1 5 1 2 1 1 1 1 1 1 1 2 6 2 1 1 6 |
最佳适应度：
12.379280189712487

===============第41个全局最优解================
最佳代数：
400
最佳分配：
5 1 4 1 1 4 1 4 6 |1 1 1 1 5 1 |1 5 1 1 1 1 1 1 3 |1 1 1 1 1 5 1 1 1 1 3 |1 1 1 1 3 1 1 4 1 1 1 1 5 1 1 1 6 |
最佳适应度：
12.435561848705513

===============第42个全局最优解================
最佳代数：
327
最佳分配：
5 1 2 1 1 5 1 4 6 |1 1 1 1 3 2 |1 3 1 1 1 1 1 1 3 |1 1 1 1 1 6 1 1 1 1 4 |1 4 1 1 4 1 2 1 1 1 1 1 5 1 1 1 6 |
最佳适应度：
12.52537970684063

===============第43个全局最优解================
最佳代数：
470
最佳分配：
6 1 5 2 2 5 2 5 6 |1 1 1 1 1 1 |1 4 1 1 1 1 1 1 1 |1 1 1 1 1 5 1 1 1 1 4 |1 4 1 1 1 1 1 1 1 1 1 1 5 3 1 1 5 |
最佳适应度：
12.330512774216341

===============第44个全局最优解================
最佳代数：
482
最佳分配：
6 1 3 1 1 5 1 6 6 |2 1 1 1 4 1 |1 5 1 1 1 1 1 1 2 |1 1 1 1 1 6 1 1 1 1 1 |1 2 1 1 1 1 1 1 1 1 1 4 6 1 1 1 5 |
最佳适应度：
12.41870725786406

===============第45个全局最优解================
最佳代数：
494
最佳分配：
6 1 3 1 1 4 1 5 4 |1 1 1 1 3 1 |1 4 1 1 1 1 1 1 2 |1 1 1 1 1 4 3 2 1 1 5 |1 3 2 1 1 1 1 1 1 1 1 1 5 4 1 1 6 |
最佳适应度：
12.265649504499736

===============第46个全局最优解================
最佳代数：
379
最佳分配：
6 1 4 1 1 5 1 4 5 |1 2 1 1 3 1 |1 4 1 1 1 1 1 3 5 |1 1 1 1 1 4 1 1 1 1 4 |1 3 1 1 1 1 1 2 1 1 1 1 4 1 1 1 6 |
最佳适应度：
12.492005507367034

===============第47个全局最优解================
最佳代数：
329
最佳分配：
5 1 4 1 2 5 1 4 6 |1 1 1 1 1 1 |1 4 1 1 1 1 1 1 5 |1 1 1 1 1 5 2 1 1 1 4 |1 3 1 1 1 1 2 2 1 1 1 1 5 1 1 1 6 |
最佳适应度：
12.486503750232574

===============第48个全局最优解================
最佳代数：
470
最佳分配：
3 1 3 1 1 5 1 5 6 |1 1 1 1 3 1 |1 4 1 1 1 1 1 2 3 |1 1 1 1 1 5 1 1 1 1 4 |1 3 1 1 1 1 2 1 1 1 1 1 6 4 1 1 6 |
最佳适应度：
12.609129973445304

===============第49个全局最优解================
最佳代数：
492
最佳分配：
6 1 4 1 1 5 1 4 6 |1 1 1 1 6 1 |1 4 1 1 1 1 1 1 1 |1 1 1 1 1 3 1 1 1 1 4 |1 5 2 1 1 1 1 1 1 1 1 1 6 1 1 1 6 |
最佳适应度：
12.455870080087026

===============第50个全局最优解================
最佳代数：
339
最佳分配：
6 1 3 1 1 4 1 5 6 |1 1 1 1 2 1 |1 4 1 1 1 1 1 1 3 |1 1 1 2 1 3 1 1 2 1 3 |1 4 1 1 1 1 1 2 1 1 1 1 5 5 1 1 6 |
最佳适应度：
12.48835278618706

===============第51个全局最优解================
最佳代数：
388
最佳分配：
6 1 6 3 1 5 1 2 6 |1 1 1 1 4 1 |1 5 1 1 1 1 1 1 3 |1 1 1 1 1 4 1 1 1 1 3 |1 2 1 1 1 1 1 1 1 1 1 1 6 3 1 1 5 |
最佳适应度：
12.377439475018324

===============第52个全局最优解================
最佳代数：
423
最佳分配：
6 1 5 1 1 5 1 5 5 |1 1 1 1 2 1 |1 4 1 1 1 1 1 2 4 |1 1 1 1 1 3 1 1 1 1 1 |1 3 1 1 4 1 1 1 1 1 1 3 6 1 1 1 6 |
最佳适应度：
12.52243279988378

===============第53个全局最优解================
最佳代数：
419
最佳分配：
6 1 4 1 3 6 1 6 5 |1 1 1 3 3 1 |1 4 1 1 1 1 1 1 2 |1 1 1 1 1 5 1 2 1 1 1 |1 1 1 1 1 1 1 1 1 1 1 1 5 3 1 1 6 |
最佳适应度：
12.58240990519237

===============第54个全局最优解================
最佳代数：
248
最佳分配：
6 1 2 2 1 5 2 6 5 |1 1 1 1 1 1 |1 3 1 1 1 1 1 2 3 |1 1 1 1 1 5 1 1 1 1 4 |1 3 1 2 1 1 1 3 1 1 1 1 6 1 1 1 6 |
最佳适应度：
12.308913872674848

===============第55个全局最优解================
最佳代数：
303
最佳分配：
6 1 5 1 1 3 1 5 6 |1 1 1 1 2 1 |1 4 1 1 1 1 1 1 4 |1 1 1 2 1 5 1 1 1 1 3 |1 4 1 1 1 1 2 2 1 1 1 1 6 1 1 1 5 |
最佳适应度：
12.279596026380652

===============第56个全局最优解================
最佳代数：
449
最佳分配：
6 1 4 1 1 4 1 6 5 |2 1 1 1 4 1 |1 5 1 1 1 1 1 1 3 |1 1 1 1 1 6 1 1 1 1 3 |1 2 1 1 1 1 1 1 1 1 1 3 5 1 1 1 5 |
最佳适应度：
12.505394293896698

===============第57个全局最优解================
最佳代数：
424
最佳分配：
6 1 5 1 1 4 1 4 5 |1 1 1 1 3 1 |2 4 1 1 1 1 1 1 3 |1 1 1 1 1 6 1 1 1 1 4 |1 4 1 1 1 1 2 1 1 1 1 1 6 2 1 1 4 |
最佳适应度：
12.474267997602134

===============第58个全局最优解================
最佳代数：
302
最佳分配：
6 1 4 1 3 4 1 5 6 |2 1 1 1 3 1 |1 4 1 1 1 1 1 1 2 |1 1 1 1 1 4 1 1 1 1 4 |1 2 1 1 1 1 1 1 1 1 1 1 6 4 1 1 5 |
最佳适应度：
12.585811240176412

===============第59个全局最优解================
最佳代数：
484
最佳分配：
5 1 4 1 1 5 1 5 5 |1 2 1 1 2 1 |1 5 1 1 1 1 1 2 1 |1 1 1 1 1 5 1 1 1 2 4 |1 5 1 1 1 1 1 1 1 1 1 1 5 2 1 1 6 |
最佳适应度：
12.326443640382443

===============第60个全局最优解================
最佳代数：
389
最佳分配：
6 1 5 1 2 5 1 2 6 |1 2 1 1 4 1 |1 5 1 1 1 1 1 1 5 |1 1 1 1 1 4 1 1 1 1 2 |1 4 1 1 1 1 1 1 1 1 1 1 5 2 1 1 5 |
最佳适应度：
12.351621587957812

最大适应度：12.660295616680559
最小适应度：12.184976571374948
平均适应度：12.443567843475842
估计标准差值：0.10502790069269897
最佳分配：
6 1 5 1 1 3 1 5 6 |1 1 1 2 2 1 |1 6 1 1 1 1 2 1 3 |1 1 1 1 1 3 1 1 1 1 4 |1 1 1 1 1 1 1 4 1 1 1 1 6 1 1 1 6 |
PSO算法运行求解巡逻调度问题耗时：0小时，1分钟，11秒
