===============第1个最优解如下===============
最佳适宜值为：
12.473110350129335
最佳迁移代数为：
29999
最佳分配序列为：
5 1 4 1 1 5 1 4 5 |1 1 1 1 3 1 |1 5 1 1 1 1 1 2 3 |1 1 1 1 1 4 2 2 1 1 5 |1 3 2 1 1 1 1 2 1 1 1 2 3 1 1 1 6 |num = 100

===============第2个最优解如下===============
最佳适宜值为：
12.550831092525916
最佳迁移代数为：
29999
最佳分配序列为：
5 1 3 1 1 4 1 5 5 |1 1 1 1 3 1 |1 3 1 1 1 1 1 2 3 |1 1 1 1 1 5 1 1 1 1 5 |1 3 2 1 1 1 1 2 1 1 1 1 6 3 1 1 6 |num = 100

===============第3个最优解如下===============
最佳适宜值为：
12.60415632760674
最佳迁移代数为：
29999
最佳分配序列为：
6 1 4 1 1 6 1 5 6 |1 1 1 1 3 1 |1 4 1 1 1 1 1 2 3 |1 1 1 1 1 3 1 1 1 1 3 |1 3 1 1 1 1 1 2 1 1 1 1 6 2 1 1 6 |num = 100

===============第4个最优解如下===============
最佳适宜值为：
12.836060262178382
最佳迁移代数为：
29999
最佳分配序列为：
6 1 3 1 1 5 1 4 6 |1 1 1 1 3 1 |1 4 1 1 1 1 1 1 3 |1 1 1 1 1 6 1 1 1 1 5 |1 4 1 1 1 1 1 1 1 1 1 1 5 2 1 1 6 |num = 100

===============第5个最优解如下===============
最佳适宜值为：
12.686116977866245
最佳迁移代数为：
29999
最佳分配序列为：
6 1 4 1 1 5 1 4 6 |1 1 1 1 3 1 |1 4 1 1 1 1 1 2 3 |1 1 1 1 1 6 1 1 1 1 2 |1 3 1 1 1 1 1 2 1 1 1 1 5 3 1 1 6 |num = 100

===============第6个最优解如下===============
最佳适宜值为：
12.42308017708205
最佳迁移代数为：
29999
最佳分配序列为：
6 1 4 1 1 5 1 5 6 |1 1 1 1 3 1 |1 5 1 1 1 1 1 1 3 |1 1 1 1 1 5 1 1 1 1 2 |1 3 1 1 2 1 1 1 1 1 1 1 6 2 1 1 6 |num = 100

===============第7个最优解如下===============
最佳适宜值为：
12.574927349976312
最佳迁移代数为：
29999
最佳分配序列为：
6 1 4 1 1 5 1 5 6 |1 1 1 1 2 1 |1 5 1 1 1 1 1 1 3 |1 1 1 1 1 6 1 1 1 1 4 |1 3 1 1 1 1 1 1 1 1 1 1 5 2 1 1 6 |num = 100

===============第8个最优解如下===============
最佳适宜值为：
12.583041077627113
最佳迁移代数为：
29999
最佳分配序列为：
6 1 5 1 1 4 1 4 6 |1 1 1 1 2 1 |1 5 1 1 1 1 1 1 3 |1 1 1 1 1 6 1 1 1 1 4 |1 3 1 1 1 1 1 3 1 1 1 1 4 2 1 1 6 |num = 100

===============第9个最优解如下===============
最佳适宜值为：
12.734790181604959
最佳迁移代数为：
29999
最佳分配序列为：
5 1 4 1 1 5 1 3 6 |1 1 1 1 2 1 |1 4 1 1 1 1 1 2 5 |1 1 1 1 1 6 1 1 1 1 3 |1 3 1 1 1 1 1 1 1 1 1 1 6 3 1 1 6 |num = 100

===============第10个最优解如下===============
最佳适宜值为：
12.693320017177914
最佳迁移代数为：
29999
最佳分配序列为：
6 1 5 1 1 4 1 5 6 |1 1 1 1 3 1 |1 3 1 1 1 1 1 1 3 |1 1 1 1 1 6 1 1 1 1 4 |1 3 1 1 1 1 1 2 1 1 1 1 6 1 1 1 6 |num = 100

===============第11个最优解如下===============
最佳适宜值为：
11.993441702426772
最佳迁移代数为：
29999
最佳分配序列为：
6 1 3 1 2 4 1 4 6 |1 1 1 1 3 2 |1 3 2 1 1 1 2 2 2 |1 1 1 1 1 4 1 1 2 1 2 |1 3 3 2 2 1 3 1 1 1 1 1 4 3 1 1 3 |num = 100

===============第12个最优解如下===============
最佳适宜值为：
12.700164652798726
最佳迁移代数为：
29999
最佳分配序列为：
6 1 4 1 1 5 1 4 6 |1 1 1 1 2 1 |1 4 1 1 1 1 1 1 4 |1 1 1 1 1 5 1 1 1 1 4 |1 3 1 1 1 1 1 2 1 1 1 1 6 2 1 1 6 |num = 100

===============第13个最优解如下===============
最佳适宜值为：
12.287987813790405
最佳迁移代数为：
29999
最佳分配序列为：
6 1 5 1 2 6 1 3 6 |1 1 1 1 3 1 |1 3 1 1 1 1 1 2 3 |1 1 1 1 1 4 1 1 1 1 2 |1 4 2 1 2 1 1 3 1 1 1 1 5 2 1 1 4 |num = 100

===============第14个最优解如下===============
最佳适宜值为：
12.654420736927225
最佳迁移代数为：
29999
最佳分配序列为：
6 1 4 1 1 4 1 3 6 |1 1 1 1 3 2 |1 3 1 1 1 1 1 1 3 |1 1 1 1 1 6 1 1 1 1 4 |1 3 1 1 1 1 2 2 1 1 1 1 5 3 1 1 6 |num = 100

===============第15个最优解如下===============
最佳适宜值为：
12.777056608805765
最佳迁移代数为：
29999
最佳分配序列为：
5 1 4 1 2 4 1 3 6 |1 1 1 1 3 1 |1 4 1 1 1 1 1 3 3 |1 1 1 1 1 5 1 1 1 1 4 |1 3 1 1 1 1 1 2 1 1 1 1 6 2 1 1 6 |num = 100

===============第16个最优解如下===============
最佳适宜值为：
12.46491169370035
最佳迁移代数为：
29999
最佳分配序列为：
6 1 4 1 1 4 1 5 6 |1 1 1 1 4 1 |1 3 1 1 1 1 1 3 2 |1 1 1 1 1 5 1 1 1 1 3 |1 3 2 1 1 1 1 1 1 1 1 1 6 2 1 1 6 |num = 100

===============第17个最优解如下===============
最佳适宜值为：
12.52137031063695
最佳迁移代数为：
29999
最佳分配序列为：
6 1 5 1 1 5 1 4 4 |1 1 1 1 3 1 |1 4 1 1 1 1 1 2 3 |1 1 1 1 1 4 1 1 1 1 4 |1 4 2 1 2 1 1 2 1 1 1 1 5 1 1 1 6 |num = 100

===============第18个最优解如下===============
最佳适宜值为：
12.851288607145959
最佳迁移代数为：
29999
最佳分配序列为：
6 1 4 1 1 4 1 4 6 |1 1 1 1 3 1 |1 4 1 1 1 1 1 2 4 |1 1 1 1 1 6 1 1 1 1 3 |1 3 1 1 1 1 1 2 1 1 1 1 5 2 1 1 6 |num = 100

===============第19个最优解如下===============
最佳适宜值为：
12.593732308059996
最佳迁移代数为：
29999
最佳分配序列为：
6 1 4 1 1 5 1 5 6 |1 1 1 1 3 1 |1 4 1 1 1 1 1 1 3 |1 1 1 1 1 6 1 1 1 1 3 |1 3 1 1 1 1 1 2 1 1 1 1 6 1 1 1 6 |num = 100

===============第20个最优解如下===============
最佳适宜值为：
12.643577831676668
最佳迁移代数为：
29999
最佳分配序列为：
6 1 5 1 1 5 1 4 6 |1 1 1 1 3 1 |1 4 1 1 1 1 1 2 2 |1 1 1 1 1 6 1 1 1 1 3 |1 4 1 1 1 1 1 2 1 1 1 1 4 2 1 1 6 |num = 100

===============第21个最优解如下===============
最佳适宜值为：
12.76834462023218
最佳迁移代数为：
29999
最佳分配序列为：
6 1 4 1 1 5 1 4 6 |1 1 1 1 3 1 |1 4 1 1 1 1 1 1 3 |1 1 1 1 1 6 1 1 1 1 4 |1 3 1 1 1 1 1 1 1 1 1 1 6 2 1 1 6 |num = 100

===============第22个最优解如下===============
最佳适宜值为：
12.697586797814356
最佳迁移代数为：
29999
最佳分配序列为：
6 1 3 1 1 5 1 4 6 |1 1 1 1 3 1 |1 4 1 1 1 1 1 1 4 |1 1 1 1 1 6 1 1 1 1 3 |1 3 1 1 1 1 1 3 1 1 1 1 6 1 1 1 6 |num = 100

===============第23个最优解如下===============
最佳适宜值为：
12.682963847895738
最佳迁移代数为：
29999
最佳分配序列为：
6 1 4 1 1 5 1 4 6 |1 1 1 1 2 1 |1 5 1 1 1 1 1 1 3 |1 1 1 1 1 6 1 1 1 1 3 |1 2 2 1 1 1 1 3 1 1 1 1 6 1 1 1 6 |num = 100

===============第24个最优解如下===============
最佳适宜值为：
12.698276924315126
最佳迁移代数为：
29999
最佳分配序列为：
6 1 3 1 1 5 1 4 6 |1 1 1 1 3 1 |1 3 1 1 1 1 1 2 4 |1 1 1 1 1 6 1 1 1 1 3 |1 3 1 1 1 1 1 2 1 1 1 1 6 2 1 1 6 |num = 100

===============第25个最优解如下===============
最佳适宜值为：
12.624298019356072
最佳迁移代数为：
29999
最佳分配序列为：
6 1 4 1 1 5 1 4 6 |1 1 1 1 2 1 |1 4 1 1 1 1 1 1 4 |1 1 1 1 1 6 1 1 1 1 4 |1 4 1 1 1 1 1 1 1 1 1 1 6 1 1 1 6 |num = 100

===============第26个最优解如下===============
最佳适宜值为：
12.547988832198538
最佳迁移代数为：
29999
最佳分配序列为：
6 1 4 1 1 5 1 4 6 |1 1 1 1 2 1 |1 4 1 1 1 1 1 1 3 |1 1 1 1 1 5 1 1 1 1 4 |1 3 1 1 1 1 1 2 1 1 1 1 6 3 1 1 6 |num = 100

===============第27个最优解如下===============
最佳适宜值为：
12.64143667984299
最佳迁移代数为：
29999
最佳分配序列为：
5 1 3 1 1 4 1 5 6 |1 1 1 1 4 1 |1 4 1 1 1 1 2 1 4 |1 1 1 1 1 4 1 1 1 1 4 |1 3 1 1 2 1 1 2 1 1 1 1 5 2 1 1 6 |num = 100

===============第28个最优解如下===============
最佳适宜值为：
12.734359645021408
最佳迁移代数为：
29999
最佳分配序列为：
6 1 3 1 1 5 1 3 6 |1 1 1 1 2 1 |1 4 1 1 1 1 1 2 3 |1 1 1 1 1 4 1 1 1 1 5 |1 3 1 1 2 1 1 2 1 1 1 1 6 3 1 1 6 |num = 100

===============第29个最优解如下===============
最佳适宜值为：
12.848887929968487
最佳迁移代数为：
29999
最佳分配序列为：
6 1 3 1 1 6 1 4 6 |1 1 1 1 2 1 |1 4 1 1 1 1 1 2 4 |1 1 1 1 1 3 1 1 1 1 3 |1 3 2 1 2 1 1 2 1 1 1 1 6 2 1 1 6 |num = 100

===============第30个最优解如下===============
最佳适宜值为：
12.34753947908541
最佳迁移代数为：
29999
最佳分配序列为：
6 1 3 1 1 5 1 3 6 |1 1 1 1 3 1 |1 3 1 1 1 1 1 2 2 |1 1 1 1 1 5 2 1 1 1 3 |1 3 3 1 1 1 1 3 1 1 1 1 6 2 1 1 6 |num = 100

===============第31个最优解如下===============
最佳适宜值为：
12.31313806945722
最佳迁移代数为：
29999
最佳分配序列为：
6 1 3 1 1 4 1 5 5 |1 1 1 1 3 1 |1 5 1 1 1 1 2 2 3 |1 1 1 1 1 4 1 2 1 1 3 |1 2 1 1 2 1 1 2 1 1 1 2 5 2 1 1 6 |num = 100

===============第32个最优解如下===============
最佳适宜值为：
12.639964910702176
最佳迁移代数为：
29999
最佳分配序列为：
6 1 3 1 1 5 1 3 6 |1 1 1 1 2 1 |1 4 1 1 1 1 1 1 4 |1 1 1 1 1 5 1 1 1 1 5 |1 3 1 1 2 1 1 2 1 1 1 1 6 2 1 1 6 |num = 100

===============第33个最优解如下===============
最佳适宜值为：
12.677858077701593
最佳迁移代数为：
29999
最佳分配序列为：
6 1 4 1 1 5 1 5 6 |1 1 1 1 3 1 |1 4 1 1 1 1 1 1 3 |1 1 1 1 1 6 1 1 1 1 3 |1 3 1 1 1 1 1 2 1 1 1 1 6 1 1 1 6 |num = 100

===============第34个最优解如下===============
最佳适宜值为：
12.67738935118504
最佳迁移代数为：
29999
最佳分配序列为：
6 1 3 1 1 4 1 5 6 |1 1 1 1 3 1 |1 4 1 1 1 1 1 2 3 |1 1 1 1 1 6 1 1 1 1 4 |1 3 1 1 1 1 1 2 1 1 1 1 5 2 1 1 6 |num = 100

===============第35个最优解如下===============
最佳适宜值为：
12.529467015907825
最佳迁移代数为：
29999
最佳分配序列为：
6 1 4 1 1 4 1 4 6 |1 1 1 1 3 1 |1 4 1 1 1 1 1 2 4 |1 1 1 1 1 6 1 1 1 1 4 |1 2 1 1 1 1 1 1 1 1 1 1 5 3 1 1 6 |num = 100

===============第36个最优解如下===============
最佳适宜值为：
12.57379894345754
最佳迁移代数为：
29999
最佳分配序列为：
6 1 3 1 1 4 1 5 6 |1 1 1 1 3 1 |1 4 1 1 1 1 1 2 4 |1 1 1 1 1 5 1 2 1 1 4 |1 5 1 1 1 1 1 1 1 1 1 1 4 1 1 1 6 |num = 100

===============第37个最优解如下===============
最佳适宜值为：
12.603198688980324
最佳迁移代数为：
29999
最佳分配序列为：
6 1 4 1 1 5 1 5 6 |1 1 1 1 3 1 |1 4 1 1 1 1 1 1 3 |1 1 1 1 1 5 1 1 1 1 3 |1 4 1 1 1 1 1 1 1 1 1 1 6 2 1 1 6 |num = 100

===============第38个最优解如下===============
最佳适宜值为：
12.691896729089589
最佳迁移代数为：
29999
最佳分配序列为：
6 1 5 1 1 4 1 4 6 |1 1 1 1 3 1 |1 4 1 1 1 1 1 1 3 |1 1 1 1 1 5 1 1 1 1 4 |1 3 1 1 1 1 1 2 1 1 1 1 6 2 1 1 6 |num = 100

===============第39个最优解如下===============
最佳适宜值为：
12.744861058846103
最佳迁移代数为：
29999
最佳分配序列为：
6 1 5 1 1 5 1 4 6 |1 1 1 1 3 1 |1 3 1 1 1 1 1 1 3 |1 1 1 1 1 6 1 1 1 1 3 |1 3 2 1 1 1 1 2 1 1 1 1 6 1 1 1 6 |num = 100

===============第40个最优解如下===============
最佳适宜值为：
12.869764104792413
最佳迁移代数为：
29999
最佳分配序列为：
6 1 5 1 1 4 1 4 6 |1 1 1 1 3 1 |1 5 1 1 1 1 1 1 3 |1 1 1 1 1 6 1 1 1 1 4 |1 3 1 1 1 1 1 1 1 1 1 1 6 1 1 1 6 |num = 100

===============第41个最优解如下===============
最佳适宜值为：
12.685570174388774
最佳迁移代数为：
29999
最佳分配序列为：
6 1 5 1 1 5 1 5 5 |1 1 1 1 2 1 |1 4 1 1 1 1 1 1 3 |1 1 1 1 1 6 1 1 1 1 3 |1 3 1 1 1 1 1 1 1 1 1 1 6 3 1 1 6 |num = 100

===============第42个最优解如下===============
最佳适宜值为：
12.744712570314086
最佳迁移代数为：
29999
最佳分配序列为：
6 1 4 1 1 5 1 4 5 |1 1 1 1 3 1 |1 3 1 1 1 1 2 2 3 |1 1 1 1 1 6 1 1 1 1 3 |1 3 1 1 2 1 1 1 1 1 1 1 6 2 1 1 6 |num = 100

===============第43个最优解如下===============
最佳适宜值为：
11.623886092805844
最佳迁移代数为：
29999
最佳分配序列为：
4 1 3 1 3 3 1 2 5 |2 1 1 1 3 1 |2 3 1 1 2 1 2 1 3 |1 1 1 2 2 3 2 3 1 1 2 |1 3 3 1 2 1 2 1 1 1 1 1 4 2 2 2 5 |num = 100

===============第44个最优解如下===============
最佳适宜值为：
12.731247135395623
最佳迁移代数为：
29999
最佳分配序列为：
6 1 3 1 1 4 1 5 6 |1 1 1 1 2 1 |1 4 1 1 1 1 1 3 3 |1 1 1 1 1 6 1 1 1 1 4 |1 3 1 1 1 1 1 2 1 1 1 1 6 1 1 1 6 |num = 100

===============第45个最优解如下===============
最佳适宜值为：
12.270560004535168
最佳迁移代数为：
29999
最佳分配序列为：
5 1 4 1 1 4 1 4 6 |1 1 1 1 2 1 |1 4 1 1 1 1 1 2 3 |1 1 1 1 1 4 1 1 1 1 4 |1 3 3 1 2 1 1 2 1 1 1 1 6 2 1 1 6 |num = 100

===============第46个最优解如下===============
最佳适宜值为：
12.68587281273203
最佳迁移代数为：
29999
最佳分配序列为：
6 1 4 1 3 5 1 4 6 |1 1 1 1 2 1 |1 4 1 1 1 1 1 2 3 |1 1 1 1 1 4 1 1 1 1 2 |1 3 2 1 1 1 1 2 1 1 1 1 5 3 1 1 6 |num = 100

===============第47个最优解如下===============
最佳适宜值为：
12.620010500238825
最佳迁移代数为：
29999
最佳分配序列为：
6 1 4 1 1 5 1 5 6 |1 1 1 1 2 1 |1 3 1 1 1 1 1 1 3 |1 1 1 1 1 5 1 1 1 1 4 |1 4 1 1 1 1 1 2 1 1 1 1 6 2 1 1 6 |num = 100

===============第48个最优解如下===============
最佳适宜值为：
12.692649129399904
最佳迁移代数为：
29999
最佳分配序列为：
6 1 3 1 1 5 1 5 6 |1 1 1 1 3 1 |1 5 1 1 1 1 1 1 4 |1 1 1 1 1 6 1 1 1 1 2 |1 3 1 1 1 1 1 2 1 1 1 1 5 2 1 1 6 |num = 100

===============第49个最优解如下===============
最佳适宜值为：
12.369865923949268
最佳迁移代数为：
29999
最佳分配序列为：
6 1 5 1 4 4 1 4 4 |1 1 1 1 2 1 |1 3 1 1 1 1 1 3 3 |1 1 1 1 1 4 1 1 1 1 4 |1 2 2 2 2 1 1 2 1 1 1 2 5 1 1 1 5 |num = 100

===============第50个最优解如下===============
最佳适宜值为：
12.657551983036619
最佳迁移代数为：
29999
最佳分配序列为：
6 1 5 1 1 5 1 6 6 |1 1 1 1 3 1 |1 3 1 1 1 1 1 1 3 |1 1 1 1 1 4 1 1 1 1 4 |1 3 1 1 1 1 1 2 1 1 1 1 6 1 1 1 6 |num = 100

===============第51个最优解如下===============
最佳适宜值为：
12.624867632881182
最佳迁移代数为：
29999
最佳分配序列为：
6 1 3 1 2 4 1 4 5 |1 1 1 1 3 1 |1 4 1 1 1 1 1 1 2 |1 1 1 1 1 6 1 3 1 1 2 |1 3 1 1 1 1 3 2 1 1 1 1 5 3 1 1 6 |num = 100

===============第52个最优解如下===============
最佳适宜值为：
12.386834896029422
最佳迁移代数为：
29999
最佳分配序列为：
5 1 5 1 1 5 1 3 6 |1 1 1 2 2 1 |1 3 1 1 1 1 1 1 4 |1 1 1 1 1 5 1 1 1 1 4 |1 3 2 1 2 1 1 3 1 1 1 1 4 2 1 1 6 |num = 100

===============第53个最优解如下===============
最佳适宜值为：
12.519098351382103
最佳迁移代数为：
29999
最佳分配序列为：
6 1 3 1 1 5 1 4 6 |1 1 1 1 2 1 |1 3 1 1 1 1 1 3 3 |1 1 1 1 1 4 1 1 1 1 4 |1 3 1 1 2 1 1 1 1 1 1 3 6 2 1 1 6 |num = 100

===============第54个最优解如下===============
最佳适宜值为：
12.70224628468248
最佳迁移代数为：
29999
最佳分配序列为：
6 1 3 1 1 5 1 4 6 |1 1 1 1 3 1 |1 4 1 1 1 1 1 1 3 |1 1 1 1 1 6 1 1 1 1 3 |1 3 1 1 1 1 1 2 1 1 1 1 6 3 1 1 6 |num = 100

===============第55个最优解如下===============
最佳适宜值为：
12.754853960173465
最佳迁移代数为：
29999
最佳分配序列为：
6 1 4 1 1 5 1 5 6 |1 1 1 1 3 1 |1 4 1 1 1 1 1 2 3 |1 1 1 1 1 5 1 1 1 1 4 |1 4 1 1 1 1 1 1 1 1 1 1 5 1 1 1 6 |num = 100

===============第56个最优解如下===============
最佳适宜值为：
12.46959127126554
最佳迁移代数为：
29999
最佳分配序列为：
5 1 5 1 2 5 1 4 6 |1 1 1 1 2 1 |1 3 1 1 1 1 1 2 3 |1 1 2 1 1 5 1 1 1 1 2 |1 3 2 1 1 1 1 2 1 1 1 1 5 3 1 1 6 |num = 100

===============第57个最优解如下===============
最佳适宜值为：
12.33328523867975
最佳迁移代数为：
29999
最佳分配序列为：
5 1 3 1 2 3 1 4 6 |1 1 1 1 3 1 |1 5 1 1 1 1 1 2 4 |1 1 1 1 1 3 1 2 1 1 3 |1 4 1 2 1 1 1 2 1 1 1 2 6 2 1 1 5 |num = 100

===============第58个最优解如下===============
最佳适宜值为：
12.47554845354
最佳迁移代数为：
29999
最佳分配序列为：
5 1 4 1 1 3 1 4 6 |1 1 1 1 3 1 |1 3 1 1 1 1 1 2 3 |1 1 1 1 1 4 1 2 1 1 5 |1 3 1 2 2 1 1 2 1 1 1 2 5 2 1 1 6 |num = 100

===============第59个最优解如下===============
最佳适宜值为：
12.450288960061766
最佳迁移代数为：
29999
最佳分配序列为：
6 1 4 1 2 5 1 4 6 |1 1 1 1 2 1 |1 3 1 1 1 1 1 3 3 |1 1 2 1 1 5 1 1 1 1 3 |1 3 2 1 1 1 1 1 1 1 1 1 5 2 1 1 6 |num = 100

===============第60个最优解如下===============
最佳适宜值为：
12.428378641682322
最佳迁移代数为：
29999
最佳分配序列为：
6 1 5 1 1 4 1 3 6 |1 1 1 1 2 1 |1 3 1 1 1 1 1 3 2 |1 1 2 1 1 4 1 1 1 1 3 |1 2 3 1 3 1 1 3 1 1 1 2 3 3 1 1 6 |num = 100

最大适应度：12.869764104792413
最小适应度：11.623886092805844
平均适应度：12.5797887637128
估计标准差值：0.2076639397054426
最佳分配：
6 1 5 1 1 4 1 4 6 |1 1 1 1 3 1 |1 5 1 1 1 1 1 1 3 |1 1 1 1 1 6 1 1 1 1 4 |1 3 1 1 1 1 1 1 1 1 1 1 6 1 1 1 6 |num = 100
BBO算法运行求解巡逻调度问题耗时：0小时，0分钟，55秒
