===============第1个全局最优解================
最佳代数：
9947
最佳分配：
6 1 3 1 1 5 1 5 6 |1 1 1 1 3 1 |1 4 1 1 1 1 1 2 3 |1 1 1 1 1 6 1 1 1 1 3 |1 3 1 1 1 1 1 1 1 1 1 1 6 2 1 1 6 |
最佳适应度：
12.844758445841592

===============第2个全局最优解================
最佳代数：
9747
最佳分配：
6 1 3 1 1 5 1 4 6 |1 1 1 1 3 1 |1 4 1 1 1 1 1 1 4 |1 1 1 1 1 6 1 1 1 1 3 |1 3 1 1 1 1 1 1 1 1 1 1 6 3 1 1 6 |
最佳适应度：
12.737125945236786

===============第3个全局最优解================
最佳代数：
8065
最佳分配：
6 1 5 1 1 5 1 5 6 |1 1 1 1 3 1 |1 3 1 1 1 1 1 1 3 |1 1 1 1 1 6 1 1 1 1 4 |1 3 1 1 1 1 1 1 1 1 1 1 6 1 1 1 6 |
最佳适应度：
12.840884378755389

===============第4个全局最优解================
最佳代数：
9671
最佳分配：
6 1 4 1 1 5 1 5 6 |1 1 1 1 2 1 |1 5 1 1 1 1 1 1 2 |1 1 1 1 1 6 1 1 1 1 4 |1 2 1 1 1 1 1 2 1 1 1 1 6 2 1 1 6 |
最佳适应度：
12.621069714567344

===============第5个全局最优解================
最佳代数：
9495
最佳分配：
6 1 4 1 1 4 1 4 6 |1 1 1 1 2 1 |1 4 1 1 1 1 1 2 4 |1 1 1 1 1 6 1 1 1 1 4 |1 4 1 1 1 1 1 1 1 1 1 1 5 2 1 1 6 |
最佳适应度：
12.67717136169073

===============第6个全局最优解================
最佳代数：
9727
最佳分配：
6 1 5 1 1 5 1 4 6 |1 1 1 1 3 1 |1 4 1 1 1 1 1 2 2 |1 1 1 1 1 5 1 1 1 1 4 |1 3 1 1 1 1 1 1 1 1 1 1 6 2 1 1 6 |
最佳适应度：
12.847545486890695

===============第7个全局最优解================
最佳代数：
8847
最佳分配：
6 1 4 1 1 4 1 4 6 |1 1 1 1 2 1 |1 4 1 1 1 1 1 1 4 |1 1 1 1 1 6 1 1 1 1 4 |1 4 1 1 1 1 1 2 1 1 1 1 6 1 1 1 6 |
最佳适应度：
12.926521335319887

===============第8个全局最优解================
最佳代数：
8381
最佳分配：
6 1 3 1 1 5 1 5 6 |1 1 1 1 3 1 |1 5 1 1 1 1 1 1 3 |1 1 1 1 1 6 1 1 1 1 4 |1 3 1 1 1 1 1 1 1 1 1 1 6 1 1 1 6 |
最佳适应度：
12.782445187420988

===============第9个全局最优解================
最佳代数：
8597
最佳分配：
6 1 4 1 1 5 1 3 6 |1 1 1 1 3 1 |1 4 1 1 1 1 1 1 4 |1 1 1 1 1 5 1 1 1 1 4 |1 3 1 1 1 1 1 1 1 1 1 1 6 3 1 1 6 |
最佳适应度：
12.809222933085858

===============第10个全局最优解================
最佳代数：
8483
最佳分配：
6 1 5 1 1 5 1 5 6 |1 1 1 1 2 1 |1 4 1 1 1 1 1 1 3 |1 1 1 1 1 5 1 1 1 1 4 |1 3 1 1 1 1 1 1 1 1 1 1 6 2 1 1 6 |
最佳适应度：
12.689257578619445

===============第11个全局最优解================
最佳代数：
9977
最佳分配：
5 1 3 1 1 5 1 5 6 |1 1 1 1 3 1 |1 4 1 1 1 1 1 3 4 |1 1 1 1 1 5 1 1 1 1 3 |1 4 1 1 1 1 1 1 1 1 1 1 6 1 1 1 6 |
最佳适应度：
12.57967201250418

===============第12个全局最优解================
最佳代数：
8103
最佳分配：
6 1 3 1 1 5 1 5 6 |1 1 1 1 3 1 |1 4 1 1 1 1 1 1 2 |1 1 1 1 1 6 1 1 1 1 3 |1 4 1 1 1 1 1 2 1 1 1 1 6 2 1 1 6 |
最佳适应度：
12.625216269589783

===============第13个全局最优解================
最佳代数：
6937
最佳分配：
6 1 4 1 1 5 1 4 6 |1 1 1 1 2 1 |1 4 1 1 1 1 1 1 4 |1 1 1 1 1 5 1 1 1 1 4 |1 3 1 1 1 1 1 2 1 1 1 1 6 2 1 1 6 |
最佳适应度：
12.69321004309499

===============第14个全局最优解================
最佳代数：
6569
最佳分配：
6 1 3 1 1 5 1 4 6 |1 1 1 1 3 1 |1 4 1 1 1 1 1 1 3 |1 1 1 1 1 5 1 1 1 1 5 |1 3 1 1 1 1 1 1 1 1 1 1 6 3 1 1 6 |
最佳适应度：
12.544226904403917

===============第15个全局最优解================
最佳代数：
8645
最佳分配：
6 1 4 1 1 5 1 4 6 |1 1 1 1 2 1 |1 4 1 1 1 1 1 2 4 |1 1 1 1 1 6 1 1 1 1 4 |1 3 1 1 1 1 1 1 1 1 1 1 6 1 1 1 6 |
最佳适应度：
12.633384474883389

===============第16个全局最优解================
最佳代数：
9445
最佳分配：
6 1 4 1 1 5 1 4 6 |1 1 1 1 3 1 |1 4 1 1 1 1 1 2 4 |1 1 1 1 1 6 1 1 1 1 4 |1 3 1 1 1 1 1 1 1 1 1 1 5 1 1 1 6 |
最佳适应度：
12.593878683176744

===============第17个全局最优解================
最佳代数：
9975
最佳分配：
6 1 4 1 1 5 1 5 6 |1 1 1 1 4 1 |1 3 1 1 1 1 1 1 1 |1 1 1 1 1 5 1 1 1 1 4 |1 3 1 1 1 1 1 3 1 1 1 1 6 2 1 1 6 |
最佳适应度：
12.436323111101919

===============第18个全局最优解================
最佳代数：
9335
最佳分配：
6 1 5 1 1 5 1 4 6 |1 1 1 1 2 1 |1 5 1 1 1 1 1 1 3 |1 1 1 1 1 4 1 1 1 1 4 |1 4 1 1 1 1 1 1 1 1 1 1 6 2 1 1 6 |
最佳适应度：
12.621645142744828

===============第19个全局最优解================
最佳代数：
9809
最佳分配：
7 1 3 1 2 4 1 5 6 |1 1 1 1 2 1 |1 4 1 1 1 1 1 1 3 |1 1 1 1 1 6 1 1 1 1 4 |1 3 1 1 1 1 1 2 1 1 1 1 6 1 1 1 6 |
最佳适应度：
12.70929416163961

===============第20个全局最优解================
最佳代数：
8827
最佳分配：
6 1 4 1 1 5 1 4 6 |1 1 1 1 3 1 |1 3 1 1 1 1 1 1 3 |1 1 1 1 1 6 1 1 1 1 5 |1 4 1 1 1 1 1 1 1 1 1 1 6 1 1 1 6 |
最佳适应度：
12.614229183476281

===============第21个全局最优解================
最佳代数：
8927
最佳分配：
6 1 3 1 1 5 1 5 6 |1 1 1 1 3 1 |1 4 1 1 1 1 1 1 1 |1 1 1 1 1 5 1 1 1 1 5 |1 4 1 1 1 1 1 1 1 1 1 1 6 3 1 1 6 |
最佳适应度：
12.70858361177412

===============第22个全局最优解================
最佳代数：
6767
最佳分配：
6 1 4 1 1 5 1 5 6 |1 1 1 1 3 1 |1 4 1 1 1 1 1 1 3 |1 1 1 1 1 5 1 1 1 1 4 |1 3 1 1 1 1 1 1 1 1 1 1 6 2 1 1 6 |
最佳适应度：
12.736171219642896

===============第23个全局最优解================
最佳代数：
9731
最佳分配：
6 1 4 1 1 5 1 5 6 |1 1 1 1 3 1 |1 4 1 1 1 1 1 2 4 |1 1 1 1 1 6 1 1 1 1 4 |1 1 1 1 1 1 1 1 1 1 1 1 6 1 1 1 6 |
最佳适应度：
12.459107812283724

===============第24个全局最优解================
最佳代数：
9737
最佳分配：
6 1 3 1 1 5 1 5 6 |1 1 1 1 2 1 |1 4 1 1 1 1 1 2 5 |1 1 1 1 1 5 1 1 1 1 3 |1 4 1 1 1 1 1 1 1 1 1 1 6 1 1 1 6 |
最佳适应度：
12.756436236753013

===============第25个全局最优解================
最佳代数：
8653
最佳分配：
6 1 4 1 1 5 1 5 6 |1 1 1 1 3 1 |1 4 1 1 1 1 1 3 2 |1 1 1 1 1 6 1 1 1 1 3 |1 2 1 1 1 1 1 1 1 1 1 1 6 2 1 1 6 |
最佳适应度：
12.603473232805525

===============第26个全局最优解================
最佳代数：
9503
最佳分配：
6 1 4 1 1 4 1 4 6 |1 1 1 1 2 1 |1 4 1 1 1 1 1 1 4 |1 1 1 1 1 6 1 1 1 1 4 |1 4 1 1 1 1 1 1 1 1 1 1 6 2 1 1 6 |
最佳适应度：
12.63871936922669

===============第27个全局最优解================
最佳代数：
8187
最佳分配：
6 1 4 1 1 4 1 5 6 |1 1 1 1 3 1 |1 4 1 1 1 1 1 1 3 |1 1 1 1 1 5 1 1 1 1 5 |1 3 1 1 1 1 1 2 1 1 1 1 6 1 1 1 6 |
最佳适应度：
12.528453614986867

===============第28个全局最优解================
最佳代数：
8529
最佳分配：
6 1 4 1 1 5 1 5 6 |1 1 1 1 3 1 |1 3 1 1 1 1 1 1 3 |1 1 1 1 1 6 1 1 1 1 4 |1 4 1 1 1 1 1 1 1 1 1 1 6 1 1 1 6 |
最佳适应度：
12.716023107650466

===============第29个全局最优解================
最佳代数：
10041
最佳分配：
6 1 3 1 1 5 1 4 6 |1 1 1 1 3 1 |1 4 1 1 1 1 1 2 4 |1 1 1 1 1 6 1 1 1 1 4 |1 3 1 1 1 1 1 1 1 1 1 1 5 2 1 1 6 |
最佳适应度：
12.65443910582352

===============第30个全局最优解================
最佳代数：
9819
最佳分配：
6 1 4 1 1 5 1 5 6 |1 1 1 1 3 1 |1 5 1 1 1 1 1 1 3 |1 1 1 1 1 5 1 1 1 1 4 |1 3 1 1 1 1 1 1 1 1 1 1 6 1 1 1 6 |
最佳适应度：
12.771706799041532

===============第31个全局最优解================
最佳代数：
9405
最佳分配：
6 1 3 1 1 5 1 5 6 |1 1 1 1 3 1 |1 5 1 1 1 1 1 1 4 |1 1 1 1 1 6 1 1 1 1 3 |1 3 1 1 1 1 1 1 1 1 1 1 6 1 1 1 6 |
最佳适应度：
12.489162206426709

===============第32个全局最优解================
最佳代数：
8915
最佳分配：
6 1 4 1 1 4 1 4 6 |1 1 1 1 2 1 |1 4 1 1 1 1 1 2 4 |1 1 1 1 1 6 1 1 1 1 3 |1 4 1 1 1 1 1 1 1 1 1 1 6 2 1 1 6 |
最佳适应度：
12.686229457086853

===============第33个全局最优解================
最佳代数：
9073
最佳分配：
6 1 4 1 1 6 1 5 6 |1 1 1 1 3 1 |1 4 1 1 1 1 1 1 4 |1 1 1 1 1 6 1 1 1 1 3 |1 2 1 1 1 1 1 1 1 1 1 1 5 2 1 1 6 |
最佳适应度：
12.64822500107974

===============第34个全局最优解================
最佳代数：
9637
最佳分配：
6 1 3 1 2 5 1 4 6 |1 1 1 1 3 1 |1 4 1 1 1 1 1 1 4 |1 1 1 1 1 6 1 1 1 1 1 |1 4 1 1 1 1 1 1 1 1 1 1 6 3 1 1 6 |
最佳适应度：
12.718997318124744

===============第35个全局最优解================
最佳代数：
8321
最佳分配：
6 1 3 1 1 5 1 5 6 |1 1 1 1 2 1 |1 5 1 1 1 1 1 1 3 |1 1 1 1 1 5 1 1 1 1 4 |1 3 1 1 1 1 1 1 1 1 1 1 6 3 1 1 6 |
最佳适应度：
12.696981877647634

===============第36个全局最优解================
最佳代数：
9863
最佳分配：
6 1 4 1 1 4 1 5 6 |1 1 1 1 2 1 |1 4 1 1 1 1 1 1 4 |1 1 1 1 1 6 1 1 1 1 4 |1 4 1 1 1 1 1 1 1 1 1 1 6 1 1 1 6 |
最佳适应度：
12.961070255218402

===============第37个全局最优解================
最佳代数：
9727
最佳分配：
5 1 4 1 1 4 1 5 6 |1 1 1 1 2 1 |1 5 1 1 1 1 1 2 3 |1 1 1 1 1 5 1 1 1 1 4 |1 4 1 1 1 1 1 2 1 1 1 1 6 1 1 1 6 |
最佳适应度：
12.830168997280431

===============第38个全局最优解================
最佳代数：
9787
最佳分配：
6 1 4 1 1 4 1 4 7 |1 1 1 1 2 1 |1 4 1 1 1 1 1 1 4 |1 1 1 1 1 6 1 1 1 1 4 |1 3 1 1 1 1 1 1 1 1 1 1 6 2 1 1 6 |
最佳适应度：
12.873194789465137

===============第39个全局最优解================
最佳代数：
9087
最佳分配：
6 1 3 1 1 5 1 5 6 |1 1 1 1 2 1 |1 5 1 1 1 1 1 1 4 |1 1 1 1 1 4 1 1 1 1 4 |1 4 1 1 1 1 1 1 1 1 1 1 5 3 1 1 6 |
最佳适应度：
12.693958481938699

===============第40个全局最优解================
最佳代数：
9533
最佳分配：
6 1 3 1 1 5 1 4 6 |1 1 1 1 3 1 |1 3 1 1 1 1 1 2 3 |1 1 1 1 1 6 1 1 1 1 4 |1 4 1 1 1 1 1 1 1 1 1 1 6 2 1 1 6 |
最佳适应度：
12.678538679276375

===============第41个全局最优解================
最佳代数：
8283
最佳分配：
6 1 3 1 1 5 1 5 6 |1 1 1 1 3 1 |1 4 1 1 1 1 1 2 3 |1 1 1 1 1 5 1 1 1 1 5 |1 3 1 1 1 1 1 1 1 1 1 1 6 1 1 1 6 |
最佳适应度：
12.590205195099966

===============第42个全局最优解================
最佳代数：
8921
最佳分配：
6 1 4 1 1 5 1 3 6 |1 1 1 1 3 1 |1 4 1 1 1 1 1 1 4 |1 1 1 1 1 6 1 1 1 1 5 |1 3 1 1 1 1 1 1 1 1 1 1 6 1 1 1 6 |
最佳适应度：
12.577476653035157

===============第43个全局最优解================
最佳代数：
8533
最佳分配：
6 1 1 1 1 6 1 5 6 |1 1 1 1 2 1 |1 5 1 1 1 1 1 1 3 |1 1 1 1 1 6 1 1 1 1 4 |1 3 1 1 1 1 1 1 1 1 1 1 6 3 1 1 6 |
最佳适应度：
12.707456959032635

===============第44个全局最优解================
最佳代数：
9833
最佳分配：
6 1 4 1 1 5 1 4 6 |1 1 1 1 2 1 |1 5 1 1 1 1 1 1 3 |1 1 1 1 1 6 1 1 1 1 5 |1 3 1 1 1 1 1 1 1 1 1 1 6 1 1 1 6 |
最佳适应度：
12.897569279274673

===============第45个全局最优解================
最佳代数：
8541
最佳分配：
6 1 4 1 1 5 1 4 6 |1 1 1 1 3 1 |1 5 1 1 1 1 1 1 3 |1 1 1 1 1 5 1 1 1 1 4 |1 3 1 1 1 1 1 2 1 1 1 1 6 1 1 1 6 |
最佳适应度：
12.814674273903831

===============第46个全局最优解================
最佳代数：
7711
最佳分配：
6 1 4 1 1 5 1 5 6 |1 1 1 1 3 1 |1 4 1 1 1 1 1 1 3 |1 1 1 1 1 6 1 1 1 1 3 |1 4 1 1 1 1 1 1 1 1 1 1 6 1 1 1 6 |
最佳适应度：
12.704187613306997

===============第47个全局最优解================
最佳代数：
9247
最佳分配：
6 1 4 1 2 4 1 4 6 |1 1 1 1 2 1 |1 5 1 1 1 1 1 1 4 |1 1 1 1 1 4 1 1 1 1 4 |1 4 1 1 1 1 1 2 1 1 1 1 6 1 1 1 6 |
最佳适应度：
12.503308849899433

===============第48个全局最优解================
最佳代数：
9889
最佳分配：
6 1 3 1 1 5 1 5 6 |1 1 1 1 3 1 |1 4 1 1 1 1 1 1 3 |1 1 1 1 1 6 1 1 1 1 5 |1 3 1 1 1 1 1 1 1 1 1 1 6 1 1 1 6 |
最佳适应度：
12.748014339969874

===============第49个全局最优解================
最佳代数：
8935
最佳分配：
6 1 4 1 1 5 1 4 6 |1 1 1 1 3 1 |1 4 1 1 1 1 1 1 3 |1 1 1 1 1 5 1 1 1 1 5 |1 3 1 1 1 1 1 1 1 1 1 1 6 2 1 1 6 |
最佳适应度：
12.631262043263957

===============第50个全局最优解================
最佳代数：
8773
最佳分配：
6 1 4 1 1 5 1 5 6 |1 1 1 1 2 1 |1 5 1 1 1 1 1 1 3 |1 1 1 1 1 5 1 1 1 1 5 |1 4 1 1 1 1 1 1 1 1 1 1 5 1 1 1 6 |
最佳适应度：
12.523093136623432

===============第51个全局最优解================
最佳代数：
9491
最佳分配：
6 1 3 1 1 5 1 6 6 |1 1 1 1 1 1 |1 5 1 1 1 1 1 2 3 |1 1 1 1 1 6 1 1 1 1 1 |1 4 1 1 1 1 1 3 1 1 1 1 6 1 1 1 6 |
最佳适应度：
12.514394121604212

===============第52个全局最优解================
最佳代数：
9993
最佳分配：
6 1 3 1 1 6 1 5 6 |1 1 1 1 3 1 |1 4 1 1 1 1 1 2 4 |1 1 1 1 1 5 1 1 1 1 3 |1 2 1 1 1 1 1 1 1 1 1 1 6 2 1 1 6 |
最佳适应度：
12.679377987287522

===============第53个全局最优解================
最佳代数：
8077
最佳分配：
6 1 5 1 1 5 1 5 6 |1 1 1 1 2 1 |1 4 1 1 1 1 1 1 3 |1 1 1 1 1 6 1 1 1 1 4 |1 3 1 1 1 1 1 1 1 1 1 1 6 1 1 1 6 |
最佳适应度：
12.52559778301569

===============第54个全局最优解================
最佳代数：
7265
最佳分配：
6 1 4 1 1 5 1 5 6 |1 1 1 1 2 1 |1 5 1 1 1 1 1 1 4 |1 1 1 1 1 6 1 1 1 1 4 |1 2 1 1 1 1 1 1 1 1 1 1 6 1 1 1 6 |
最佳适应度：
12.74364585209235

===============第55个全局最优解================
最佳代数：
8929
最佳分配：
6 1 4 1 1 5 1 5 6 |1 1 1 1 3 1 |1 4 1 1 1 1 1 2 3 |1 1 1 1 1 6 1 1 1 1 4 |1 2 1 1 1 1 1 1 1 1 1 1 6 1 1 1 6 |
最佳适应度：
12.742429287872774

===============第56个全局最优解================
最佳代数：
9305
最佳分配：
6 1 4 1 1 5 1 6 6 |1 1 1 1 2 1 |1 4 1 1 1 1 1 1 2 |1 1 1 1 1 6 1 1 1 1 4 |1 3 1 1 1 1 1 2 1 1 1 1 6 1 1 1 6 |
最佳适应度：
12.506148387858238

===============第57个全局最优解================
最佳代数：
9593
最佳分配：
6 1 5 1 1 5 1 5 6 |1 1 1 1 3 1 |1 5 1 1 1 1 1 1 1 |1 1 1 1 1 5 1 1 1 1 3 |1 4 1 1 1 1 1 1 1 1 1 2 5 2 1 1 6 |
最佳适应度：
12.671597392509625

===============第58个全局最优解================
最佳代数：
9381
最佳分配：
6 1 4 1 1 4 1 4 6 |1 1 1 1 3 1 |1 4 1 1 1 1 1 1 4 |1 1 1 1 1 6 1 1 1 1 5 |1 3 1 1 1 1 1 1 1 1 1 1 6 1 1 1 6 |
最佳适应度：
12.434763990240624

===============第59个全局最优解================
最佳代数：
8993
最佳分配：
6 1 4 1 1 5 1 5 6 |1 1 1 1 1 1 |1 5 1 1 1 1 1 1 3 |1 1 1 1 1 5 1 1 1 1 5 |1 3 1 1 1 1 1 1 1 1 1 1 6 2 1 1 6 |
最佳适应度：
12.65943860440558

===============第60个全局最优解================
最佳代数：
7629
最佳分配：
6 1 4 1 1 5 1 5 6 |1 1 1 1 3 1 |1 5 1 1 1 1 1 1 4 |1 1 1 1 1 6 1 1 1 1 2 |1 3 1 1 1 1 1 1 1 1 1 1 5 2 1 1 6 |
最佳适应度：
12.617094666798604

最大适应度：12.961070255218402
最小适应度：12.434763990240624
平均适应度：12.674474332411211
估计标准差值：0.12097066989468556
最佳分配：
6 1 4 1 1 4 1 5 6 |1 1 1 1 2 1 |1 4 1 1 1 1 1 1 4 |1 1 1 1 1 6 1 1 1 1 4 |1 4 1 1 1 1 1 1 1 1 1 1 6 1 1 1 6 |
DNSPSO算法运行求解巡逻调度问题耗时：0小时，0分钟，43秒
