===============第1个最优解如下===============
最佳适宜值为：
109.45813465671051
最佳迁移代数为：
9999
最佳分配序列为：
1 1 1 1 1 1 1 1 1 1 1 1 1 4 1 6 3 1 |1 1 1 6 1 2 1 4 1 2 1 |1 1 1 1 1 3 1 4 1 1 1 1 |2 1 1 1 4 1 2 1 3 2 6 2 1 1 1 1 |1 1 1 1 1 1 1 1 3 1 |6 1 1 1 1 2 1 1 1 1 1 1 1 6 1 3 1 |1 1 1 2 1 4 1 1 1 2 1 1 4 1 1 1 3 1 |1 1 2 1 1 1 2 |2 1 1 1 2 2 1 1 1 1 2 1 1 1 1 2 2 1 |1 1 1 1 1 1 2 1 1 2 1 1 1 1 1 1 1 1 1 |1 1 1 1 1 2 |1 1 1 1 1 1 1 1 1 1 |1 1 1 4 1 4 1 1 1 2 5 1 1 1 1 1 3 1 1 |1 1 3 4 1 4 1 6 2 |1 1 1 1 6 1 |2 1 4 1 1 1 1 1 1 1 3 1 1 1 1 1 1 |5 1 1 2 1 1 2 1 1 1 1 1 1 1 |1 1 1 1 1 1 1 1 |1 1 1 5 1 1 1 |1 1 2 1 1 1 1 1 1 1 1 2 1 1 1 1 |1 1 1 1 1 1 1 1 1 1 1 1 1 1 1 |1 6 1 1 1 4 1 1 2 1 2 1 1 4 1 1 1 2 |1 1 1 2 3 1 1 1 2 1 1 4 1 1 1 1 |1 1 1 2 1 1 1 1 1 1 1 1 4 1 |6 1 1 1 1 1 2 3 1 |1 1 1 1 6 5 1 1 5 1 1 1 1 1 1 1 1 3 4 1 |1 1 1 1 1 1 1 1 2 1 1 1 1 |4 1 2 1 1 3 1 1 1 1 1 3 4 1 1 1 1 1 1 1 |1 1 1 2 1 5 |4 1 1 1 1 1 4 1 1 1 1 1 |num = 600

最大适应度：109.45813465671051
最小适应度：109.45813465671051
平均适应度：109.45813465671051
估计标准差值：NaN
最佳分配：
1 1 1 1 1 1 1 1 1 1 1 1 1 4 1 6 3 1 |1 1 1 6 1 2 1 4 1 2 1 |1 1 1 1 1 3 1 4 1 1 1 1 |2 1 1 1 4 1 2 1 3 2 6 2 1 1 1 1 |1 1 1 1 1 1 1 1 3 1 |6 1 1 1 1 2 1 1 1 1 1 1 1 6 1 3 1 |1 1 1 2 1 4 1 1 1 2 1 1 4 1 1 1 3 1 |1 1 2 1 1 1 2 |2 1 1 1 2 2 1 1 1 1 2 1 1 1 1 2 2 1 |1 1 1 1 1 1 2 1 1 2 1 1 1 1 1 1 1 1 1 |1 1 1 1 1 2 |1 1 1 1 1 1 1 1 1 1 |1 1 1 4 1 4 1 1 1 2 5 1 1 1 1 1 3 1 1 |1 1 3 4 1 4 1 6 2 |1 1 1 1 6 1 |2 1 4 1 1 1 1 1 1 1 3 1 1 1 1 1 1 |5 1 1 2 1 1 2 1 1 1 1 1 1 1 |1 1 1 1 1 1 1 1 |1 1 1 5 1 1 1 |1 1 2 1 1 1 1 1 1 1 1 2 1 1 1 1 |1 1 1 1 1 1 1 1 1 1 1 1 1 1 1 |1 6 1 1 1 4 1 1 2 1 2 1 1 4 1 1 1 2 |1 1 1 2 3 1 1 1 2 1 1 4 1 1 1 1 |1 1 1 2 1 1 1 1 1 1 1 1 4 1 |6 1 1 1 1 1 2 3 1 |1 1 1 1 6 5 1 1 5 1 1 1 1 1 1 1 1 3 4 1 |1 1 1 1 1 1 1 1 2 1 1 1 1 |4 1 2 1 1 3 1 1 1 1 1 3 4 1 1 1 1 1 1 1 |1 1 1 2 1 5 |4 1 1 1 1 1 4 1 1 1 1 1 |num = 600
BBO算法运行求解巡逻调度问题耗时：0小时，18分钟，43秒
===============第1个最优解如下===============
最佳适宜值为：
111.87851893010576
最佳迁移代数为：
2999
最佳分配序列为：
1 1 1 1 1 1 1 1 1 1 1 1 1 3 1 6 4 1 |1 1 1 5 1 1 1 6 1 1 1 |2 1 1 1 1 4 1 5 1 1 1 1 |1 1 1 1 6 1 3 1 2 3 4 3 1 1 1 1 |1 1 2 1 1 1 1 1 3 1 |4 1 1 1 1 2 1 1 1 1 1 1 1 3 1 6 1 |1 1 2 1 1 3 3 1 1 3 1 1 1 1 1 1 3 1 |1 1 1 1 1 1 4 |1 1 2 1 1 3 1 1 1 1 3 1 1 1 2 1 3 1 |1 1 1 1 1 1 2 1 1 1 1 1 1 1 1 1 1 1 1 |1 1 1 1 1 3 |1 1 1 1 1 1 1 1 1 2 |1 1 1 2 1 4 1 1 1 1 3 1 1 3 1 1 5 1 1 |1 1 2 6 1 4 1 6 2 |1 1 1 1 5 1 |1 1 3 1 1 1 1 1 1 1 4 1 1 1 1 1 1 |5 1 1 2 1 1 2 1 1 1 1 1 1 1 |1 1 1 1 1 1 1 2 |1 1 1 5 1 1 1 |2 1 1 1 1 1 1 1 1 1 1 1 1 1 1 1 |1 1 1 1 1 1 1 1 1 1 1 1 1 1 1 |1 6 1 1 1 1 1 1 1 1 3 1 1 5 1 1 1 2 |1 1 1 1 3 1 1 1 3 1 1 3 1 1 2 1 |1 1 1 3 1 1 1 1 1 1 1 1 2 1 |6 1 1 1 1 1 5 2 1 |1 1 1 1 6 6 1 1 4 1 1 1 1 1 1 1 1 2 3 1 |1 1 1 2 1 1 1 1 1 1 1 1 1 |3 1 1 1 1 3 1 1 1 1 1 1 6 1 1 1 1 1 1 1 |1 1 1 1 2 6 |2 1 1 1 1 1 6 2 1 1 1 1 |num = 600

最大适应度：111.87851893010576
最小适应度：111.87851893010576
平均适应度：111.87851893010576
估计标准差值：NaN
最佳分配：
1 1 1 1 1 1 1 1 1 1 1 1 1 3 1 6 4 1 |1 1 1 5 1 1 1 6 1 1 1 |2 1 1 1 1 4 1 5 1 1 1 1 |1 1 1 1 6 1 3 1 2 3 4 3 1 1 1 1 |1 1 2 1 1 1 1 1 3 1 |4 1 1 1 1 2 1 1 1 1 1 1 1 3 1 6 1 |1 1 2 1 1 3 3 1 1 3 1 1 1 1 1 1 3 1 |1 1 1 1 1 1 4 |1 1 2 1 1 3 1 1 1 1 3 1 1 1 2 1 3 1 |1 1 1 1 1 1 2 1 1 1 1 1 1 1 1 1 1 1 1 |1 1 1 1 1 3 |1 1 1 1 1 1 1 1 1 2 |1 1 1 2 1 4 1 1 1 1 3 1 1 3 1 1 5 1 1 |1 1 2 6 1 4 1 6 2 |1 1 1 1 5 1 |1 1 3 1 1 1 1 1 1 1 4 1 1 1 1 1 1 |5 1 1 2 1 1 2 1 1 1 1 1 1 1 |1 1 1 1 1 1 1 2 |1 1 1 5 1 1 1 |2 1 1 1 1 1 1 1 1 1 1 1 1 1 1 1 |1 1 1 1 1 1 1 1 1 1 1 1 1 1 1 |1 6 1 1 1 1 1 1 1 1 3 1 1 5 1 1 1 2 |1 1 1 1 3 1 1 1 3 1 1 3 1 1 2 1 |1 1 1 3 1 1 1 1 1 1 1 1 2 1 |6 1 1 1 1 1 5 2 1 |1 1 1 1 6 6 1 1 4 1 1 1 1 1 1 1 1 2 3 1 |1 1 1 2 1 1 1 1 1 1 1 1 1 |3 1 1 1 1 3 1 1 1 1 1 1 6 1 1 1 1 1 1 1 |1 1 1 1 2 6 |2 1 1 1 1 1 6 2 1 1 1 1 |num = 600
BBO算法运行求解巡逻调度问题耗时：0小时，5分钟，42秒
===============第1个最优解如下===============
最佳适宜值为：
111.48198915017372
最佳迁移代数为：
9999
最佳分配序列为：
1 1 1 1 1 1 1 1 1 1 1 1 1 6 1 6 4 1 |1 1 1 5 1 2 1 4 1 1 1 |1 1 1 1 1 3 1 6 1 1 1 1 |1 1 1 1 5 1 6 1 1 4 5 4 1 1 1 1 |1 1 1 1 1 1 1 1 2 1 |2 1 1 1 1 1 1 1 1 1 1 1 1 4 1 6 1 |1 1 1 1 1 6 1 1 2 1 1 1 4 1 1 1 2 1 |1 1 1 1 1 1 3 |2 1 1 1 1 3 1 1 1 1 2 1 1 1 1 1 2 1 |1 1 1 1 1 1 3 1 1 2 1 1 1 1 1 1 1 1 1 |1 1 1 1 1 3 |1 1 1 1 1 1 1 1 1 1 |1 1 1 6 1 2 1 1 1 1 3 1 1 2 1 1 6 1 1 |1 1 6 6 1 2 1 4 2 |1 1 1 1 4 1 |1 1 4 1 1 1 1 1 1 1 6 1 1 1 1 1 1 |6 1 1 2 1 1 3 1 1 1 1 1 1 1 |1 1 1 1 1 1 1 1 |1 1 1 4 1 1 1 |1 1 2 1 1 1 1 1 1 1 1 1 1 1 1 1 |1 1 1 1 1 1 1 1 1 1 1 1 1 1 1 |1 6 1 1 1 1 1 1 1 1 3 1 1 3 1 1 1 3 |1 1 1 1 1 1 1 1 5 1 1 3 1 1 1 1 |1 1 1 3 1 1 1 1 1 1 1 1 3 1 |5 1 1 1 1 1 3 3 1 |1 1 1 1 4 4 1 1 5 1 1 1 1 1 1 1 1 1 5 1 |1 1 1 1 1 1 1 1 1 1 1 1 1 |5 1 1 1 1 4 1 1 1 1 1 3 4 1 1 1 1 1 1 1 |1 1 1 1 2 6 |3 1 1 1 1 1 6 1 1 1 1 1 |num = 600

最大适应度：111.48198915017372
最小适应度：111.48198915017372
平均适应度：111.48198915017372
估计标准差值：NaN
最佳分配：
1 1 1 1 1 1 1 1 1 1 1 1 1 6 1 6 4 1 |1 1 1 5 1 2 1 4 1 1 1 |1 1 1 1 1 3 1 6 1 1 1 1 |1 1 1 1 5 1 6 1 1 4 5 4 1 1 1 1 |1 1 1 1 1 1 1 1 2 1 |2 1 1 1 1 1 1 1 1 1 1 1 1 4 1 6 1 |1 1 1 1 1 6 1 1 2 1 1 1 4 1 1 1 2 1 |1 1 1 1 1 1 3 |2 1 1 1 1 3 1 1 1 1 2 1 1 1 1 1 2 1 |1 1 1 1 1 1 3 1 1 2 1 1 1 1 1 1 1 1 1 |1 1 1 1 1 3 |1 1 1 1 1 1 1 1 1 1 |1 1 1 6 1 2 1 1 1 1 3 1 1 2 1 1 6 1 1 |1 1 6 6 1 2 1 4 2 |1 1 1 1 4 1 |1 1 4 1 1 1 1 1 1 1 6 1 1 1 1 1 1 |6 1 1 2 1 1 3 1 1 1 1 1 1 1 |1 1 1 1 1 1 1 1 |1 1 1 4 1 1 1 |1 1 2 1 1 1 1 1 1 1 1 1 1 1 1 1 |1 1 1 1 1 1 1 1 1 1 1 1 1 1 1 |1 6 1 1 1 1 1 1 1 1 3 1 1 3 1 1 1 3 |1 1 1 1 1 1 1 1 5 1 1 3 1 1 1 1 |1 1 1 3 1 1 1 1 1 1 1 1 3 1 |5 1 1 1 1 1 3 3 1 |1 1 1 1 4 4 1 1 5 1 1 1 1 1 1 1 1 1 5 1 |1 1 1 1 1 1 1 1 1 1 1 1 1 |5 1 1 1 1 4 1 1 1 1 1 3 4 1 1 1 1 1 1 1 |1 1 1 1 2 6 |3 1 1 1 1 1 6 1 1 1 1 1 |num = 600
BBO算法运行求解巡逻调度问题耗时：0小时，13分钟，7秒
