===============第1个最优解如下===============
最佳适宜值为：
109.43829821955634
最佳迁移代数为：
9999
最佳分配序列为：
1 1 1 1 1 2 1 1 1 1 2 1 1 5 1 6 4 1 |1 1 1 6 1 4 1 3 1 2 1 |2 1 2 1 1 3 1 4 1 1 1 1 |2 1 1 1 6 1 6 1 1 4 4 4 1 1 1 1 |1 1 1 1 1 1 1 1 3 1 |4 1 1 1 1 1 1 1 2 1 1 1 1 2 2 4 1 |1 1 1 2 1 4 2 1 2 1 1 1 2 1 1 1 1 1 |1 1 3 1 1 1 2 |1 1 1 1 1 2 1 1 1 1 4 1 1 1 1 1 3 1 |2 1 1 1 1 1 3 1 1 4 1 1 1 1 1 1 1 1 1 |1 1 1 1 1 2 |1 1 1 1 1 1 1 1 1 1 |2 2 1 4 1 3 1 1 1 1 4 1 2 1 1 1 2 1 1 |1 1 6 6 1 3 1 6 3 |1 1 1 1 4 1 |1 1 1 1 1 2 1 1 1 1 4 1 1 1 1 1 1 |6 1 1 3 1 1 3 1 1 1 1 1 1 1 |1 1 1 1 1 1 1 1 |1 1 1 3 1 1 1 |2 1 1 1 1 1 1 1 1 1 1 3 1 1 1 1 |1 1 1 1 1 1 1 1 1 1 1 1 1 1 1 |1 3 1 1 1 2 1 1 1 1 2 1 1 4 1 1 1 3 |1 1 1 1 2 1 1 1 3 1 1 4 1 2 2 1 |1 1 1 3 1 1 1 1 1 1 1 1 3 1 |6 1 1 1 1 1 3 2 1 |1 1 1 1 3 6 1 1 3 1 1 1 1 1 1 1 1 2 4 1 |1 1 1 2 1 1 1 1 1 1 1 1 1 |1 1 1 1 1 3 1 1 1 1 1 1 5 1 2 1 1 1 1 1 |1 2 1 1 1 5 |2 1 1 1 1 1 5 1 2 1 1 1 |num = 600

===============第2个最优解如下===============
最佳适宜值为：
110.84841778817075
最佳迁移代数为：
9999
最佳分配序列为：
1 1 1 1 1 1 1 1 1 1 1 1 1 6 1 6 3 1 |1 1 1 6 1 2 1 5 1 1 1 |1 1 1 1 1 3 1 5 1 1 1 1 |1 1 1 1 6 1 4 1 1 2 6 2 1 1 1 1 |1 1 1 1 1 1 1 1 3 1 |2 1 1 1 1 1 1 1 1 1 1 1 1 3 1 6 1 |1 1 1 1 1 3 4 1 3 2 1 1 3 1 1 1 1 1 |1 1 1 1 1 1 2 |1 1 1 1 1 2 1 1 1 1 3 1 1 1 1 1 3 1 |1 1 1 2 1 1 3 1 1 2 1 1 1 1 1 1 1 1 1 |1 1 1 1 1 2 |1 1 1 1 1 1 1 1 1 1 |1 1 1 4 1 2 1 1 1 1 5 1 1 4 1 1 6 1 1 |1 1 3 6 1 3 1 6 2 |1 1 1 1 4 1 |2 1 6 1 1 1 1 1 1 1 2 1 1 1 1 1 1 |4 1 1 2 1 1 3 1 1 1 1 1 1 1 |1 1 1 1 1 1 1 1 |1 1 1 6 1 1 1 |1 1 2 1 1 1 1 1 1 1 1 1 1 1 1 1 |1 1 1 1 1 1 1 1 1 1 1 1 1 1 1 |1 6 1 1 1 2 1 1 1 1 3 1 1 4 1 1 1 2 |1 1 1 1 2 1 1 1 3 1 1 5 1 1 2 2 |1 1 1 3 1 1 1 1 1 1 1 1 2 1 |3 1 1 1 1 1 3 1 1 |1 1 1 1 6 6 1 1 3 1 1 1 1 1 1 1 1 1 5 1 |1 1 1 2 1 1 1 1 1 1 1 1 1 |5 1 1 1 1 4 1 1 1 1 1 2 5 1 1 1 1 1 1 1 |1 1 1 2 3 4 |5 1 1 1 1 1 6 1 1 1 1 1 |num = 600

===============第3个最优解如下===============
最佳适宜值为：
108.45013599151895
最佳迁移代数为：
9999
最佳分配序列为：
1 1 1 1 1 1 1 1 1 1 1 2 2 3 1 6 2 1 |1 1 1 6 1 2 1 6 1 2 1 |2 1 1 1 1 3 1 3 1 1 1 1 |1 1 1 1 3 1 4 1 3 3 5 4 1 1 1 1 |2 1 1 1 1 1 1 1 2 1 |4 1 1 1 1 1 1 1 1 1 1 1 1 5 1 5 1 |1 1 2 2 1 3 1 1 2 3 1 1 3 1 1 1 3 1 |1 1 2 1 1 1 2 |2 1 1 1 4 3 1 1 1 1 2 1 1 1 2 1 1 1 |1 1 1 1 1 1 2 1 1 2 1 1 1 1 1 1 1 1 1 |1 1 1 1 1 2 |1 1 1 1 1 1 1 1 1 2 |1 2 1 4 1 5 1 1 1 1 5 1 1 3 1 1 4 1 1 |1 1 2 6 1 3 1 6 3 |2 1 1 1 4 1 |1 1 3 1 1 1 1 1 1 1 5 2 1 1 1 1 1 |5 1 1 2 1 1 3 1 1 1 1 1 1 1 |1 1 1 1 1 1 1 1 |1 1 1 3 1 1 1 |2 1 1 1 1 1 1 1 2 1 1 2 1 1 1 1 |1 1 1 1 1 1 1 1 1 2 3 1 1 1 1 |1 6 1 1 1 3 1 1 2 1 1 1 1 3 2 1 1 2 |1 1 1 2 2 1 1 1 2 1 1 5 1 1 1 1 |1 1 1 1 1 1 1 1 1 1 1 2 3 1 |6 1 1 1 1 1 2 2 1 |1 1 1 2 6 6 1 1 3 1 1 1 1 1 1 1 1 1 3 1 |2 1 1 1 1 1 1 1 2 1 1 1 1 |3 1 1 1 1 2 1 1 1 1 1 2 3 1 2 1 1 1 1 1 |1 1 1 1 2 3 |2 1 1 1 1 1 4 1 1 1 1 1 |num = 600

最大适应度：110.84841778817075
最小适应度：108.45013599151895
平均适应度：109.57895066641534
估计标准差值：1.20531167220077
最佳分配：
1 1 1 1 1 1 1 1 1 1 1 1 1 6 1 6 3 1 |1 1 1 6 1 2 1 5 1 1 1 |1 1 1 1 1 3 1 5 1 1 1 1 |1 1 1 1 6 1 4 1 1 2 6 2 1 1 1 1 |1 1 1 1 1 1 1 1 3 1 |2 1 1 1 1 1 1 1 1 1 1 1 1 3 1 6 1 |1 1 1 1 1 3 4 1 3 2 1 1 3 1 1 1 1 1 |1 1 1 1 1 1 2 |1 1 1 1 1 2 1 1 1 1 3 1 1 1 1 1 3 1 |1 1 1 2 1 1 3 1 1 2 1 1 1 1 1 1 1 1 1 |1 1 1 1 1 2 |1 1 1 1 1 1 1 1 1 1 |1 1 1 4 1 2 1 1 1 1 5 1 1 4 1 1 6 1 1 |1 1 3 6 1 3 1 6 2 |1 1 1 1 4 1 |2 1 6 1 1 1 1 1 1 1 2 1 1 1 1 1 1 |4 1 1 2 1 1 3 1 1 1 1 1 1 1 |1 1 1 1 1 1 1 1 |1 1 1 6 1 1 1 |1 1 2 1 1 1 1 1 1 1 1 1 1 1 1 1 |1 1 1 1 1 1 1 1 1 1 1 1 1 1 1 |1 6 1 1 1 2 1 1 1 1 3 1 1 4 1 1 1 2 |1 1 1 1 2 1 1 1 3 1 1 5 1 1 2 2 |1 1 1 3 1 1 1 1 1 1 1 1 2 1 |3 1 1 1 1 1 3 1 1 |1 1 1 1 6 6 1 1 3 1 1 1 1 1 1 1 1 1 5 1 |1 1 1 2 1 1 1 1 1 1 1 1 1 |5 1 1 1 1 4 1 1 1 1 1 2 5 1 1 1 1 1 1 1 |1 1 1 2 3 4 |5 1 1 1 1 1 6 1 1 1 1 1 |num = 600
BBO算法运行求解巡逻调度问题耗时：0小时，53分钟，1秒
