===============第1个最优解如下===============
最佳适宜值为：
108.87928089584757
最佳迁移代数为：
9999
最佳分配序列为：
1 1 1 1 1 1 1 1 1 1 1 1 1 5 1 6 4 1 |1 1 1 5 1 3 1 4 1 2 1 |3 1 1 1 1 1 1 5 1 1 1 1 |2 1 1 1 5 1 4 1 1 3 5 4 1 1 1 1 |1 1 1 1 1 1 1 1 2 1 |3 1 1 1 1 2 1 1 1 1 1 1 1 3 1 5 1 |1 1 1 2 1 2 2 1 2 3 1 1 2 1 1 1 2 1 |1 1 1 1 1 1 2 |1 1 1 1 1 2 2 1 1 1 3 1 1 1 1 1 4 1 |1 1 1 1 1 1 2 1 1 2 1 1 1 1 1 1 1 1 1 |1 1 1 1 1 2 |1 1 1 1 1 1 1 1 1 2 |2 1 1 3 1 4 1 1 1 1 3 1 1 4 1 1 6 1 1 |2 1 2 6 1 2 1 5 4 |1 1 1 1 4 1 |2 1 4 1 1 2 1 1 1 1 6 1 1 1 1 1 1 |4 1 1 2 1 1 4 1 1 1 1 1 1 1 |1 1 1 1 1 1 1 1 |1 1 1 6 1 1 1 |2 1 2 1 1 1 1 1 1 1 1 2 1 1 1 1 |1 1 1 1 1 1 1 1 2 1 1 1 1 1 1 |1 5 1 1 1 2 1 1 2 1 1 1 1 3 1 1 1 1 |1 1 1 3 2 1 1 1 4 1 1 3 1 1 4 1 |1 1 1 2 1 1 1 1 1 1 1 1 1 1 |6 1 1 1 1 1 2 2 1 |1 1 1 1 6 6 1 1 2 1 1 1 1 1 1 1 1 3 3 1 |1 1 1 2 1 1 1 1 1 1 1 1 1 |2 1 1 1 1 4 1 1 1 1 1 2 3 1 1 1 1 1 1 1 |1 1 1 2 2 6 |4 1 1 1 1 1 2 1 2 1 1 3 |

===============第2个最优解如下===============
最佳适宜值为：
111.65533822421015
最佳迁移代数为：
9999
最佳分配序列为：
1 1 1 1 1 1 1 1 1 1 1 1 1 4 1 6 4 1 |1 1 1 4 2 4 1 5 1 1 1 |1 1 1 1 1 2 1 5 1 1 1 1 |1 1 1 1 6 1 4 1 1 3 6 3 1 1 1 1 |1 1 1 1 1 1 1 1 3 1 |5 1 1 1 1 1 1 1 1 1 1 1 1 4 1 6 1 |1 1 1 1 1 5 2 1 3 3 1 1 3 1 1 1 3 1 |1 1 3 1 1 1 4 |1 1 1 1 2 2 1 1 1 1 3 1 1 1 1 1 1 1 |1 1 1 1 1 1 2 1 1 2 1 1 1 1 1 1 1 1 1 |1 1 1 1 1 3 |1 1 1 1 1 1 1 1 1 1 |1 1 1 5 1 1 1 1 1 1 5 1 1 3 1 1 3 1 1 |1 1 5 6 1 2 1 6 2 |1 1 1 1 3 1 |1 1 6 1 1 1 1 1 1 1 4 1 1 1 1 1 1 |6 1 1 1 1 1 2 1 1 1 1 1 1 1 |1 1 1 1 1 1 1 1 |1 1 1 6 1 1 1 |1 1 1 1 1 1 1 1 1 1 1 3 1 1 1 1 |1 1 1 1 1 1 1 1 1 1 1 1 1 1 1 |1 6 1 1 1 1 1 1 1 1 3 1 1 2 1 1 1 1 |1 1 1 1 3 1 1 1 2 1 1 4 1 1 2 1 |1 1 1 3 1 1 1 1 1 1 1 1 3 1 |5 1 1 1 1 1 2 3 1 |1 1 1 1 3 5 1 1 3 1 1 1 1 1 1 1 1 2 6 1 |1 1 1 2 1 1 1 1 1 1 1 1 1 |5 1 1 1 1 4 1 1 1 1 1 3 3 1 1 1 1 1 1 1 |1 1 1 1 2 6 |4 1 1 1 1 1 4 1 1 1 1 1 |

===============第3个最优解如下===============
最佳适宜值为：
111.79103035388532
最佳迁移代数为：
9999
最佳分配序列为：
1 1 1 1 1 1 1 1 1 1 1 1 1 5 1 6 3 1 |1 1 1 5 1 2 1 6 1 1 1 |1 1 1 1 1 3 1 6 1 1 1 1 |1 1 1 1 6 1 6 1 1 2 5 3 1 1 1 1 |1 1 1 1 1 1 1 1 4 1 |4 1 1 1 1 1 1 1 1 1 1 1 1 5 1 6 1 |1 1 1 1 1 5 1 1 1 1 1 1 2 1 1 1 4 1 |1 1 2 1 1 1 2 |2 1 1 1 1 2 1 1 1 1 3 1 1 1 1 1 4 1 |2 1 1 1 1 1 1 1 1 3 1 1 1 1 1 1 1 1 1 |1 1 1 1 1 1 |1 1 1 1 1 1 1 1 1 1 |1 1 1 5 1 3 1 1 1 1 4 1 1 4 1 1 2 1 1 |1 1 6 6 1 3 1 5 1 |1 1 1 1 3 1 |1 1 5 1 1 1 1 1 1 1 3 1 1 1 1 1 1 |6 1 1 1 1 1 3 1 1 1 1 1 1 1 |1 1 1 1 1 1 1 1 |1 1 1 6 1 1 1 |1 1 1 1 1 1 1 1 1 1 1 1 1 1 1 1 |1 1 1 1 1 1 1 1 1 1 1 1 1 1 1 |1 6 1 1 1 1 1 1 1 1 2 1 1 3 1 1 1 2 |1 1 1 1 2 1 1 1 3 1 1 3 1 1 2 1 |1 1 1 3 1 1 1 1 1 1 1 1 3 1 |6 1 1 1 1 1 1 2 1 |1 1 1 1 6 4 1 1 5 1 1 1 1 1 1 1 1 2 4 1 |1 1 1 1 1 1 1 1 2 1 1 1 1 |3 1 1 1 1 3 1 1 1 1 2 3 4 1 1 1 1 1 1 1 |1 1 1 2 4 6 |4 1 1 1 1 1 6 1 2 1 1 1 |

===============第4个最优解如下===============
最佳适宜值为：
112.70759242898968
最佳迁移代数为：
9999
最佳分配序列为：
1 1 1 1 1 1 1 1 1 1 1 1 1 4 1 6 4 1 |1 1 1 6 1 3 1 5 1 1 1 |1 1 1 1 1 3 1 4 1 1 1 1 |1 1 1 1 6 1 6 1 1 2 5 3 1 1 1 1 |1 1 1 1 1 1 1 1 2 1 |5 1 1 1 1 1 1 1 1 1 1 1 1 3 1 4 1 |1 1 1 1 1 3 2 1 1 2 1 1 3 1 1 1 1 1 |1 1 2 1 1 1 2 |1 1 1 1 1 2 1 1 1 1 3 1 1 1 1 1 1 1 |1 1 1 1 1 1 2 1 1 4 1 1 1 1 1 1 1 1 1 |1 1 1 1 1 3 |1 1 1 1 1 1 1 1 1 1 |1 1 1 3 1 6 1 1 1 1 5 1 1 3 1 1 3 1 1 |1 1 2 6 1 3 1 6 2 |1 1 1 1 5 1 |1 1 4 1 1 1 1 1 1 1 3 1 1 1 1 1 1 |6 1 1 2 1 1 2 1 1 1 1 1 1 1 |1 1 1 1 1 1 1 1 |1 1 1 6 1 1 1 |2 1 2 1 1 1 1 1 1 1 1 1 1 1 1 1 |1 1 1 1 1 1 1 1 1 1 1 1 1 1 1 |1 6 1 1 1 1 1 1 1 1 1 1 1 4 1 1 1 3 |1 1 1 2 5 1 1 1 4 1 1 3 1 1 2 1 |1 1 1 3 1 1 1 1 1 1 1 1 3 1 |6 1 1 1 1 1 1 1 1 |1 1 1 1 4 6 1 1 5 1 1 1 1 1 1 1 1 2 6 1 |1 1 1 1 1 1 1 1 1 1 1 1 1 |3 1 1 1 1 6 1 1 1 1 1 4 6 1 1 1 1 1 1 1 |1 1 1 2 1 5 |4 1 1 1 1 1 6 1 1 1 1 1 |

===============第5个最优解如下===============
最佳适宜值为：
111.49950905947127
最佳迁移代数为：
9999
最佳分配序列为：
1 2 1 1 1 1 2 1 1 1 1 1 1 4 1 6 3 1 |1 1 1 5 1 2 1 5 1 1 1 |2 1 1 1 1 2 1 4 1 1 1 1 |1 1 1 1 5 1 3 1 2 3 6 5 1 1 1 1 |1 1 1 1 1 1 1 1 2 1 |3 1 1 1 1 2 1 1 1 1 1 1 1 4 1 6 1 |1 1 1 1 1 4 1 1 1 3 1 1 2 1 1 1 3 1 |1 1 4 1 1 1 1 |1 1 1 1 1 2 1 1 1 1 2 1 1 1 1 1 1 1 |1 1 1 1 1 1 1 1 1 3 1 1 1 1 1 1 1 1 1 |1 1 1 1 1 3 |1 1 1 1 1 1 1 1 1 1 |1 1 1 5 1 6 1 1 1 1 6 1 1 3 1 1 2 1 1 |1 1 6 6 1 2 1 6 2 |1 1 1 1 4 1 |1 1 4 1 1 1 1 1 1 1 4 1 1 1 1 1 1 |6 1 1 3 1 1 4 1 1 1 1 1 1 1 |1 1 1 1 1 1 1 1 |1 1 1 6 1 1 1 |1 1 2 1 1 1 1 1 1 1 1 1 1 1 1 1 |1 1 1 1 1 1 1 1 1 1 1 1 1 1 1 |1 6 1 1 1 2 1 1 1 1 3 1 1 3 1 1 1 2 |1 1 1 1 1 1 1 1 2 1 1 6 1 1 1 1 |1 1 1 3 1 1 1 1 1 1 1 1 3 1 |6 1 1 1 1 1 1 2 1 |1 1 1 1 6 5 1 1 4 1 1 1 1 1 1 1 1 2 4 1 |1 1 1 1 1 1 1 1 2 1 1 1 1 |4 1 1 1 1 3 1 1 1 1 2 2 3 1 1 1 1 1 1 1 |1 1 1 3 2 3 |4 1 1 1 1 1 6 1 2 1 1 1 |

===============第6个最优解如下===============
最佳适宜值为：
111.93109582316873
最佳迁移代数为：
9999
最佳分配序列为：
1 1 1 1 1 1 1 1 1 1 1 1 1 4 1 6 3 1 |1 1 1 6 1 3 1 5 1 1 1 |1 1 1 1 1 2 1 4 1 1 2 1 |1 1 1 1 4 1 3 1 1 4 6 4 1 1 1 1 |1 1 1 1 1 1 1 1 5 1 |4 1 1 1 1 1 1 1 1 1 1 1 1 4 1 5 1 |1 1 1 1 1 2 1 1 1 2 1 1 4 1 1 1 1 1 |1 1 3 1 1 1 1 |2 1 1 1 1 1 1 1 1 1 3 1 1 1 1 1 2 1 |1 1 1 1 1 1 3 1 1 3 1 1 1 1 1 1 1 1 1 |1 1 1 1 1 3 |1 1 1 1 1 1 1 1 1 1 |1 1 1 3 1 3 1 1 1 1 5 1 2 2 1 1 4 1 1 |1 1 5 6 1 3 1 6 2 |2 1 1 1 4 1 |2 1 5 1 1 1 1 1 1 1 2 1 1 1 1 1 1 |6 1 1 2 1 1 2 1 1 1 1 1 1 1 |1 1 1 1 1 1 1 1 |1 1 1 6 1 1 1 |2 1 2 1 1 1 1 1 1 1 1 1 1 1 1 1 |1 1 1 1 1 1 1 1 2 1 1 1 1 1 1 |1 6 1 1 1 2 1 1 1 1 2 1 1 1 1 1 1 3 |1 1 1 1 3 1 1 1 4 1 1 4 1 1 3 1 |1 1 1 3 1 1 1 1 1 1 1 1 3 1 |5 1 1 1 1 1 1 2 1 |1 1 1 1 6 5 1 1 4 1 1 1 1 1 1 1 1 1 6 1 |1 1 1 1 1 1 1 1 1 1 1 1 1 |2 1 1 1 1 4 1 1 1 1 1 3 6 1 1 1 1 1 1 1 |1 1 1 1 3 6 |4 1 1 1 1 1 6 1 1 1 1 1 |

===============第7个最优解如下===============
最佳适宜值为：
113.15403247526172
最佳迁移代数为：
9999
最佳分配序列为：
1 1 1 1 1 1 1 1 1 1 1 1 1 6 1 6 3 1 |1 1 1 6 1 3 1 4 1 1 1 |1 1 1 1 1 3 1 6 1 1 1 1 |1 1 1 1 6 1 5 1 2 4 6 3 1 1 1 1 |1 1 1 1 1 1 1 1 3 1 |4 1 1 1 1 1 1 1 1 1 1 1 1 5 1 6 1 |1 1 1 1 1 4 1 1 1 2 1 1 2 1 1 1 1 1 |1 1 1 1 1 1 1 |1 1 1 1 1 1 1 1 1 1 3 1 1 1 1 1 1 1 |1 1 1 1 1 1 2 1 1 2 1 1 1 1 1 1 1 1 1 |1 1 1 1 1 3 |1 1 1 1 1 1 1 1 1 1 |1 1 1 4 1 3 1 1 1 1 6 1 1 2 1 1 3 1 1 |1 1 6 6 1 2 1 6 1 |1 1 1 1 6 1 |1 1 5 1 1 1 1 1 1 1 5 1 1 1 1 1 1 |6 1 1 1 1 1 3 1 1 1 1 1 1 1 |1 1 1 1 1 1 1 1 |1 1 1 6 1 1 1 |1 1 1 1 1 1 1 1 1 1 1 1 1 1 1 1 |1 1 1 1 1 1 1 1 1 1 1 1 1 1 1 |1 6 1 1 1 1 1 1 1 1 2 1 1 3 1 1 1 3 |1 1 1 1 2 1 1 1 3 1 1 6 1 1 3 1 |1 1 1 2 1 1 1 1 1 1 1 1 3 1 |6 1 1 1 1 1 1 1 1 |1 1 1 1 6 6 1 1 4 1 1 1 1 1 1 1 1 2 6 1 |1 1 1 1 1 1 1 1 1 1 1 1 1 |3 1 1 1 1 4 1 1 1 1 1 3 4 1 1 1 1 1 1 1 |1 1 1 1 2 6 |4 1 1 1 1 1 6 1 1 1 1 1 |

===============第8个最优解如下===============
最佳适宜值为：
111.59626287206287
最佳迁移代数为：
9999
最佳分配序列为：
1 1 1 1 1 1 1 1 1 1 1 1 1 5 1 6 3 1 |1 1 1 5 1 4 1 3 1 1 1 |1 1 1 1 1 4 1 5 1 1 1 1 |1 1 1 1 6 1 3 1 1 3 6 5 1 1 1 1 |1 1 1 1 1 1 1 1 4 1 |3 1 1 1 1 1 1 1 1 1 1 1 1 3 1 6 1 |1 1 1 1 1 3 1 1 1 1 1 1 1 1 1 1 2 1 |1 1 4 1 1 1 2 |2 1 1 1 1 2 1 1 1 1 2 1 1 1 1 1 1 1 |1 1 1 1 1 1 2 1 1 3 1 1 1 1 1 1 1 1 1 |1 1 1 1 1 3 |1 1 1 1 1 1 1 1 1 1 |1 2 1 5 1 3 1 1 1 1 6 1 2 4 1 1 3 1 1 |1 1 3 4 1 1 1 4 3 |1 1 1 1 4 1 |1 1 2 1 1 1 1 1 1 1 4 1 1 1 1 1 1 |6 1 1 3 1 1 3 1 1 1 1 1 1 1 |1 1 1 1 1 1 1 1 |1 1 1 6 1 1 1 |1 1 1 1 1 1 1 1 1 1 1 1 1 1 1 1 |1 1 1 1 1 1 1 1 1 1 1 1 1 1 1 |1 6 1 1 1 1 1 1 3 1 2 1 1 3 1 1 1 3 |1 1 1 1 3 1 1 1 3 1 1 2 1 1 2 1 |1 1 1 3 1 1 1 1 1 1 1 1 2 1 |6 1 1 1 1 1 2 4 1 |1 1 1 1 6 6 1 1 4 1 1 1 1 1 1 1 1 2 5 1 |1 1 1 3 2 1 1 1 1 1 1 1 1 |6 1 1 1 1 5 1 1 1 1 1 3 4 1 1 1 1 1 1 1 |1 1 1 2 2 6 |2 1 1 1 1 1 5 1 2 1 1 1 |

===============第9个最优解如下===============
最佳适宜值为：
110.63306286764985
最佳迁移代数为：
9999
最佳分配序列为：
1 1 1 1 1 1 1 1 1 1 1 1 1 5 1 6 5 1 |1 1 1 5 1 3 1 3 1 1 1 |1 1 1 1 1 3 1 3 1 1 1 1 |1 1 1 1 5 1 4 1 1 2 6 2 1 1 1 1 |1 1 1 1 1 1 1 1 3 1 |4 1 1 1 1 3 1 1 1 1 1 1 1 4 1 6 1 |1 1 1 1 1 6 2 1 2 2 1 1 5 1 1 1 2 1 |1 1 2 1 1 1 2 |2 1 1 1 2 2 1 1 1 1 4 1 1 1 1 1 2 1 |1 1 1 1 1 1 3 1 1 3 1 1 1 1 1 1 1 1 1 |1 1 1 1 1 4 |1 1 1 1 1 1 1 1 1 1 |1 1 1 2 1 3 1 1 1 1 2 1 1 2 1 1 4 1 1 |1 1 3 6 1 3 1 6 1 |1 1 1 1 4 1 |2 1 4 1 1 1 1 1 1 1 3 1 1 1 1 1 1 |6 1 1 2 1 1 2 1 1 1 1 1 1 1 |1 1 1 1 1 1 1 1 |1 1 1 3 1 1 1 |1 1 2 1 1 1 1 1 1 1 1 1 1 1 1 1 |1 1 1 1 1 1 2 1 1 1 1 1 1 1 1 |1 6 1 1 1 1 1 1 2 1 2 1 1 5 1 1 1 4 |1 1 1 1 2 1 1 1 2 1 1 3 1 1 1 1 |1 1 1 3 1 1 1 1 1 1 1 2 3 1 |6 1 1 1 1 1 1 3 1 |1 1 1 1 5 6 1 1 3 1 1 1 1 1 1 1 1 3 3 1 |1 1 1 2 1 1 1 1 2 1 1 1 1 |5 1 1 1 1 5 1 1 1 1 1 2 6 1 2 1 1 1 1 1 |1 1 1 3 2 5 |3 1 1 1 1 1 4 1 1 1 1 1 |

===============第10个最优解如下===============
最佳适宜值为：
107.96998337295283
最佳迁移代数为：
9999
最佳分配序列为：
1 1 1 1 1 1 1 1 1 1 1 1 1 4 1 4 2 1 |1 1 1 5 3 2 1 5 1 2 1 |1 1 1 1 1 1 1 4 1 1 1 1 |1 1 1 1 3 1 5 1 2 1 3 2 1 1 1 1 |1 1 3 3 1 1 1 1 2 1 |3 1 1 1 1 2 1 1 2 1 1 1 1 5 1 6 1 |1 1 1 1 1 4 2 1 2 4 1 1 1 1 1 1 2 1 |1 1 1 1 1 1 2 |2 1 2 1 1 3 1 1 1 1 3 1 1 1 1 1 2 1 |1 1 1 1 1 1 3 1 1 3 1 1 1 1 1 1 1 1 1 |1 1 1 1 1 3 |1 1 1 1 1 1 1 1 1 2 |2 3 1 4 1 3 1 1 1 2 4 1 1 2 1 1 3 1 1 |2 1 5 6 1 3 1 6 4 |2 1 1 1 5 1 |1 1 4 1 1 1 2 1 1 1 2 1 1 1 1 1 1 |5 1 1 1 1 1 2 1 1 1 1 1 1 1 |1 1 1 1 1 1 1 1 |1 1 1 3 1 1 1 |2 1 3 1 1 1 1 1 1 1 2 1 1 1 1 1 |1 1 1 1 1 1 1 1 1 3 2 1 1 1 1 |1 3 1 1 1 2 2 1 1 1 2 1 1 3 1 1 1 3 |1 1 1 2 2 1 1 1 2 1 1 4 1 1 2 2 |1 1 1 2 1 1 1 1 1 1 1 1 3 1 |6 1 1 1 1 1 3 4 1 |1 1 2 1 5 4 1 1 4 1 1 1 1 1 1 1 1 3 2 1 |1 1 1 1 1 1 1 1 2 1 1 1 1 |4 1 1 1 1 4 1 1 1 1 2 4 5 1 2 1 1 1 1 1 |1 1 1 2 1 4 |2 1 1 1 1 1 1 1 2 1 1 1 |

===============第11个最优解如下===============
最佳适宜值为：
110.88521640181214
最佳迁移代数为：
9999
最佳分配序列为：
1 1 1 1 1 1 2 1 1 1 1 1 1 5 1 6 3 1 |1 1 2 4 1 2 1 5 1 1 1 |2 1 1 1 1 1 1 6 1 1 1 1 |1 1 1 1 4 1 3 1 2 4 5 3 1 1 1 1 |1 1 1 1 1 1 1 1 4 1 |4 1 1 1 1 1 1 1 1 1 1 1 1 2 1 6 1 |1 1 1 1 1 6 2 1 2 3 1 1 3 1 1 1 2 1 |1 1 2 1 1 1 2 |2 1 1 1 1 1 1 1 1 1 4 1 1 1 1 1 2 1 |1 1 1 2 1 1 2 1 1 2 1 1 1 1 1 1 1 1 1 |1 1 1 1 1 4 |1 1 1 1 1 1 1 1 1 1 |1 1 1 3 1 5 1 1 1 1 5 1 1 4 1 1 4 1 1 |1 1 3 6 1 3 1 6 2 |1 1 1 1 3 1 |1 1 4 1 1 1 1 1 1 1 3 1 1 1 1 1 1 |6 1 1 2 1 1 2 1 1 1 1 1 1 1 |1 1 1 1 1 1 1 1 |1 1 1 5 1 1 1 |1 1 1 1 1 1 1 1 1 1 1 2 1 1 1 1 |1 1 1 1 1 1 1 1 1 1 1 1 1 1 1 |1 6 1 1 1 2 1 1 1 1 2 1 1 3 1 1 1 2 |1 1 1 1 2 1 1 1 4 1 1 6 1 1 3 1 |1 1 1 3 1 1 1 1 1 1 1 1 4 1 |6 1 1 1 1 1 2 2 1 |1 1 1 1 6 3 1 1 4 1 1 1 1 1 1 1 1 2 4 1 |1 1 1 1 1 1 1 1 1 1 1 1 1 |3 1 1 1 1 3 1 1 1 1 1 3 4 1 1 1 1 1 1 1 |1 1 1 2 1 4 |4 1 1 1 1 1 6 1 3 1 1 1 |

===============第12个最优解如下===============
最佳适宜值为：
104.61813848330702
最佳迁移代数为：
9999
最佳分配序列为：
1 1 1 1 1 1 4 1 1 1 1 1 1 4 1 6 2 1 |2 1 1 3 1 2 1 4 2 2 1 |1 1 1 1 1 2 2 6 1 1 1 1 |2 1 1 1 4 1 3 1 2 4 5 2 1 2 1 1 |1 1 1 1 2 1 1 1 3 1 |5 1 1 1 1 2 2 1 1 1 1 1 1 2 1 4 1 |1 1 1 1 1 3 2 2 2 1 1 1 1 1 1 1 1 1 |1 1 2 1 1 1 1 |3 1 1 1 1 4 1 1 1 1 3 1 1 1 1 1 2 1 |1 1 1 2 1 1 3 1 1 2 1 1 1 1 1 1 1 1 1 |2 1 1 1 1 3 |1 1 1 1 1 1 1 1 1 1 |4 1 1 3 1 3 1 1 1 2 3 1 2 2 1 1 4 1 1 |1 1 5 6 2 3 1 4 2 |2 1 1 1 6 1 |2 1 2 1 1 2 1 1 1 1 3 1 2 1 1 1 1 |4 1 1 1 1 1 2 1 1 1 2 1 1 1 |1 1 1 1 1 1 1 1 |1 1 1 3 1 1 1 |2 1 2 1 1 1 2 1 1 2 1 4 1 1 2 1 |1 1 1 1 2 1 1 1 1 1 2 1 1 1 1 |1 5 1 1 1 2 1 1 4 1 1 1 1 2 1 2 1 3 |1 1 1 2 2 1 1 1 3 1 1 2 1 1 2 1 |1 1 1 2 1 1 1 1 1 1 1 2 3 1 |5 2 1 1 1 1 3 1 1 |1 1 1 1 3 1 1 1 4 1 1 1 1 1 1 1 1 4 2 1 |1 1 1 2 1 1 1 1 2 1 1 1 1 |2 1 2 2 1 3 1 1 1 1 2 3 6 1 1 1 1 1 1 1 |1 1 1 1 1 2 |3 1 1 1 1 1 5 2 1 1 1 1 |

===============第13个最优解如下===============
最佳适宜值为：
111.77428432251602
最佳迁移代数为：
9999
最佳分配序列为：
1 1 1 1 1 1 1 1 1 1 1 1 1 6 1 6 3 1 |1 1 1 6 1 3 1 6 1 1 1 |1 1 1 1 1 2 1 6 1 1 1 1 |1 1 1 1 5 1 3 1 3 4 3 6 1 1 1 1 |1 1 1 2 1 1 1 1 3 1 |3 1 1 1 1 1 1 1 1 1 1 1 1 3 1 6 1 |1 1 1 1 1 4 1 1 1 1 1 1 2 1 1 1 2 1 |1 1 1 1 1 1 2 |1 1 1 1 2 3 1 1 1 1 2 1 1 1 1 1 3 1 |1 1 1 1 1 1 4 1 1 3 1 1 1 1 1 1 1 1 1 |1 1 1 1 1 5 |1 1 1 1 1 1 1 1 1 1 |1 1 1 4 1 4 1 1 1 2 3 1 1 3 1 1 2 1 1 |1 1 4 6 2 2 1 6 1 |1 1 1 1 5 1 |1 1 3 1 1 2 1 1 1 1 4 1 1 1 1 1 1 |6 1 1 2 1 1 4 1 1 1 1 1 1 1 |1 1 1 1 1 1 1 1 |1 1 1 5 1 1 1 |1 1 1 1 1 1 1 1 1 1 1 1 1 1 1 1 |1 1 1 1 1 1 1 1 1 1 1 1 1 1 1 |1 6 1 1 1 2 1 1 1 1 3 1 1 3 1 1 1 3 |1 1 1 2 1 1 1 1 3 1 1 6 1 1 3 2 |1 1 1 1 1 1 1 1 1 1 1 1 2 1 |6 1 1 1 1 1 2 2 1 |1 1 1 1 3 6 1 1 2 1 1 1 1 1 1 1 1 2 4 1 |1 1 1 1 1 1 1 1 1 1 1 1 1 |4 1 1 1 1 5 1 1 1 1 1 4 3 1 1 1 1 1 1 1 |1 1 1 1 2 6 |4 1 1 1 1 1 5 1 1 1 1 1 |

===============第14个最优解如下===============
最佳适宜值为：
112.03372979202562
最佳迁移代数为：
9999
最佳分配序列为：
1 1 1 1 1 1 1 1 1 1 1 1 1 4 1 5 3 1 |1 1 1 5 1 3 1 4 1 1 1 |1 1 1 1 1 2 1 5 1 1 1 1 |1 1 1 1 5 1 3 1 1 5 4 5 1 1 1 1 |1 1 1 1 1 1 1 1 5 1 |4 1 1 1 1 1 1 1 1 1 1 1 1 4 1 6 1 |1 1 1 1 1 2 2 1 2 2 1 1 2 1 1 1 2 1 |1 1 2 1 1 1 1 |1 1 1 1 1 1 1 1 1 1 5 1 1 1 1 1 2 1 |1 1 1 1 1 1 4 1 1 3 1 1 1 1 1 1 1 1 1 |1 1 1 1 1 3 |1 1 1 1 1 1 1 1 1 1 |1 1 1 5 1 3 1 1 1 1 6 1 2 3 1 1 5 1 1 |1 1 4 6 1 3 1 6 2 |1 1 1 1 4 1 |1 1 6 1 1 1 1 1 1 1 2 1 1 1 1 1 1 |6 1 1 1 1 1 3 1 1 1 1 1 1 1 |1 1 1 1 1 1 1 1 |1 1 1 6 1 1 1 |1 1 1 1 1 1 1 1 1 1 1 1 1 1 1 1 |1 1 1 1 1 1 1 1 1 1 1 1 1 1 1 |1 6 1 1 1 2 1 1 1 1 3 1 1 5 1 1 1 2 |1 1 1 1 3 1 1 1 3 1 1 3 1 1 4 1 |1 1 1 2 1 1 1 1 1 1 1 1 4 1 |6 1 1 1 1 1 1 2 1 |1 1 1 1 3 6 1 1 6 1 1 1 1 1 1 1 1 3 6 1 |1 1 1 1 1 1 1 1 1 1 1 1 1 |2 1 1 1 1 3 1 1 1 1 1 2 2 1 1 1 1 1 1 1 |1 1 1 2 2 6 |3 1 1 1 1 1 6 1 1 1 1 1 |

===============第15个最优解如下===============
最佳适宜值为：
111.15944418008496
最佳迁移代数为：
9999
最佳分配序列为：
1 1 1 1 1 1 2 1 1 1 1 1 1 6 1 5 3 1 |1 1 1 6 1 1 1 3 1 1 1 |2 1 1 1 1 2 1 3 1 1 1 1 |1 1 1 1 4 1 2 1 2 3 5 4 1 1 1 1 |1 1 1 1 1 1 1 1 4 1 |5 1 1 1 1 1 1 1 1 1 1 1 1 5 1 4 1 |1 1 2 1 1 5 2 1 3 2 1 1 1 1 1 1 2 1 |1 1 2 1 1 1 3 |1 1 1 1 2 3 1 1 1 1 4 1 1 1 1 1 1 1 |1 1 1 1 1 1 3 1 1 4 1 1 1 1 1 1 1 1 1 |1 1 1 1 1 3 |1 1 1 1 1 1 1 1 1 2 |1 2 1 3 1 4 1 1 1 1 4 1 1 2 1 1 3 1 1 |1 1 3 6 1 3 1 6 2 |1 1 1 1 5 1 |2 1 4 1 1 1 2 1 1 1 2 1 1 1 1 1 1 |6 1 1 2 1 1 2 1 1 1 1 1 1 1 |1 1 1 1 1 1 1 1 |1 1 1 5 1 1 1 |1 1 3 1 1 1 1 1 1 1 1 2 1 1 1 1 |1 1 1 1 1 1 1 1 1 1 1 1 1 1 1 |1 5 1 1 1 1 1 1 1 1 3 1 1 3 1 1 1 2 |1 1 1 2 2 1 1 1 2 1 1 3 1 1 1 1 |1 1 1 2 1 1 1 1 1 1 1 1 3 1 |6 1 1 1 1 1 2 1 1 |1 1 1 1 5 6 1 1 5 1 1 1 1 1 1 1 1 1 6 1 |1 1 1 2 1 1 1 1 2 1 1 1 1 |3 1 1 1 1 5 1 1 1 1 1 3 6 1 1 1 1 1 1 1 |1 1 1 3 2 6 |3 1 1 1 1 1 4 1 2 1 1 1 |

===============第16个最优解如下===============
最佳适宜值为：
112.35620552027562
最佳迁移代数为：
9999
最佳分配序列为：
1 1 1 1 1 1 1 1 1 1 1 1 1 3 1 6 3 1 |1 1 1 6 1 3 1 3 1 1 1 |1 1 1 1 1 3 1 6 1 1 1 1 |1 1 1 1 3 1 4 1 1 5 6 6 1 1 1 1 |1 1 1 1 1 1 1 1 4 1 |5 1 1 1 1 1 1 1 1 1 1 1 1 4 1 6 1 |1 1 1 1 1 3 1 1 1 3 1 1 2 1 1 1 2 1 |1 1 2 1 1 1 1 |3 1 1 1 1 3 1 1 1 1 4 1 1 1 1 1 1 1 |1 1 1 1 1 1 1 1 1 3 1 1 1 1 1 1 1 1 1 |1 1 1 1 1 4 |1 1 1 1 1 1 1 1 1 1 |1 1 1 5 1 6 1 1 1 1 6 1 1 4 1 1 3 1 1 |1 1 4 6 1 4 1 5 2 |1 1 1 1 5 1 |1 1 2 1 1 1 1 1 1 1 4 1 1 1 1 1 1 |5 1 1 2 1 1 2 1 1 1 1 1 1 1 |1 1 1 1 1 1 1 1 |1 1 1 5 1 1 1 |1 1 1 1 1 1 1 1 1 1 1 1 1 1 1 1 |1 1 1 1 1 1 1 1 1 1 1 1 1 1 1 |1 5 1 1 1 1 1 1 1 1 1 1 1 2 1 1 1 2 |1 1 1 1 2 1 1 1 3 1 1 4 1 1 4 2 |1 1 1 5 1 1 1 1 1 1 1 1 2 1 |6 1 1 1 1 1 1 1 1 |1 1 1 1 5 6 1 1 4 1 1 1 1 1 1 1 1 3 5 1 |1 1 1 1 1 1 1 1 1 1 1 1 1 |3 1 1 1 1 4 1 1 1 1 1 4 5 1 1 1 1 1 1 1 |1 1 1 2 1 6 |2 1 1 1 1 1 6 1 1 1 1 1 |

===============第17个最优解如下===============
最佳适宜值为：
111.68856169303137
最佳迁移代数为：
9999
最佳分配序列为：
1 1 1 1 1 1 1 1 1 1 1 1 1 6 1 6 3 1 |1 1 1 4 1 4 1 6 1 2 1 |1 1 1 1 1 4 1 6 1 1 1 1 |1 1 1 1 5 1 5 1 1 4 6 2 1 1 1 1 |1 1 1 1 1 1 1 1 3 1 |4 1 1 1 1 1 1 1 1 1 1 1 1 4 1 6 1 |1 1 1 1 1 3 2 1 1 4 1 1 3 1 1 1 2 1 |1 1 2 1 1 1 1 |2 1 1 1 1 2 1 1 1 1 3 1 1 1 1 1 3 1 |1 1 1 1 1 1 1 1 1 2 1 1 1 1 1 1 1 1 1 |1 1 1 1 1 3 |1 1 1 1 1 1 1 1 1 1 |1 1 1 4 1 4 1 1 1 1 4 1 1 2 1 1 3 1 1 |1 1 3 6 1 3 1 4 3 |1 1 1 1 4 1 |2 1 2 1 1 1 1 1 1 1 5 1 1 1 1 1 1 |5 1 1 3 1 1 3 1 1 1 1 1 1 1 |1 1 1 1 1 1 1 1 |1 1 1 5 1 1 1 |1 1 2 1 1 1 1 1 1 1 1 1 1 1 1 1 |1 1 1 1 1 1 1 1 1 2 1 1 1 1 1 |1 6 1 1 1 2 1 1 1 1 4 1 1 3 1 1 1 2 |1 1 1 1 3 1 1 1 1 1 1 4 1 1 2 2 |1 1 1 2 1 1 1 1 1 1 1 1 3 1 |6 1 1 1 1 1 1 2 1 |1 1 1 1 4 6 1 1 5 1 1 1 1 1 1 1 1 3 5 1 |1 1 1 1 1 1 1 1 1 1 1 1 1 |2 2 1 1 1 3 1 1 1 1 1 2 4 1 1 1 1 1 1 1 |1 1 1 1 4 6 |3 1 1 1 1 1 5 1 2 1 1 1 |

===============第18个最优解如下===============
最佳适宜值为：
110.50013155637946
最佳迁移代数为：
9999
最佳分配序列为：
1 1 1 1 1 1 1 1 1 1 1 1 1 6 1 6 3 1 |1 1 1 6 1 2 1 3 1 2 1 |2 1 1 1 1 2 1 6 1 1 2 1 |1 1 1 1 5 1 5 1 2 3 6 4 1 1 1 1 |1 1 1 1 1 1 1 1 2 1 |5 1 1 1 1 1 1 1 1 1 1 1 1 3 1 6 1 |1 1 1 1 1 3 1 1 2 2 1 1 1 1 1 1 3 1 |1 1 3 1 1 1 3 |2 1 1 1 3 2 1 1 1 1 3 1 1 1 1 1 3 1 |1 1 1 1 1 1 1 1 1 5 1 1 1 1 1 1 1 1 1 |1 1 1 1 1 2 |1 1 1 1 1 1 1 1 1 2 |1 1 1 5 1 2 1 1 1 1 3 1 1 1 1 1 2 1 1 |1 1 3 6 1 2 1 6 3 |2 1 1 1 2 1 |1 1 6 1 1 1 1 1 1 1 5 1 1 1 1 1 1 |6 1 1 3 1 1 3 1 1 1 1 1 1 1 |1 1 1 1 1 1 1 1 |1 1 1 5 1 1 1 |2 1 2 1 1 1 1 1 1 1 1 1 1 1 1 1 |1 1 1 1 1 1 1 1 1 1 1 1 1 1 1 |1 6 1 1 1 2 1 1 2 1 2 1 1 4 1 1 1 3 |1 1 1 1 3 1 1 1 4 1 1 2 1 1 2 1 |1 1 1 2 1 1 1 1 1 1 1 1 3 1 |6 1 1 1 1 1 2 2 1 |1 1 1 1 6 6 1 1 5 1 1 1 1 1 1 1 1 2 6 1 |1 1 1 1 1 1 1 1 1 1 1 1 1 |2 1 1 1 1 3 1 1 1 1 1 3 2 1 1 1 1 1 1 1 |1 1 1 3 3 3 |1 1 1 1 1 1 5 1 1 1 1 1 |

===============第19个最优解如下===============
最佳适宜值为：
109.38877860045496
最佳迁移代数为：
9999
最佳分配序列为：
1 1 1 1 1 1 1 1 1 1 1 1 1 6 1 4 4 1 |1 1 1 5 1 2 1 4 1 1 1 |2 1 1 1 1 2 1 4 1 1 1 1 |1 1 1 1 6 1 2 1 1 3 6 4 1 1 1 1 |1 1 2 2 1 1 2 1 3 1 |3 1 1 1 1 2 1 1 1 1 1 1 1 3 1 6 1 |1 1 1 1 1 3 1 1 2 2 1 1 3 1 1 1 3 1 |1 1 3 1 1 1 3 |3 1 1 1 2 3 1 1 1 1 3 1 1 1 1 3 2 1 |1 1 1 1 1 1 4 1 1 3 1 1 1 1 1 1 1 1 1 |1 1 1 1 1 3 |1 1 1 1 1 1 1 1 1 1 |1 3 1 5 1 5 1 1 1 1 5 1 1 3 1 1 6 1 1 |2 1 4 6 1 2 1 6 3 |1 1 1 1 6 1 |1 1 2 1 1 1 1 1 1 1 1 1 1 1 1 1 1 |6 1 1 3 1 1 2 1 1 1 1 1 1 1 |1 1 1 1 1 1 1 1 |1 1 1 5 1 1 1 |1 1 2 1 1 1 1 1 1 1 1 1 1 1 1 1 |1 1 1 1 1 1 2 1 1 2 2 1 1 1 1 |1 5 1 1 1 1 1 1 2 1 2 1 1 2 1 1 1 3 |1 1 1 1 2 1 1 1 3 1 1 5 1 1 2 1 |1 1 1 2 1 1 1 1 1 1 1 1 2 1 |4 1 1 1 1 1 3 1 1 |1 1 1 1 4 5 1 1 5 1 1 1 1 1 1 1 1 1 3 1 |1 1 1 2 1 1 1 1 1 1 1 1 1 |4 1 1 1 1 3 1 1 1 1 1 1 4 1 3 1 1 1 1 1 |1 1 1 1 2 5 |2 1 1 1 1 1 2 1 1 1 1 1 |

===============第20个最优解如下===============
最佳适宜值为：
110.23563201455923
最佳迁移代数为：
9999
最佳分配序列为：
1 1 1 1 1 1 2 1 1 1 1 1 1 5 1 6 3 1 |1 1 1 5 1 2 1 5 1 1 1 |2 1 2 1 1 3 1 5 1 1 1 1 |1 1 1 1 6 1 5 1 2 2 4 4 1 1 1 1 |1 1 1 1 1 1 1 1 2 1 |3 1 1 1 1 2 2 1 2 1 1 1 1 4 1 5 1 |1 1 1 1 1 4 2 1 1 3 1 1 2 1 1 1 1 1 |1 1 2 1 1 1 2 |3 1 1 2 1 3 1 1 1 1 3 1 1 2 1 2 2 1 |1 1 1 2 1 1 2 1 1 4 1 1 1 1 1 1 1 1 1 |1 1 1 1 1 1 |1 1 1 1 1 1 1 1 1 1 |2 1 1 5 1 3 1 1 1 2 5 1 1 3 1 1 2 1 1 |1 1 6 5 1 1 1 4 3 |2 1 1 1 3 1 |1 1 5 1 1 1 2 1 1 1 2 1 1 1 1 1 1 |4 1 1 2 1 1 2 1 1 1 2 1 1 1 |1 1 1 1 1 1 1 1 |1 1 1 6 1 1 1 |1 1 2 1 1 1 1 1 1 1 1 1 1 1 1 1 |1 1 1 1 1 1 1 1 2 2 1 1 1 1 1 |1 6 1 1 1 2 1 1 3 1 2 1 1 1 1 1 1 3 |1 1 1 2 1 1 1 1 2 1 1 4 1 1 2 2 |1 1 1 2 1 1 1 1 1 1 1 1 3 1 |6 2 1 1 1 1 3 1 1 |1 1 1 1 4 5 1 1 4 1 1 1 1 1 1 1 1 2 6 1 |1 1 1 1 1 1 1 1 2 1 1 1 1 |2 1 1 1 1 5 1 1 1 1 1 2 4 1 1 1 1 1 1 1 |1 1 1 1 2 3 |3 1 1 1 1 1 5 1 1 1 1 1 |

===============第21个最优解如下===============
最佳适宜值为：
112.45988916215937
最佳迁移代数为：
9999
最佳分配序列为：
1 1 1 1 1 1 1 1 1 1 1 1 1 6 1 6 4 1 |1 1 1 4 1 2 1 4 1 1 1 |2 1 1 1 1 2 1 4 1 1 1 1 |1 1 1 1 6 1 4 1 1 3 6 4 1 1 1 1 |1 1 1 1 1 1 1 1 2 1 |4 1 1 1 1 1 1 1 1 1 1 1 1 3 1 6 1 |1 1 1 1 1 4 1 1 1 3 1 1 2 1 1 1 2 1 |1 1 4 1 1 1 2 |2 1 1 1 1 3 1 1 1 1 5 1 1 1 1 1 2 1 |1 1 1 1 1 1 2 1 1 4 1 1 1 1 1 1 1 1 1 |1 1 1 1 1 3 |1 1 1 1 1 1 1 1 1 2 |1 1 1 5 1 4 1 1 1 1 6 1 1 4 1 1 4 1 1 |1 1 3 6 1 3 1 6 2 |1 1 1 1 6 1 |2 1 2 1 1 1 1 1 1 1 3 1 1 1 1 1 1 |6 1 1 2 1 1 2 1 1 1 1 1 1 1 |1 1 1 1 1 1 1 1 |1 1 1 6 1 1 1 |1 1 1 1 1 1 1 1 1 1 1 1 1 1 1 1 |1 1 1 1 1 1 1 1 1 1 1 1 1 1 1 |1 6 1 1 1 1 1 1 1 1 2 1 1 2 1 1 1 4 |1 1 1 1 2 1 1 1 3 1 1 3 1 1 2 1 |1 1 1 2 1 1 1 1 1 1 1 1 2 1 |5 1 1 1 1 1 1 2 1 |1 1 1 1 4 6 1 1 3 1 1 1 1 1 1 1 1 1 6 1 |1 1 1 2 1 1 1 1 1 1 1 1 1 |3 1 1 1 1 4 1 1 1 1 1 3 6 1 1 1 1 1 1 1 |1 1 1 2 1 6 |4 1 1 1 1 1 6 1 1 1 1 1 |

===============第22个最优解如下===============
最佳适宜值为：
111.96238457278972
最佳迁移代数为：
9999
最佳分配序列为：
1 1 1 1 1 1 1 1 1 1 1 1 1 6 1 5 4 1 |1 1 1 5 2 4 1 6 1 1 1 |1 1 1 1 1 1 1 5 1 1 1 1 |1 1 1 1 3 1 5 1 1 2 6 2 1 1 1 1 |1 1 1 1 1 1 1 1 4 1 |3 1 1 1 1 1 1 1 1 1 1 1 1 4 1 6 1 |1 1 1 1 1 5 1 1 2 1 1 1 2 1 1 1 2 1 |1 1 3 1 1 1 1 |3 1 1 1 1 2 1 1 1 1 3 1 1 1 1 1 2 1 |1 1 1 1 1 1 3 1 1 1 1 1 1 1 1 1 1 1 1 |1 1 1 1 1 3 |1 1 1 1 1 1 1 1 1 1 |1 2 1 6 1 5 1 1 1 1 5 1 1 4 1 1 2 1 1 |1 1 5 6 1 4 1 6 2 |1 1 1 1 4 1 |1 1 3 1 1 1 1 1 1 1 3 1 1 1 1 1 1 |6 1 1 3 1 1 4 1 1 1 1 1 1 1 |1 1 1 1 1 1 1 1 |1 1 1 5 1 1 1 |1 1 3 1 1 1 1 1 1 1 1 1 1 1 1 1 |1 1 1 1 1 1 1 1 1 1 1 1 1 1 1 |1 4 1 1 1 1 1 1 1 1 3 1 1 3 1 1 1 4 |1 1 1 1 3 1 1 1 4 1 1 4 1 1 2 1 |1 1 1 2 1 1 1 1 1 1 1 2 3 1 |6 1 1 1 1 1 2 2 1 |1 1 1 1 3 6 1 1 4 1 1 1 1 1 1 1 1 1 6 1 |1 1 1 1 1 1 1 1 1 1 1 1 1 |2 1 1 1 1 5 1 1 1 1 1 4 3 1 1 1 1 1 1 1 |1 1 1 1 2 6 |3 1 1 1 1 1 3 1 2 1 1 1 |

===============第23个最优解如下===============
最佳适宜值为：
108.994540859097
最佳迁移代数为：
9999
最佳分配序列为：
1 1 1 1 1 1 1 1 1 2 1 1 1 5 1 6 4 1 |4 1 1 5 1 1 2 6 1 2 1 |2 1 1 1 1 4 1 3 1 1 1 1 |1 1 1 1 5 1 4 1 2 3 4 3 1 1 1 1 |1 1 1 1 1 1 1 1 4 1 |3 1 1 1 1 2 1 1 2 1 1 1 1 4 1 6 1 |1 1 1 1 1 3 2 1 3 4 1 1 2 1 1 1 3 1 |1 1 2 1 1 1 3 |1 1 1 1 1 4 1 1 1 1 3 1 1 1 1 1 1 1 |1 1 1 2 1 1 1 1 1 1 1 1 1 1 1 1 1 1 1 |1 1 1 1 1 2 |1 1 1 1 1 1 1 1 1 1 |1 1 1 5 1 3 1 1 1 2 4 1 1 3 1 1 2 1 1 |1 1 4 6 1 3 1 4 1 |2 1 1 1 3 1 |1 1 4 1 1 1 1 1 1 1 4 1 1 1 1 1 1 |5 1 1 1 1 1 3 1 1 1 1 1 1 1 |1 1 1 1 1 1 1 1 |1 1 1 4 1 1 1 |2 1 2 1 1 1 1 1 1 1 1 2 1 1 1 1 |1 1 1 1 1 1 1 1 1 1 1 1 1 1 1 |1 5 1 1 1 3 1 1 2 1 3 1 1 1 2 1 1 1 |1 1 1 1 3 1 1 1 3 1 1 2 1 1 2 2 |1 1 1 2 1 1 1 1 1 1 1 2 4 1 |6 1 1 1 1 1 1 4 1 |1 1 1 2 3 6 1 1 3 1 1 1 1 1 1 1 1 3 4 1 |1 1 1 3 1 1 1 1 2 1 1 1 1 |2 1 1 1 1 4 1 1 1 1 1 1 4 1 1 1 1 1 1 1 |1 1 1 2 2 6 |5 1 1 2 1 1 2 1 1 1 1 1 |

===============第24个最优解如下===============
最佳适宜值为：
111.52812058078722
最佳迁移代数为：
9999
最佳分配序列为：
1 1 1 1 1 1 1 1 1 1 1 1 1 6 1 6 2 1 |1 1 1 4 1 3 1 5 1 1 1 |2 1 1 1 1 2 1 6 1 1 1 1 |1 1 1 1 5 1 3 1 1 3 6 3 1 1 1 1 |1 1 1 1 1 1 1 1 2 1 |4 1 1 1 1 1 1 1 1 1 1 1 1 4 1 6 1 |1 1 1 1 1 3 3 1 4 3 1 1 2 1 1 1 3 1 |1 1 5 1 1 1 1 |2 1 1 1 2 2 1 1 1 1 2 1 1 1 1 1 3 1 |1 1 1 2 1 1 2 1 1 2 1 1 1 1 1 1 1 1 1 |1 1 1 1 1 2 |1 1 1 1 1 1 1 1 1 1 |1 1 1 4 1 5 1 1 1 1 5 1 1 4 1 1 3 1 1 |1 1 3 6 1 2 1 6 3 |1 1 1 1 4 1 |1 1 4 1 1 1 1 1 1 1 2 2 1 1 1 1 1 |6 1 1 2 1 1 2 1 1 1 1 1 1 1 |1 1 1 1 1 1 1 1 |1 1 1 6 1 1 1 |1 1 1 1 1 1 1 1 1 1 1 2 1 1 1 1 |1 1 1 1 1 1 1 1 1 1 1 1 1 1 1 |1 6 1 1 1 2 1 1 1 1 1 1 1 2 1 1 1 2 |1 1 1 1 2 1 1 1 2 1 1 4 1 1 2 1 |1 1 1 4 1 1 1 1 1 1 1 1 2 1 |6 1 1 1 1 1 3 3 1 |1 1 1 1 6 6 1 1 5 1 1 1 1 1 1 1 1 2 5 1 |1 1 1 2 1 1 1 1 1 1 1 1 1 |4 1 1 1 1 4 1 1 1 1 1 3 4 1 1 1 1 1 1 1 |1 1 1 2 2 6 |1 1 1 1 1 1 3 1 1 1 1 1 |

===============第25个最优解如下===============
最佳适宜值为：
112.14539413224972
最佳迁移代数为：
9999
最佳分配序列为：
1 1 1 1 1 1 1 1 1 1 1 1 1 6 1 6 3 1 |1 1 1 6 1 4 1 4 1 1 1 |1 1 1 1 1 3 1 4 1 1 1 1 |1 1 1 1 6 1 3 1 2 5 6 3 1 1 1 1 |1 1 1 1 1 1 1 1 3 1 |2 1 1 1 1 1 1 1 1 1 1 1 1 3 1 6 1 |1 1 1 1 1 4 2 1 1 2 1 1 3 1 1 1 3 1 |1 1 2 1 1 1 2 |1 1 1 1 1 2 1 1 1 1 4 1 1 1 1 1 3 1 |1 1 1 2 1 1 3 1 1 2 1 1 1 1 1 1 1 1 1 |1 1 1 1 1 2 |1 1 1 1 1 1 1 1 1 1 |1 1 1 6 1 5 1 1 1 1 6 1 1 3 1 1 4 1 1 |1 1 4 6 1 3 1 6 1 |1 1 1 1 2 1 |1 1 3 1 1 1 1 1 1 1 3 1 1 1 1 1 1 |6 1 1 4 1 1 3 1 1 1 1 1 1 1 |1 1 1 1 1 1 1 1 |1 1 1 6 1 1 1 |1 1 1 1 1 1 1 1 1 1 1 1 1 1 1 1 |1 1 1 1 1 1 1 1 1 1 1 1 1 1 1 |1 6 1 1 1 2 1 1 1 1 3 1 1 2 1 1 1 3 |1 1 1 1 5 1 1 1 4 1 1 3 1 1 2 1 |1 1 1 3 1 1 1 1 1 1 1 1 2 1 |6 1 1 1 1 1 2 3 1 |1 1 1 1 4 5 1 1 4 1 1 1 1 1 1 1 1 2 5 1 |1 1 1 2 1 1 1 1 1 1 1 1 1 |2 1 1 1 1 5 1 1 1 1 1 3 2 1 1 1 1 1 1 1 |1 1 1 2 2 6 |2 1 1 1 1 1 3 1 1 1 1 1 |

===============第26个最优解如下===============
最佳适宜值为：
109.81170972820854
最佳迁移代数为：
9999
最佳分配序列为：
1 1 1 1 1 1 1 1 1 1 1 1 1 4 1 5 4 1 |1 1 1 4 1 1 1 5 1 2 1 |2 1 1 1 1 1 1 5 1 1 1 1 |1 1 1 1 3 1 5 1 1 2 3 1 1 1 1 1 |1 1 2 1 1 1 1 1 5 1 |3 1 1 1 1 2 1 1 1 1 1 1 1 4 1 6 1 |2 1 3 1 1 3 2 1 2 3 1 1 3 1 1 1 3 1 |1 1 4 1 1 1 1 |3 1 1 1 1 2 1 1 1 1 3 1 1 1 1 1 3 1 |1 1 1 1 1 1 3 1 1 2 1 1 1 1 1 1 1 1 1 |1 1 1 1 1 3 |1 1 1 1 1 1 1 1 1 1 |1 3 1 5 1 2 1 1 1 1 3 1 1 4 1 1 3 1 1 |1 1 5 6 1 4 1 6 2 |2 1 1 1 3 1 |1 1 3 1 1 1 1 1 1 1 3 1 1 1 1 1 1 |6 1 1 3 1 1 4 1 1 1 1 1 1 1 |1 1 1 1 1 1 1 1 |1 1 1 4 1 1 1 |1 1 2 1 1 1 1 1 1 1 1 2 1 1 1 1 |1 1 1 1 1 1 1 1 1 1 1 1 1 1 1 |1 4 1 1 1 2 1 1 2 1 3 1 1 2 2 1 1 3 |1 1 1 2 1 1 1 1 3 1 1 4 1 1 3 2 |1 1 1 1 1 1 1 1 1 1 1 1 2 1 |6 1 1 1 1 1 4 1 1 |1 1 1 1 4 6 1 1 4 1 1 1 1 1 1 1 1 3 3 1 |1 1 1 1 1 1 1 1 1 1 1 1 1 |4 1 1 1 1 4 1 1 1 3 1 2 3 1 2 1 1 1 1 1 |1 1 1 2 3 6 |1 1 1 1 1 1 6 1 1 1 1 1 |

===============第27个最优解如下===============
最佳适宜值为：
109.05644797828681
最佳迁移代数为：
9999
最佳分配序列为：
1 1 1 1 1 1 1 1 1 1 1 1 1 6 1 6 3 1 |1 1 1 5 1 4 1 6 1 1 1 |1 1 1 1 1 3 1 2 1 1 1 1 |2 1 1 1 5 1 4 1 1 5 4 5 1 1 1 1 |1 1 1 1 1 1 1 1 4 1 |4 1 1 1 1 2 1 1 1 1 1 1 1 3 1 6 1 |1 1 3 1 1 4 2 3 1 3 1 1 1 1 1 1 2 1 |1 1 6 1 1 1 3 |2 1 1 1 3 2 1 1 1 1 4 1 1 1 1 1 1 1 |1 1 1 1 1 1 4 1 1 3 1 1 1 1 1 1 1 1 1 |1 1 1 1 1 3 |1 1 1 1 1 1 1 1 1 1 |1 2 1 5 1 5 1 1 1 1 3 1 2 4 1 1 3 1 1 |1 1 5 6 1 1 1 5 2 |1 1 1 1 3 1 |1 1 2 1 1 1 1 1 1 1 3 1 1 1 1 1 1 |4 1 1 2 1 1 3 1 1 1 1 1 1 1 |1 1 1 1 1 1 1 2 |1 1 1 5 1 1 1 |1 1 1 1 1 1 1 1 2 1 1 2 1 1 1 1 |1 1 1 1 1 1 1 1 1 1 1 1 1 1 1 |1 4 1 1 1 1 1 1 1 1 2 1 1 1 1 1 1 2 |1 1 1 1 3 1 1 1 2 1 1 3 1 1 2 1 |1 1 1 3 1 1 1 1 1 1 1 1 2 1 |6 1 1 1 1 1 3 2 1 |1 1 1 1 4 4 1 1 3 1 1 1 1 1 1 1 1 4 4 1 |1 1 1 2 1 1 1 1 1 1 1 1 1 |3 1 1 1 1 5 1 1 1 1 1 4 3 1 1 1 1 1 1 1 |1 1 1 1 2 5 |2 1 1 1 1 1 4 1 2 1 1 1 |

===============第28个最优解如下===============
最佳适宜值为：
111.01418753558544
最佳迁移代数为：
9999
最佳分配序列为：
1 1 1 1 1 1 1 1 1 1 1 1 1 3 1 6 5 1 |1 1 1 3 1 4 1 6 1 1 1 |1 1 1 1 1 2 1 6 1 1 1 1 |1 1 1 1 4 1 5 1 1 4 6 4 1 1 1 1 |1 1 1 2 1 1 1 1 3 1 |4 1 1 1 1 1 1 1 1 1 1 1 1 3 1 6 1 |1 1 1 1 1 4 1 1 1 2 1 1 2 1 1 1 2 1 |1 1 1 1 1 1 1 |3 1 1 1 2 2 1 1 1 1 4 1 1 1 1 1 1 1 |1 1 1 1 1 1 2 1 1 4 1 1 1 1 1 1 1 1 1 |1 1 1 1 1 3 |1 1 1 1 1 1 1 1 1 1 |1 1 1 5 1 2 1 1 1 1 6 1 2 2 1 1 2 1 1 |1 1 3 6 1 2 1 6 2 |1 1 1 1 6 1 |1 1 3 1 1 2 1 1 1 1 3 1 1 1 1 1 1 |6 1 1 2 1 1 3 1 1 1 1 1 1 1 |1 1 1 1 1 1 1 1 |1 1 1 4 1 1 1 |1 1 5 1 1 1 1 1 1 1 1 1 1 1 1 1 |1 1 1 1 1 1 1 1 1 2 1 1 1 1 1 |1 5 1 1 1 1 1 1 1 1 2 1 1 3 1 1 1 1 |1 1 1 2 3 1 1 1 4 1 1 2 1 1 2 2 |1 1 1 3 1 1 1 1 1 1 1 1 4 1 |5 1 1 1 1 1 2 3 1 |1 1 1 2 5 4 1 1 4 1 1 1 1 1 1 1 1 2 4 1 |1 1 1 1 1 1 1 1 2 1 1 1 1 |4 1 1 1 1 3 1 1 1 1 1 3 6 1 2 1 1 1 1 1 |1 1 1 3 2 5 |3 1 1 1 1 1 4 1 1 1 1 1 |

===============第29个最优解如下===============
最佳适宜值为：
112.21352154969844
最佳迁移代数为：
9999
最佳分配序列为：
1 1 1 1 1 1 1 1 1 1 1 1 1 6 1 6 4 1 |1 1 1 5 1 2 1 4 1 1 1 |1 1 1 1 1 2 1 6 1 1 1 1 |1 1 1 1 3 1 4 1 1 4 4 3 1 1 1 1 |1 1 1 1 1 1 1 1 4 1 |3 1 1 1 1 1 1 1 1 1 1 1 1 4 1 6 1 |1 1 1 1 1 4 2 1 1 2 1 1 3 1 1 1 2 1 |1 1 2 1 1 1 2 |1 1 1 1 1 3 1 1 1 1 3 1 1 1 1 1 1 1 |1 1 1 1 1 1 3 1 1 3 1 1 1 1 1 1 1 1 1 |1 1 1 1 1 4 |1 1 1 1 1 1 1 1 1 1 |1 1 1 5 1 2 1 1 1 1 6 1 1 4 1 1 4 1 1 |1 1 3 6 1 3 1 6 2 |1 1 1 1 5 1 |1 1 5 1 1 1 1 1 1 1 2 1 1 1 1 1 1 |5 1 1 1 1 1 2 1 1 1 1 1 1 1 |1 1 1 1 1 1 1 1 |1 1 1 4 1 1 1 |1 1 2 1 1 1 1 1 1 1 1 1 1 1 1 1 |1 1 1 1 1 1 1 1 1 1 1 1 1 1 1 |1 6 1 1 1 3 1 1 1 1 1 1 1 4 1 1 1 3 |1 1 1 1 3 1 1 1 5 1 1 4 1 1 3 1 |1 1 1 4 1 1 1 1 1 1 1 1 4 1 |6 1 1 1 1 1 2 1 1 |1 1 1 1 5 6 1 1 4 1 1 1 1 1 1 1 1 2 5 1 |1 1 1 1 1 1 1 1 1 1 1 1 1 |3 1 1 1 1 5 1 1 1 1 1 3 4 1 1 1 1 1 1 1 |1 1 1 2 1 6 |3 1 1 1 1 1 6 1 1 1 1 1 |

===============第30个最优解如下===============
最佳适宜值为：
105.63156252610939
最佳迁移代数为：
9999
最佳分配序列为：
1 2 1 1 1 1 1 1 1 1 1 1 1 4 1 6 3 1 |1 2 1 5 1 2 1 3 1 2 2 |2 1 1 1 1 2 1 5 1 2 1 1 |2 1 1 1 3 1 3 2 3 3 2 4 1 1 1 1 |1 2 1 3 1 1 1 1 2 1 |3 1 1 1 1 1 1 1 2 1 1 2 1 3 1 5 1 |1 1 2 2 1 4 3 1 3 3 1 1 3 1 1 1 2 1 |1 1 1 1 1 1 3 |2 1 1 1 1 3 1 1 1 1 3 1 1 1 1 1 2 1 |2 1 1 1 1 1 2 1 1 3 2 3 1 1 1 1 1 1 1 |1 1 1 1 1 3 |1 1 1 1 1 1 1 1 1 2 |2 1 1 3 1 2 1 1 1 1 3 1 1 2 1 1 3 1 1 |1 1 3 4 1 2 1 3 1 |2 1 1 1 5 1 |1 1 4 1 1 1 1 1 1 1 4 1 1 1 1 1 2 |5 1 1 2 1 1 2 1 1 1 1 1 1 1 |1 1 1 1 1 1 1 1 |1 1 1 4 1 1 1 |2 1 1 1 1 1 1 1 1 1 1 1 1 1 3 1 |1 2 1 1 1 1 1 1 1 2 1 1 1 1 1 |1 6 1 1 1 2 2 1 1 1 2 1 1 4 1 1 1 3 |1 1 1 1 1 1 1 1 3 1 1 5 1 1 2 2 |1 1 1 3 2 1 1 1 1 1 1 2 2 2 |5 1 1 1 1 1 2 2 1 |1 1 1 1 3 5 1 1 3 1 1 1 1 1 1 1 1 2 4 1 |1 1 1 2 1 1 1 1 2 1 1 1 1 |2 2 1 1 1 5 1 1 1 1 2 3 5 1 2 1 1 1 1 1 |1 1 1 1 2 4 |3 1 1 1 1 1 2 1 1 1 1 1 |

===============第31个最优解如下===============
最佳适宜值为：
111.36640291458804
最佳迁移代数为：
9999
最佳分配序列为：
1 1 1 1 1 1 1 1 1 1 1 1 1 4 1 6 2 1 |1 1 1 5 1 3 1 4 1 1 1 |2 1 1 1 1 4 1 5 1 1 1 1 |1 1 1 1 4 1 5 1 1 2 6 4 1 1 1 1 |1 1 1 1 1 1 1 1 4 1 |4 1 1 1 1 1 1 1 1 1 1 1 1 3 1 6 1 |1 1 1 1 1 4 2 1 2 3 1 1 4 1 1 1 2 1 |1 1 1 1 1 1 2 |3 1 1 1 1 2 1 1 1 1 2 1 1 1 1 1 2 1 |1 1 1 1 1 1 2 1 1 3 1 2 1 1 1 1 1 1 1 |1 1 1 1 1 3 |1 1 1 1 1 1 1 1 1 1 |1 2 1 4 1 6 1 1 1 1 5 1 1 2 1 1 3 1 1 |1 1 3 6 1 3 1 6 3 |2 1 1 1 3 1 |1 1 4 1 1 1 1 1 1 1 3 1 1 1 1 1 1 |5 1 1 2 1 1 3 1 1 1 1 1 1 1 |1 1 1 1 1 1 1 1 |1 1 1 6 1 1 1 |2 1 1 1 1 1 1 1 1 1 1 1 1 1 1 1 |1 1 1 1 1 1 1 1 1 1 1 1 1 1 1 |1 5 1 1 1 2 1 1 2 1 3 1 1 4 1 1 1 3 |1 1 1 1 2 1 1 1 4 1 1 2 1 1 1 2 |1 1 1 4 1 1 1 1 1 1 1 2 3 1 |4 1 1 1 1 1 1 3 1 |1 1 1 1 6 6 1 1 5 1 1 1 1 1 1 1 1 1 4 1 |1 1 1 2 1 1 1 1 1 1 1 1 1 |3 1 1 1 1 5 1 1 1 1 1 2 2 1 1 1 1 1 1 1 |1 1 1 2 3 6 |3 1 1 1 1 1 3 1 1 1 1 1 |

===============第32个最优解如下===============
最佳适宜值为：
111.63857104043434
最佳迁移代数为：
9999
最佳分配序列为：
1 1 1 1 1 1 1 1 1 1 1 1 1 5 1 6 2 1 |1 1 1 6 1 2 1 5 1 2 1 |4 1 1 1 1 1 1 5 1 1 1 1 |1 1 1 1 4 1 3 1 1 4 6 5 1 1 1 1 |1 1 1 1 1 1 1 1 2 1 |4 1 1 1 1 1 1 1 1 1 1 1 1 3 1 5 1 |1 1 1 1 1 4 2 1 1 2 1 1 2 1 1 1 3 1 |1 1 1 1 1 1 2 |2 1 1 1 1 2 1 1 1 1 3 1 1 1 1 1 3 1 |1 1 1 1 1 1 2 1 1 2 1 1 1 1 1 1 1 1 1 |1 1 1 1 1 4 |1 1 1 1 1 1 1 1 1 1 |1 1 1 5 1 3 1 1 1 1 5 1 1 6 1 1 2 1 1 |1 1 5 6 1 2 1 5 3 |1 1 1 1 4 1 |1 1 4 1 1 2 1 1 1 1 3 1 1 1 1 1 1 |5 1 1 2 1 1 4 1 1 1 1 1 1 1 |1 1 1 1 1 1 1 1 |1 1 1 4 1 1 1 |1 1 2 1 1 1 1 1 1 1 1 1 1 1 1 1 |1 1 1 1 1 1 1 1 2 1 1 1 1 1 1 |1 6 1 1 1 2 1 1 1 1 1 1 1 2 1 1 1 4 |1 1 1 1 3 1 1 1 2 1 1 4 1 1 2 2 |1 1 1 2 1 1 1 1 1 1 1 1 2 1 |5 1 1 1 1 1 2 2 1 |1 1 1 1 6 6 1 1 6 1 1 1 1 1 1 1 1 2 5 1 |1 1 1 2 1 1 1 1 1 1 1 1 1 |2 1 1 1 1 3 1 1 1 1 2 1 4 1 1 1 1 1 1 1 |1 1 1 3 2 6 |6 1 1 1 1 1 3 1 2 1 1 1 |

===============第33个最优解如下===============
最佳适宜值为：
111.88185413834593
最佳迁移代数为：
9999
最佳分配序列为：
1 1 1 1 1 1 1 1 1 1 1 1 1 4 1 6 3 1 |1 1 1 4 1 2 1 2 1 1 1 |2 1 1 1 1 2 1 6 1 1 1 1 |1 1 1 1 6 1 4 1 1 5 6 4 1 1 1 1 |1 1 1 1 1 1 1 1 5 1 |2 1 1 1 1 1 1 1 1 1 1 1 1 4 1 5 1 |1 1 1 1 1 5 1 1 1 2 1 1 2 1 1 1 2 1 |1 1 2 1 1 1 3 |2 1 1 1 2 2 1 1 1 1 1 1 1 1 1 1 3 1 |1 1 1 1 1 1 3 1 1 2 1 1 1 1 1 1 1 1 1 |1 1 1 1 1 3 |1 1 1 1 1 1 1 1 1 2 |1 1 1 4 1 3 1 1 1 1 4 1 1 3 1 1 4 1 1 |1 1 4 6 1 4 1 6 2 |1 1 1 1 4 1 |1 1 3 1 1 1 1 1 1 1 6 1 1 1 1 1 1 |4 1 1 2 1 1 3 1 1 1 1 1 1 1 |1 1 1 1 1 1 1 1 |1 1 1 6 1 1 1 |1 1 3 1 1 1 1 1 1 1 1 1 1 1 1 1 |1 1 1 1 1 1 1 1 1 1 1 1 1 1 1 |1 4 1 1 1 1 1 1 1 1 1 1 1 3 1 1 1 2 |1 1 1 1 2 1 1 1 4 1 1 4 1 1 3 2 |1 1 1 4 1 1 1 1 1 1 1 1 3 1 |6 1 1 1 1 1 3 3 1 |1 1 1 1 6 6 1 1 4 1 1 1 1 1 1 1 1 2 4 1 |1 1 1 2 1 1 1 1 2 1 1 1 1 |2 1 1 1 1 6 1 1 1 1 1 3 4 1 1 1 1 1 1 1 |1 1 1 1 2 5 |2 1 1 1 1 1 6 1 1 1 1 1 |

===============第34个最优解如下===============
最佳适宜值为：
110.16430184314662
最佳迁移代数为：
9999
最佳分配序列为：
1 1 1 1 1 1 1 1 1 1 1 1 1 5 1 5 4 1 |1 1 1 4 1 3 1 3 1 1 1 |2 1 1 1 1 3 1 6 1 1 1 1 |1 1 1 1 5 1 5 1 2 4 6 3 1 1 1 1 |1 1 1 1 1 1 1 1 3 1 |4 1 1 1 1 1 1 1 1 1 1 1 1 2 1 6 1 |1 1 1 1 1 4 1 1 1 2 1 1 2 2 1 1 2 1 |1 1 2 1 1 1 3 |1 1 1 1 1 4 1 1 1 1 4 1 1 1 1 1 3 1 |1 1 1 1 1 1 3 1 1 3 1 1 1 1 1 1 1 1 1 |1 1 1 1 1 1 |1 1 1 1 1 1 1 1 1 1 |1 1 1 5 1 6 1 1 1 2 4 1 1 6 1 1 2 1 1 |1 1 3 6 1 2 1 6 2 |2 1 1 1 5 1 |2 1 5 1 1 1 1 1 1 1 2 1 1 1 1 1 1 |6 1 1 2 1 1 1 1 1 1 1 1 1 1 |1 1 1 1 1 1 1 1 |1 1 1 4 1 1 1 |1 1 2 1 1 1 1 1 1 1 1 1 1 1 1 1 |1 1 1 1 1 1 1 1 1 1 1 1 1 1 1 |1 6 1 1 1 2 1 1 1 1 1 1 1 3 1 1 1 3 |1 1 1 1 3 1 1 1 3 1 1 5 1 1 3 2 |1 1 1 2 1 1 1 1 1 1 1 1 3 1 |3 1 1 1 1 1 1 2 1 |1 1 1 1 5 3 1 1 4 1 1 1 1 1 1 1 1 4 4 1 |1 1 1 2 1 1 1 1 1 1 1 1 1 |4 1 1 1 1 4 1 1 1 1 1 3 4 1 1 1 1 1 1 1 |1 1 1 2 2 6 |5 1 1 1 1 1 3 1 1 1 1 1 |

===============第35个最优解如下===============
最佳适宜值为：
111.66518225263805
最佳迁移代数为：
9999
最佳分配序列为：
1 1 1 1 1 1 2 1 1 1 1 1 1 3 1 6 3 1 |1 1 1 4 1 1 1 6 1 1 1 |1 1 1 1 1 3 1 6 1 1 1 1 |1 1 1 1 6 1 2 1 1 4 4 4 1 1 1 1 |1 1 1 1 1 1 1 1 2 1 |3 1 1 1 1 2 1 1 1 1 1 1 1 3 1 6 1 |1 1 1 1 1 4 1 2 2 2 1 1 2 1 1 1 3 1 |1 1 3 1 1 1 1 |3 1 1 1 1 2 1 1 1 1 3 1 1 1 1 1 2 1 |1 1 1 1 1 1 3 1 1 5 1 1 1 1 1 1 1 1 1 |1 1 1 1 1 3 |1 1 1 1 1 1 1 1 1 1 |1 2 1 4 1 5 1 1 1 1 4 1 1 3 1 1 6 1 1 |1 1 6 6 1 2 1 6 1 |1 1 1 1 2 1 |1 1 4 1 1 1 1 1 1 1 4 1 1 1 1 1 1 |6 1 1 2 1 1 4 1 1 1 1 1 1 1 |1 1 1 1 1 1 1 1 |1 1 1 6 1 1 1 |1 1 2 1 1 1 1 1 1 1 1 1 1 1 1 1 |1 1 1 1 1 1 1 1 1 1 1 1 1 1 1 |1 5 1 1 1 1 1 1 1 1 2 1 1 4 1 1 1 3 |1 1 1 1 1 1 1 1 2 1 1 2 1 1 3 1 |1 1 1 4 1 1 1 1 1 1 1 1 2 1 |6 1 1 1 1 1 2 1 1 |1 1 1 1 6 5 1 1 5 1 1 1 1 1 1 1 1 1 5 1 |1 1 1 1 1 1 1 1 1 1 1 1 1 |3 1 1 1 1 4 1 1 1 1 1 2 6 1 1 1 1 1 1 1 |1 1 1 2 3 6 |2 1 1 1 1 1 6 1 2 1 1 1 |

===============第36个最优解如下===============
最佳适宜值为：
108.76971443382827
最佳迁移代数为：
9999
最佳分配序列为：
2 1 1 1 1 1 3 1 1 1 1 3 1 3 1 6 3 1 |1 1 1 5 1 2 1 4 1 1 1 |3 1 1 1 1 3 1 5 1 1 1 1 |1 1 1 1 3 1 4 1 3 1 4 2 1 1 1 1 |1 1 2 1 1 1 1 1 4 2 |3 1 1 1 1 1 1 1 1 1 1 1 1 2 1 4 1 |1 1 1 1 1 1 2 1 2 2 1 1 2 1 1 1 3 1 |1 1 2 1 1 1 2 |1 1 1 1 2 2 1 1 1 1 3 1 1 1 1 1 1 1 |1 1 1 1 1 1 2 1 1 2 1 1 1 1 1 1 1 1 1 |1 1 1 1 1 2 |1 1 1 1 1 1 1 1 1 1 |2 2 1 4 1 6 1 1 1 1 5 1 3 2 1 2 5 1 1 |1 1 5 6 1 2 1 6 3 |1 1 1 1 3 1 |2 1 3 1 1 2 1 1 1 1 3 2 1 1 1 1 1 |5 1 1 1 1 1 3 1 1 1 1 1 1 1 |1 1 1 1 1 1 1 1 |1 1 1 3 1 1 1 |3 1 2 1 1 1 1 1 1 1 1 1 1 1 1 1 |1 1 1 1 1 1 2 1 1 1 1 1 1 1 1 |1 6 1 1 1 4 1 1 1 1 2 1 1 4 2 1 1 3 |1 1 1 2 2 1 1 1 3 1 1 6 1 1 3 2 |1 1 1 3 1 1 1 1 1 1 1 1 3 1 |5 2 1 1 1 1 1 1 1 |1 1 1 1 5 6 1 1 3 1 1 1 1 1 1 1 1 1 1 1 |1 1 1 1 1 1 1 1 2 1 1 1 1 |4 1 1 1 1 3 1 1 1 1 1 2 5 1 1 1 1 1 1 1 |1 1 1 1 3 5 |4 1 1 1 1 1 5 1 2 1 1 1 |

===============第37个最优解如下===============
最佳适宜值为：
112.33567492124632
最佳迁移代数为：
9999
最佳分配序列为：
1 1 1 1 1 1 1 1 1 1 1 1 1 2 1 6 3 1 |1 1 1 5 1 5 1 6 1 1 1 |2 1 1 1 1 2 1 6 1 1 1 1 |1 1 1 1 3 1 5 1 2 3 6 2 1 1 1 1 |1 1 1 1 1 1 1 1 4 1 |5 1 1 1 1 1 1 1 1 1 1 1 1 3 1 6 1 |1 1 1 1 1 6 1 1 2 4 1 1 3 1 1 1 2 1 |1 1 3 1 1 1 3 |1 1 1 1 1 2 1 1 1 1 2 1 1 1 1 1 2 1 |1 1 1 1 1 1 2 1 1 2 1 1 1 1 1 1 1 1 1 |1 1 1 1 1 3 |1 1 1 1 1 1 1 1 1 1 |1 1 1 5 1 2 1 1 1 1 5 1 1 6 1 1 4 1 1 |1 1 3 6 1 3 1 5 1 |2 1 1 1 4 1 |1 1 4 1 1 1 1 1 1 1 1 1 1 1 1 1 1 |6 1 1 3 1 1 3 1 1 1 1 1 1 1 |1 1 1 1 1 1 1 1 |1 1 1 6 1 1 1 |1 1 2 1 1 1 1 1 1 1 1 1 1 1 1 1 |1 1 1 1 1 1 1 1 1 1 1 1 1 1 1 |1 6 1 1 1 2 1 1 1 1 2 1 1 3 1 1 1 2 |1 1 1 1 2 1 1 1 2 1 1 5 1 1 2 2 |1 1 1 4 1 1 1 1 1 1 1 1 4 1 |6 1 1 1 1 1 2 3 1 |1 1 1 1 4 4 1 1 3 1 1 1 1 1 1 1 1 4 4 1 |1 1 1 1 1 1 1 1 2 1 1 1 1 |3 1 1 1 1 4 1 1 1 1 1 1 3 1 1 1 1 1 1 1 |1 1 1 1 2 6 |3 1 1 1 1 1 6 1 1 1 1 1 |

===============第38个最优解如下===============
最佳适宜值为：
109.919776549987
最佳迁移代数为：
9999
最佳分配序列为：
1 1 1 1 1 1 1 1 1 1 1 1 1 5 1 6 2 1 |1 1 1 5 1 3 1 5 1 1 1 |3 1 1 1 1 3 1 6 1 1 1 1 |1 1 1 1 3 1 5 1 2 3 6 3 1 1 1 1 |1 1 1 1 1 1 1 1 5 1 |3 1 1 1 1 1 1 1 1 1 1 1 1 3 1 6 1 |1 1 1 1 1 2 2 1 1 3 1 1 2 1 1 1 2 1 |1 1 2 1 1 1 4 |1 1 1 1 3 2 1 1 1 1 2 1 1 1 1 1 2 1 |1 1 1 1 1 1 4 1 1 4 1 1 1 1 1 1 1 1 1 |1 1 1 1 1 3 |1 1 1 1 1 1 1 1 1 1 |1 2 1 5 1 3 1 1 1 1 5 1 1 2 1 1 3 1 1 |1 1 3 6 1 3 1 6 3 |3 1 1 1 3 1 |1 1 5 1 1 1 1 1 1 1 1 1 1 1 1 1 1 |5 1 1 2 1 1 3 1 1 1 1 1 1 1 |1 1 1 1 1 1 1 1 |1 1 1 5 1 1 1 |1 1 3 1 1 1 1 1 1 1 1 2 1 1 1 1 |1 1 1 1 1 1 2 1 1 1 1 1 1 1 1 |1 6 1 1 1 1 1 1 2 1 2 1 1 3 1 1 1 2 |1 1 1 1 2 1 1 1 5 1 1 6 1 1 2 1 |1 1 1 3 1 1 1 1 1 1 1 1 3 1 |5 1 1 1 1 1 1 1 1 |1 1 1 1 3 6 1 1 5 1 1 1 1 1 1 1 1 2 4 1 |1 1 1 1 1 1 1 1 1 1 1 1 1 |4 1 1 1 1 4 1 1 1 1 1 3 6 1 1 1 1 1 1 1 |1 1 1 1 1 3 |3 1 1 1 1 1 4 1 2 1 1 1 |

===============第39个最优解如下===============
最佳适宜值为：
112.57639722017397
最佳迁移代数为：
9999
最佳分配序列为：
1 1 1 1 1 1 1 1 1 1 1 1 1 6 1 6 4 1 |1 1 1 6 1 3 1 4 1 1 1 |1 1 1 1 1 2 1 4 1 1 1 1 |1 1 1 1 5 1 5 1 1 4 6 2 1 1 1 1 |1 1 1 2 1 1 1 1 3 1 |4 1 1 1 1 1 1 1 1 1 1 1 1 4 1 6 1 |1 1 1 1 1 3 1 1 1 3 1 1 1 1 1 1 2 1 |1 1 2 1 1 1 3 |1 1 1 1 2 5 1 1 1 1 3 1 1 1 1 1 2 1 |1 1 1 1 1 1 3 1 1 3 1 1 1 1 1 1 1 1 1 |1 1 1 1 1 4 |1 1 1 1 1 1 1 1 1 1 |1 1 1 4 1 4 1 1 1 1 4 1 1 3 1 1 6 1 1 |1 1 4 6 1 2 1 6 2 |1 1 1 1 5 1 |1 1 2 1 1 1 1 1 1 1 5 1 1 1 1 1 1 |6 1 1 2 1 1 3 1 1 1 1 1 1 1 |1 1 1 1 1 1 1 1 |1 1 1 6 1 1 1 |1 1 2 1 1 1 1 1 1 1 1 1 1 1 1 1 |1 1 1 1 1 1 1 1 1 1 1 1 1 1 1 |1 6 1 1 1 1 1 1 1 1 2 1 1 2 1 1 1 3 |1 1 1 1 2 1 1 1 2 1 1 3 1 1 2 1 |1 1 1 2 1 1 1 1 1 1 1 1 3 1 |6 1 1 1 1 1 2 1 1 |1 1 1 1 5 6 1 1 4 1 1 1 1 1 1 1 1 2 6 1 |1 1 1 1 1 1 1 1 2 1 1 1 1 |4 1 1 1 1 4 1 1 1 1 1 2 4 1 1 1 1 1 1 1 |1 1 1 1 2 6 |4 1 1 1 1 1 4 1 1 1 1 1 |

===============第40个最优解如下===============
最佳适宜值为：
112.63274952507294
最佳迁移代数为：
9999
最佳分配序列为：
1 1 1 1 1 1 1 1 1 1 1 1 1 6 1 5 4 1 |1 1 1 6 1 4 1 4 1 1 1 |1 1 1 1 1 4 1 5 1 1 1 1 |1 1 1 1 5 1 4 1 1 4 6 3 1 1 1 1 |1 1 1 1 1 1 1 1 3 1 |3 1 1 1 1 1 1 1 1 1 1 1 1 5 1 6 1 |1 1 1 1 1 2 2 1 2 1 1 1 3 1 1 1 4 1 |1 1 2 1 1 1 2 |1 1 1 1 1 4 1 1 1 1 4 1 1 1 1 1 3 1 |1 1 1 1 1 1 3 1 1 2 1 1 1 1 1 1 1 1 1 |1 1 1 1 1 3 |1 1 1 1 1 1 1 1 1 1 |1 1 1 5 1 3 1 1 1 1 6 1 1 3 1 1 6 1 1 |1 1 4 6 1 3 1 6 2 |1 1 1 1 4 1 |1 1 4 1 1 1 1 1 1 1 4 1 1 1 1 1 1 |6 1 1 1 1 1 2 1 1 1 1 1 1 1 |1 1 1 1 1 1 1 1 |1 1 1 4 1 1 1 |1 1 2 1 1 1 1 1 1 1 1 1 1 1 1 1 |1 1 1 1 1 1 1 1 1 1 1 1 1 1 1 |1 5 1 1 1 1 1 1 1 1 1 1 1 4 1 1 1 2 |1 1 1 1 3 1 1 1 4 1 1 3 1 1 3 1 |1 1 1 3 1 1 1 1 1 1 1 1 4 1 |4 1 1 1 1 1 2 1 1 |1 1 1 1 6 5 1 1 4 1 1 1 1 1 1 1 1 3 3 1 |1 1 1 1 1 1 1 1 1 1 1 1 1 |5 1 1 1 1 4 1 1 1 1 1 1 4 1 1 1 1 1 1 1 |1 1 1 1 2 6 |4 1 1 1 1 1 3 1 1 1 1 1 |

===============第41个最优解如下===============
最佳适宜值为：
109.98813592277715
最佳迁移代数为：
9999
最佳分配序列为：
1 1 1 1 1 2 1 1 1 1 1 1 1 5 1 5 3 1 |1 1 1 4 1 3 1 5 1 1 1 |3 1 1 1 1 2 1 4 1 1 1 1 |1 1 1 1 4 1 3 1 2 5 4 4 1 1 1 1 |1 1 1 1 1 1 1 1 3 1 |5 1 1 1 1 1 1 1 2 1 1 1 1 2 1 5 1 |1 1 1 1 1 3 2 1 1 3 1 1 1 1 1 1 1 1 |1 1 1 1 1 1 1 |2 1 1 1 2 2 1 1 1 1 2 1 1 1 1 1 1 1 |1 1 1 1 1 1 3 1 1 4 1 1 1 1 1 1 1 1 1 |1 1 1 1 1 3 |1 1 1 1 1 1 1 1 1 1 |1 1 1 4 1 3 1 1 1 1 4 1 1 3 1 1 2 1 1 |1 1 3 6 1 3 1 6 2 |1 1 1 1 5 1 |1 1 2 1 1 1 1 1 1 1 3 1 1 1 1 1 1 |6 1 1 3 1 1 3 1 1 1 1 1 1 1 |1 1 1 1 1 1 1 1 |1 1 1 4 1 1 1 |2 1 2 1 1 1 1 1 1 1 1 2 1 1 1 1 |1 1 1 1 1 1 2 1 1 1 1 1 1 1 1 |1 6 1 1 1 2 1 1 1 1 2 1 1 4 1 1 1 4 |1 1 1 1 2 1 1 1 3 1 1 5 1 1 3 1 |1 1 1 6 1 1 1 1 1 1 1 1 3 1 |6 1 1 1 1 1 3 2 1 |1 1 1 1 6 6 1 1 4 1 1 1 1 1 1 1 1 2 5 1 |1 1 1 3 1 1 1 1 1 1 1 1 1 |2 1 1 1 1 4 1 1 1 1 1 1 5 1 3 1 1 1 1 1 |1 1 1 2 1 3 |4 1 1 1 1 1 6 2 2 1 1 1 |

===============第42个最优解如下===============
最佳适宜值为：
109.52685753332882
最佳迁移代数为：
9999
最佳分配序列为：
1 1 1 1 1 1 1 1 1 1 1 1 1 4 1 5 4 1 |1 1 1 6 1 2 1 6 1 1 1 |3 1 1 1 1 2 1 5 1 1 1 1 |2 1 1 1 2 1 4 1 2 3 5 4 1 1 1 1 |1 1 1 1 1 1 1 1 2 1 |4 1 1 1 1 2 1 1 1 1 1 1 1 5 1 4 1 |1 1 2 1 1 4 2 1 1 2 1 2 3 1 1 1 2 1 |1 1 1 1 1 1 3 |1 1 2 1 1 2 1 1 1 1 3 1 1 1 1 1 2 1 |2 1 1 1 1 1 4 1 1 3 1 1 1 1 1 1 1 1 1 |1 1 1 1 1 4 |1 1 1 1 1 1 1 1 1 1 |1 3 1 4 1 6 1 1 1 1 5 1 1 1 1 1 3 1 1 |1 1 3 6 1 1 1 6 2 |1 1 1 1 2 1 |2 1 4 1 1 1 1 1 1 1 3 1 1 1 1 1 1 |5 1 1 1 1 1 3 1 1 1 1 1 1 1 |1 1 1 1 1 1 1 1 |1 1 1 5 1 1 1 |1 1 2 1 1 1 1 1 1 1 1 1 1 1 1 1 |1 1 1 1 1 1 2 1 1 1 1 1 1 1 1 |1 6 1 1 1 2 1 1 1 1 3 1 1 4 2 1 1 2 |1 1 1 3 2 1 1 1 3 1 1 4 1 1 2 1 |1 1 1 3 1 1 1 1 1 1 1 1 2 1 |4 1 1 1 1 1 2 2 1 |1 1 1 1 4 5 1 1 3 1 1 1 1 1 1 1 1 2 5 1 |1 1 1 3 2 1 1 1 2 1 1 1 1 |3 2 2 1 1 3 1 1 1 1 1 3 5 1 2 1 1 1 1 1 |1 2 1 1 3 3 |1 1 1 1 1 1 5 1 1 1 1 1 |

===============第43个最优解如下===============
最佳适宜值为：
109.30334043662202
最佳迁移代数为：
9999
最佳分配序列为：
1 1 1 1 1 1 1 1 1 1 1 1 1 4 1 6 4 1 |1 1 1 3 1 2 1 3 1 2 1 |2 1 1 1 1 3 1 5 1 1 1 1 |1 1 1 1 4 1 3 1 1 5 6 4 1 1 1 1 |1 1 2 1 1 1 1 1 3 1 |5 1 1 1 1 1 1 1 2 1 1 1 1 3 1 5 1 |1 1 3 1 1 3 2 1 1 2 1 1 2 1 1 1 4 1 |1 1 2 1 1 1 3 |2 1 1 1 1 3 1 1 1 1 4 1 1 1 1 1 2 1 |1 1 1 1 1 1 2 1 1 1 1 1 1 1 1 1 1 1 1 |1 1 1 1 1 2 |1 1 1 1 1 1 1 1 1 1 |1 1 1 3 1 2 1 1 1 1 6 1 1 2 1 1 4 1 1 |1 1 3 6 3 3 1 6 4 |2 1 1 1 4 1 |1 1 2 1 1 1 1 1 1 1 3 1 1 1 1 1 1 |5 1 1 1 1 1 2 1 1 1 1 1 1 1 |1 1 1 1 1 1 1 1 |1 1 1 4 1 1 1 |1 1 2 1 1 1 1 1 1 1 1 1 1 1 1 1 |1 1 1 1 1 1 1 1 1 2 1 1 1 1 1 |1 6 1 1 1 3 1 1 1 1 2 1 1 3 1 1 1 3 |1 1 1 1 3 1 1 1 3 1 1 4 1 1 2 2 |1 1 1 3 1 1 1 1 1 1 1 1 4 1 |4 1 1 1 1 1 3 2 1 |1 1 1 1 6 6 1 1 3 1 1 1 1 1 1 1 1 2 4 1 |1 1 1 2 1 1 1 1 1 2 1 1 1 |4 1 1 1 1 3 1 1 1 1 2 1 5 1 2 1 1 1 1 1 |1 2 1 1 3 6 |3 1 1 1 1 1 3 1 2 1 1 1 |

===============第44个最优解如下===============
最佳适宜值为：
107.6025555157342
最佳迁移代数为：
9999
最佳分配序列为：
1 1 1 1 1 1 1 1 1 1 1 1 1 6 1 5 2 1 |2 1 1 5 1 2 1 2 1 1 1 |1 1 2 1 1 2 1 3 1 2 1 1 |2 1 1 1 4 1 5 1 1 5 5 2 1 1 1 1 |1 1 2 2 1 1 1 1 3 1 |2 1 1 1 1 2 1 1 1 1 1 1 1 4 1 5 1 |1 1 1 1 1 3 3 1 1 3 1 1 3 2 1 1 3 1 |1 1 1 1 1 1 2 |2 1 1 1 2 3 1 1 1 1 2 1 1 1 1 1 2 1 |1 1 1 1 1 1 3 1 1 1 1 2 1 1 1 1 1 1 1 |1 1 1 1 1 3 |1 1 1 1 1 1 1 1 1 2 |1 1 1 4 1 5 1 1 1 1 6 1 2 4 1 1 4 1 1 |2 1 2 6 1 3 1 6 2 |2 1 1 1 3 1 |1 1 2 1 1 3 1 1 1 1 3 1 1 1 1 2 1 |3 1 1 2 1 1 2 1 1 1 1 1 1 1 |1 1 1 1 1 1 1 1 |1 1 1 4 1 1 1 |1 1 2 1 1 1 1 1 1 1 1 1 1 1 1 1 |1 1 1 1 2 1 2 1 1 1 2 1 1 1 1 |1 6 2 1 1 2 1 1 1 1 1 1 1 3 1 1 1 1 |1 1 1 1 2 1 1 1 3 1 1 4 1 1 2 2 |2 1 1 3 1 1 1 1 1 1 1 3 4 1 |6 1 1 1 1 1 2 2 1 |1 1 1 1 4 5 1 1 3 1 1 1 1 1 1 1 1 2 4 1 |2 1 1 2 1 1 1 1 1 2 1 1 1 |2 1 1 1 1 3 1 1 1 1 1 2 6 1 1 1 1 1 1 1 |1 1 1 3 3 4 |2 1 1 2 1 1 4 1 1 1 1 1 |

===============第45个最优解如下===============
最佳适宜值为：
111.5343611316614
最佳迁移代数为：
9999
最佳分配序列为：
1 1 1 1 1 1 2 1 1 1 1 1 1 4 1 6 4 1 |1 1 1 4 1 2 1 4 1 1 1 |2 1 1 1 1 2 1 6 1 1 1 1 |1 1 1 1 4 1 5 1 1 2 5 2 1 1 1 1 |1 1 1 1 1 1 1 1 3 1 |4 1 1 1 1 1 1 1 1 1 1 1 1 6 1 6 2 |1 1 2 1 1 5 3 1 2 2 1 1 4 1 1 1 2 1 |1 1 1 1 1 1 2 |2 1 1 1 2 3 1 1 1 1 2 1 1 1 1 1 1 1 |1 1 1 1 1 1 2 1 1 2 1 1 1 1 1 1 1 1 1 |1 1 1 1 1 3 |1 1 1 1 1 1 1 1 1 2 |1 3 1 3 1 4 1 1 1 1 4 1 1 3 1 1 5 1 1 |1 1 5 4 1 2 1 6 2 |1 1 1 1 4 1 |1 1 4 1 1 1 1 1 1 1 3 1 1 1 1 1 1 |6 1 1 3 1 1 4 1 1 1 1 1 1 1 |1 1 1 1 1 1 1 1 |2 1 1 5 1 1 1 |1 1 1 1 1 1 1 1 1 1 1 2 1 1 1 1 |1 1 1 1 1 1 1 1 1 1 1 1 1 1 1 |1 6 1 1 1 2 1 1 1 1 2 1 1 5 2 1 1 3 |1 1 1 1 2 1 1 1 4 1 1 2 1 1 1 2 |1 1 1 1 1 1 1 1 1 1 1 1 2 1 |5 1 1 1 1 1 1 2 1 |1 1 1 1 6 6 1 1 5 1 1 1 1 1 1 1 1 1 4 1 |1 1 1 3 1 1 1 1 1 1 1 1 1 |1 1 1 1 1 4 1 1 1 1 1 3 4 1 2 1 1 1 1 1 |1 1 1 2 2 6 |3 1 1 1 1 1 4 1 1 1 1 1 |

===============第46个最优解如下===============
最佳适宜值为：
109.01074553869405
最佳迁移代数为：
9999
最佳分配序列为：
1 1 1 1 1 1 1 1 1 1 1 1 1 3 1 6 4 1 |1 1 1 3 1 3 1 4 1 1 1 |2 1 1 1 1 2 1 2 1 1 1 1 |1 1 1 1 4 1 2 1 4 2 5 3 1 1 1 1 |1 1 2 1 1 1 1 1 2 1 |4 1 1 1 1 1 1 1 1 1 1 1 1 3 1 4 1 |1 1 1 1 1 6 1 2 2 2 1 1 3 1 1 1 4 1 |1 1 1 1 1 1 3 |5 1 1 1 1 1 1 1 1 1 3 1 1 1 1 1 3 1 |1 1 1 1 1 1 2 1 1 2 1 1 1 1 1 1 1 1 1 |1 1 1 1 1 3 |1 1 1 1 1 1 1 1 1 1 |1 2 1 5 1 4 1 1 1 1 4 1 1 3 1 1 5 1 1 |1 1 5 6 1 4 1 6 3 |1 1 1 1 5 1 |1 1 2 1 1 1 1 1 1 1 5 1 1 1 1 2 1 |6 1 1 2 1 1 2 1 1 1 1 1 1 1 |1 1 1 1 1 1 1 1 |1 1 1 3 1 1 1 |1 1 1 1 1 1 1 1 2 1 1 1 1 1 1 1 |1 1 1 1 1 1 1 1 1 1 1 1 1 1 1 |1 3 1 1 1 1 1 1 1 1 4 1 1 4 2 1 1 5 |1 1 1 1 1 1 1 1 2 1 1 4 1 1 2 3 |1 1 1 2 1 1 1 1 1 1 1 2 2 1 |6 1 1 1 1 1 2 1 1 |1 1 1 1 4 6 1 1 4 1 1 1 1 1 1 1 1 1 5 1 |1 1 1 3 1 1 1 1 2 1 1 1 1 |4 1 1 1 1 1 1 1 1 1 1 2 6 1 2 1 1 1 1 1 |1 1 1 2 3 6 |3 1 1 1 1 1 5 2 1 1 1 1 |

===============第47个最优解如下===============
最佳适宜值为：
107.97599170387593
最佳迁移代数为：
9999
最佳分配序列为：
1 1 1 1 1 2 3 1 1 1 1 1 1 5 1 4 3 1 |1 1 1 5 1 2 1 4 1 1 1 |1 1 1 1 1 3 1 3 1 1 1 1 |1 1 1 1 4 1 4 1 2 4 6 4 1 1 1 1 |1 1 2 2 1 1 1 1 5 1 |3 1 1 1 1 2 1 1 1 1 1 1 1 2 1 5 1 |1 1 2 1 1 4 3 1 3 4 1 1 2 1 1 1 3 1 |1 1 2 1 1 1 1 |1 1 1 1 2 2 1 1 1 1 2 1 1 1 1 2 2 1 |2 1 1 1 1 1 2 1 1 2 2 1 1 1 1 1 1 1 1 |1 1 1 1 1 2 |1 1 1 1 1 1 1 1 1 1 |3 1 1 3 1 4 1 1 1 1 3 1 1 2 1 2 2 1 1 |1 1 4 6 1 3 1 6 1 |1 1 2 1 3 1 |3 1 3 1 1 1 1 1 1 1 2 1 1 1 1 1 1 |5 1 1 2 1 1 1 1 1 1 1 1 1 1 |1 1 1 1 1 1 1 1 |1 1 1 3 1 1 1 |1 2 1 1 1 1 1 1 2 1 1 2 1 1 2 1 |1 1 1 1 1 1 1 1 1 2 1 1 1 1 1 |1 6 1 1 1 2 1 1 2 1 2 1 1 4 1 1 1 3 |1 1 1 1 1 1 1 2 4 1 1 3 1 1 2 2 |1 1 1 1 1 1 1 1 1 1 1 1 5 1 |5 1 1 2 1 1 1 1 1 |1 1 1 2 6 4 1 1 3 1 1 1 1 1 1 1 1 2 4 1 |1 1 1 2 1 1 1 1 2 1 1 1 1 |3 1 1 1 1 4 1 1 1 1 1 1 4 1 2 1 1 1 1 1 |1 2 1 2 6 3 |2 1 1 1 1 1 5 1 2 1 1 1 |

===============第48个最优解如下===============
最佳适宜值为：
110.49478479090561
最佳迁移代数为：
9999
最佳分配序列为：
1 1 1 1 1 1 1 1 1 1 1 1 1 5 1 6 4 1 |1 1 1 6 1 2 1 2 1 1 1 |1 1 1 1 1 2 1 5 1 1 1 1 |1 1 1 1 4 1 3 1 2 4 6 1 1 1 1 1 |1 1 3 1 1 1 1 1 3 1 |4 1 1 1 1 1 1 1 1 1 1 1 1 5 1 4 1 |1 1 1 1 1 3 3 1 2 2 1 1 3 1 1 1 3 1 |1 1 1 1 1 1 1 |3 1 1 1 1 2 1 1 1 1 4 1 1 1 1 1 2 1 |1 1 1 1 1 1 1 1 1 3 1 1 1 1 1 1 1 1 1 |1 1 1 1 1 3 |1 1 1 1 1 1 1 1 1 1 |2 1 1 3 1 3 1 1 1 1 6 1 1 2 1 1 5 1 1 |1 1 4 6 1 3 1 6 4 |2 1 1 1 4 1 |1 1 3 1 1 1 1 1 1 1 3 1 1 1 1 1 1 |6 1 1 1 1 1 3 1 1 1 1 1 1 1 |1 1 1 1 1 1 1 1 |1 1 1 6 1 1 1 |1 1 1 1 1 1 1 1 1 1 1 2 1 1 1 1 |1 1 1 1 1 1 3 1 1 3 1 1 1 1 1 |1 6 1 1 1 1 1 1 2 1 2 1 1 2 1 1 1 2 |1 1 1 1 2 1 1 1 5 1 1 3 1 1 2 2 |1 1 1 4 1 1 1 1 1 1 1 1 4 1 |6 1 1 1 1 1 4 3 1 |1 1 1 1 5 5 1 1 4 1 1 1 1 1 1 1 1 3 4 1 |1 1 1 2 1 1 1 1 2 1 1 1 1 |3 1 1 1 1 3 1 1 1 1 2 2 4 1 1 1 1 1 1 1 |1 1 1 1 1 6 |2 1 1 1 1 1 2 1 1 1 1 1 |

===============第49个最优解如下===============
最佳适宜值为：
112.75176395677335
最佳迁移代数为：
9999
最佳分配序列为：
1 1 1 1 1 1 1 1 1 1 1 1 1 5 1 6 3 1 |1 1 1 5 1 2 1 5 1 2 1 |3 1 1 1 1 1 1 4 1 1 1 1 |1 1 1 1 5 1 4 1 2 3 6 3 1 1 1 1 |1 1 1 1 1 1 1 1 3 1 |4 1 1 1 1 1 1 1 1 1 1 1 1 3 1 6 1 |1 1 1 1 1 3 1 1 2 2 1 1 3 1 1 1 4 1 |1 1 3 1 1 1 3 |3 1 1 1 1 3 1 1 1 1 2 1 1 1 1 1 2 1 |1 1 1 1 1 1 4 1 1 2 1 1 1 1 1 1 1 1 1 |1 1 1 1 1 3 |1 1 1 1 1 1 1 1 1 1 |1 1 1 5 1 5 1 1 1 1 5 1 1 1 1 1 4 1 1 |1 1 4 6 1 4 1 6 1 |1 1 1 1 4 1 |1 1 5 1 1 1 1 1 1 1 4 1 1 1 1 1 1 |5 1 1 2 1 1 2 1 1 1 1 1 1 1 |1 1 1 1 1 1 1 1 |1 1 1 6 1 1 1 |1 1 1 1 1 1 1 1 1 1 1 1 1 1 1 1 |1 1 1 1 1 1 1 1 1 1 1 1 1 1 1 |1 6 1 1 1 1 1 1 1 1 2 1 1 4 1 1 1 3 |1 1 1 1 2 1 1 1 2 1 1 4 1 1 2 1 |1 1 1 4 1 1 1 1 1 1 1 1 3 1 |6 1 1 1 1 1 2 2 1 |1 1 1 1 6 5 1 1 4 1 1 1 1 1 1 1 1 1 5 1 |1 1 1 1 1 1 1 1 1 1 1 1 1 |2 1 1 1 1 5 1 1 1 1 1 2 3 1 1 1 1 1 1 1 |1 1 1 1 4 6 |3 1 1 1 1 1 5 1 1 1 1 1 |

===============第50个最优解如下===============
最佳适宜值为：
104.48529567060864
最佳迁移代数为：
9999
最佳分配序列为：
1 2 1 1 1 1 3 1 1 1 1 1 2 1 1 5 5 1 |1 2 1 3 1 4 1 3 1 1 1 |3 1 1 1 1 2 1 3 2 1 1 2 |1 1 1 1 6 1 3 1 1 2 3 2 1 1 1 1 |1 1 3 1 1 1 1 1 3 1 |4 1 1 1 1 3 1 1 1 1 1 1 1 3 1 6 1 |1 1 1 1 1 3 2 2 1 2 1 1 4 1 1 1 2 1 |1 1 2 1 1 1 2 |3 1 1 1 1 2 1 2 1 1 3 1 1 1 1 1 2 1 |1 1 1 1 1 1 2 1 1 4 1 1 1 1 1 1 1 1 1 |1 1 1 1 1 3 |1 1 1 1 1 1 1 1 1 1 |1 2 1 6 1 4 1 1 1 1 2 2 2 3 1 1 2 1 1 |2 1 3 6 1 4 1 3 1 |1 1 2 1 2 1 |2 1 4 1 1 2 2 1 1 1 2 2 1 1 1 1 2 |4 1 1 2 1 2 2 1 1 1 2 1 1 1 |1 1 1 1 1 1 1 2 |1 1 1 6 1 1 1 |2 1 2 1 1 1 1 2 1 1 1 3 1 1 1 1 |1 1 1 1 1 2 1 1 1 1 2 1 1 1 1 |1 5 1 1 1 2 1 1 3 1 2 1 1 3 2 1 1 1 |1 1 2 2 3 1 1 1 2 1 1 4 1 1 1 2 |1 1 1 2 1 1 1 1 1 2 1 1 3 1 |5 1 1 1 1 1 1 1 1 |1 1 1 1 4 4 1 1 4 1 1 1 1 1 1 1 1 2 3 1 |1 1 1 2 1 1 1 1 2 2 1 1 1 |4 1 1 1 1 3 1 1 1 1 1 3 3 1 2 1 1 1 1 1 |1 1 2 2 1 3 |1 1 1 1 2 1 4 2 1 1 1 1 |

===============第51个最优解如下===============
最佳适宜值为：
111.04343206028341
最佳迁移代数为：
9999
最佳分配序列为：
1 1 1 1 1 1 1 1 1 1 1 1 1 5 1 5 3 1 |1 1 1 6 1 4 1 5 1 1 1 |1 1 1 1 1 1 1 5 1 1 1 1 |1 1 1 1 6 1 5 1 2 5 6 3 1 1 1 1 |1 1 1 2 1 1 1 1 2 1 |3 1 1 1 1 1 1 1 1 1 1 1 1 3 1 6 1 |1 1 1 1 1 3 1 1 2 2 1 1 3 1 1 1 1 1 |1 1 2 1 1 1 1 |1 1 1 1 2 3 1 1 1 1 2 1 1 1 1 1 3 1 |1 1 1 1 1 1 2 1 1 2 1 1 1 1 1 1 1 1 1 |1 1 1 1 1 1 |1 1 1 1 1 1 1 1 1 1 |1 2 1 5 1 2 1 1 1 2 5 1 1 2 1 1 4 1 1 |1 1 5 6 1 2 1 6 2 |1 1 1 1 4 1 |1 1 4 1 1 1 1 1 1 1 3 1 1 1 1 1 1 |3 1 1 2 1 1 2 1 1 1 1 1 1 1 |1 1 1 1 1 1 1 1 |1 1 1 6 1 1 1 |1 1 2 1 1 1 1 1 1 1 1 2 1 1 1 1 |1 1 1 1 1 1 1 1 1 3 1 1 1 1 1 |1 4 1 1 1 1 1 1 1 1 2 1 1 2 1 1 1 5 |1 1 1 2 3 1 1 1 3 1 1 6 1 1 3 1 |1 1 1 4 1 1 1 1 1 1 1 1 3 1 |6 1 1 1 1 1 2 2 1 |1 1 1 1 4 4 1 1 1 1 1 1 1 1 1 1 1 2 6 1 |1 1 1 2 1 1 1 1 2 1 1 1 1 |2 1 1 1 1 4 1 1 1 1 3 4 4 1 1 1 1 1 1 1 |1 1 1 3 2 6 |3 1 1 1 1 1 5 1 2 1 1 1 |

===============第52个最优解如下===============
最佳适宜值为：
107.00197981953232
最佳迁移代数为：
9999
最佳分配序列为：
1 1 1 1 1 1 2 1 1 1 1 1 1 4 1 6 4 1 |1 1 1 6 3 2 1 3 1 2 1 |2 1 1 1 1 1 1 4 1 1 1 1 |1 1 1 1 3 1 4 1 2 4 5 2 1 1 2 1 |1 1 2 2 1 1 1 1 4 1 |3 1 1 1 1 1 1 1 2 1 1 1 1 4 1 5 1 |1 1 2 1 1 4 1 1 3 2 1 1 3 1 1 1 2 1 |1 1 2 1 1 1 1 |2 1 1 1 1 2 1 1 1 1 3 1 1 1 1 1 2 1 |1 1 1 3 1 1 2 1 1 3 2 2 1 1 1 1 1 2 1 |1 1 1 1 1 4 |1 1 1 1 1 1 1 1 1 1 |2 2 1 5 1 4 1 1 1 2 2 1 2 2 1 1 4 1 1 |2 1 2 6 1 1 1 4 2 |2 1 1 1 2 1 |2 1 3 1 1 1 1 1 1 2 3 1 1 1 1 1 1 |5 1 1 2 1 1 1 1 1 1 1 1 1 1 |1 2 1 1 1 1 1 1 |2 1 1 4 1 1 1 |1 1 2 1 1 1 1 1 1 1 1 3 1 1 2 1 |1 1 1 1 1 1 1 1 2 1 1 1 1 1 1 |1 6 1 1 1 2 1 1 2 1 3 1 1 3 1 1 1 2 |1 1 1 2 2 1 1 1 2 1 1 4 1 2 2 1 |1 1 1 3 1 1 1 1 1 1 1 3 3 1 |6 1 1 1 1 1 3 1 1 |1 1 2 1 1 5 1 1 2 1 1 1 1 1 1 1 1 3 4 1 |1 2 1 1 1 1 1 1 1 1 1 1 1 |1 1 1 1 1 2 1 1 1 1 2 3 4 1 1 1 1 1 1 1 |1 1 1 3 3 6 |3 1 1 1 1 1 2 1 1 1 1 2 |

===============第53个最优解如下===============
最佳适宜值为：
107.64077304780892
最佳迁移代数为：
9999
最佳分配序列为：
3 1 1 1 1 1 1 1 1 1 1 1 1 3 1 4 5 1 |1 1 1 5 2 3 1 5 1 2 1 |3 1 2 1 1 4 1 5 1 1 1 1 |3 1 1 1 2 1 4 1 2 3 4 4 1 1 1 1 |1 1 1 1 1 1 1 1 4 1 |3 1 1 1 1 1 1 1 2 1 1 1 1 4 1 6 1 |1 1 2 1 1 4 2 1 2 1 1 1 2 1 1 2 2 1 |1 1 3 1 1 1 1 |1 1 1 1 1 3 1 1 1 1 4 1 1 1 1 1 1 1 |2 1 1 2 1 1 2 1 1 3 1 1 1 1 1 1 1 1 1 |1 1 1 1 1 4 |1 1 1 1 1 1 1 1 1 1 |2 1 1 5 1 2 1 1 1 1 4 1 1 2 1 1 3 1 1 |1 1 3 5 1 3 1 4 2 |1 1 1 1 3 1 |2 1 4 1 1 2 1 1 1 1 2 2 1 1 1 1 1 |3 1 1 4 1 1 2 1 1 1 1 1 1 1 |1 1 1 1 1 1 1 1 |1 1 1 3 1 1 1 |1 1 2 1 1 1 1 1 1 1 1 2 1 1 1 1 |1 2 1 1 1 1 2 1 1 1 1 1 1 1 1 |1 6 1 1 1 2 1 1 2 1 2 1 1 3 3 1 1 2 |1 1 1 1 2 1 1 1 1 1 1 3 1 1 1 1 |1 1 1 3 1 1 1 1 1 1 1 1 3 1 |6 1 1 1 1 1 1 1 1 |1 1 1 1 6 6 1 1 5 1 1 1 1 1 1 1 1 4 4 1 |1 1 1 2 2 1 1 2 3 1 1 1 1 |3 1 1 1 1 2 1 1 1 2 2 2 3 1 1 1 1 1 1 1 |1 1 1 4 1 4 |1 1 1 1 1 1 4 1 2 1 1 1 |

===============第54个最优解如下===============
最佳适宜值为：
109.07361300661927
最佳迁移代数为：
9999
最佳分配序列为：
1 1 1 1 1 1 1 1 1 1 1 1 1 6 1 5 2 1 |1 1 1 6 2 4 1 3 1 1 1 |2 1 1 1 1 3 1 5 1 1 1 1 |1 1 1 1 6 1 3 1 3 2 3 3 1 1 1 1 |1 1 1 1 1 1 1 1 4 1 |2 1 1 1 1 2 1 1 1 1 1 2 1 2 1 5 1 |1 1 1 1 1 4 4 1 1 3 1 1 2 1 1 2 4 1 |1 1 1 1 1 1 2 |2 1 1 1 1 2 1 1 1 1 2 1 1 1 1 1 1 1 |1 1 1 1 1 1 2 1 1 3 1 1 1 1 1 1 1 1 1 |1 1 1 1 1 3 |1 1 1 1 1 1 1 1 1 2 |2 1 1 5 1 4 1 1 1 1 2 1 1 3 1 1 3 1 1 |1 2 4 6 2 2 1 6 2 |1 1 1 1 4 1 |2 1 3 1 1 2 1 1 1 1 4 1 1 1 1 1 1 |6 1 1 2 1 1 2 1 1 1 1 1 1 1 |1 1 1 1 1 1 1 1 |1 1 1 4 1 1 1 |1 1 2 1 1 1 1 1 1 1 1 2 1 1 1 1 |1 1 1 1 1 1 1 1 1 2 1 1 1 1 1 |1 6 1 1 1 1 1 1 1 1 3 1 1 2 3 1 1 3 |1 1 1 2 3 1 1 1 4 1 1 2 1 1 3 2 |1 1 1 2 1 1 1 1 1 1 1 2 3 1 |6 1 1 1 1 1 3 1 1 |1 1 1 1 5 6 1 1 2 1 1 1 1 1 1 1 1 2 4 1 |2 1 1 2 1 1 1 1 2 1 1 1 1 |4 1 1 1 1 3 1 1 1 1 2 1 3 1 1 1 1 1 1 1 |1 1 1 1 3 4 |3 1 1 1 1 1 5 2 1 1 1 1 |

===============第55个最优解如下===============
最佳适宜值为：
106.58874984643951
最佳迁移代数为：
9999
最佳分配序列为：
1 1 1 1 1 1 2 1 1 1 1 1 1 4 1 5 3 1 |1 1 1 5 2 2 1 4 1 1 1 |4 1 1 1 1 2 1 3 1 1 1 1 |1 1 1 1 4 1 3 1 2 2 4 5 1 1 1 1 |1 1 1 2 1 1 1 1 2 1 |3 2 1 1 1 3 1 1 1 1 1 1 1 2 3 5 1 |1 1 1 1 1 4 1 1 1 1 1 1 2 1 1 1 2 1 |1 1 2 1 1 1 2 |3 1 1 1 2 2 1 1 1 1 3 1 1 1 1 2 3 1 |1 1 1 3 1 1 1 1 1 3 1 1 1 1 1 1 1 1 1 |1 1 1 1 1 4 |1 1 1 1 1 1 1 1 1 2 |2 3 1 4 1 3 1 1 1 1 3 1 3 3 1 1 3 1 1 |1 1 5 6 1 2 1 4 2 |2 1 2 1 5 1 |2 1 2 1 1 2 2 1 1 1 3 1 1 1 1 1 1 |6 1 1 2 1 2 2 1 1 1 1 1 1 1 |1 1 1 1 1 1 1 1 |1 1 1 4 1 1 1 |1 1 1 1 1 1 1 1 1 1 1 2 1 1 1 1 |1 1 1 1 1 1 2 1 3 2 2 1 1 1 1 |1 5 1 1 1 2 1 1 2 1 3 1 1 5 1 1 1 2 |1 1 1 1 1 1 1 2 2 1 1 3 1 1 3 2 |1 1 1 2 1 1 1 1 1 1 1 2 3 1 |6 1 1 1 1 1 2 2 1 |1 1 1 1 3 5 2 1 3 1 1 1 1 1 1 1 1 1 2 1 |1 2 1 1 1 1 1 1 2 1 1 1 1 |3 2 2 1 1 3 1 1 1 2 1 1 3 1 2 1 1 1 1 1 |1 1 1 2 2 6 |2 1 1 1 1 1 2 2 1 1 1 1 |

===============第56个最优解如下===============
最佳适宜值为：
109.31635513542756
最佳迁移代数为：
9999
最佳分配序列为：
1 1 1 1 1 1 1 1 1 1 1 1 1 4 1 6 5 1 |1 1 1 4 1 2 1 6 1 3 1 |2 1 1 1 1 3 1 6 1 1 1 1 |1 1 1 1 3 1 5 1 2 3 6 5 1 1 1 1 |1 1 1 1 1 1 1 1 3 1 |4 1 1 1 1 1 1 1 1 1 1 1 1 3 1 6 1 |1 1 2 1 1 3 1 1 1 3 1 1 2 1 1 3 1 1 |1 1 2 1 1 1 3 |2 1 1 1 3 3 1 1 1 1 4 1 1 1 1 1 1 1 |2 1 1 1 1 1 4 1 1 4 1 2 1 1 1 1 1 1 1 |1 1 1 1 1 2 |1 1 1 1 1 1 1 1 1 1 |2 1 1 6 1 2 1 1 1 1 4 1 1 3 1 1 3 1 1 |1 1 4 6 1 2 1 3 1 |1 1 1 1 4 1 |1 1 2 1 1 1 1 1 1 1 4 1 1 1 1 1 1 |5 1 1 5 1 1 3 1 1 1 1 1 1 1 |1 1 1 1 1 1 1 1 |1 1 1 6 1 1 1 |2 1 2 1 1 1 1 1 1 2 1 1 1 1 1 1 |1 1 1 1 1 1 1 1 2 1 1 1 1 1 1 |1 6 1 1 1 2 1 1 1 1 1 1 1 2 1 1 1 1 |1 1 1 2 2 1 1 1 3 1 1 2 1 1 3 1 |1 1 1 4 1 1 1 1 1 1 1 2 4 1 |4 1 1 1 1 1 1 2 1 |1 1 1 1 3 4 1 1 4 1 1 1 1 1 1 1 1 1 4 1 |1 1 1 3 1 1 1 1 2 1 1 1 1 |3 1 1 1 1 5 1 1 1 1 1 1 3 1 1 1 1 1 1 1 |1 3 1 1 2 3 |2 1 1 1 1 1 6 2 1 1 1 1 |

===============第57个最优解如下===============
最佳适宜值为：
112.78233622781836
最佳迁移代数为：
9999
最佳分配序列为：
1 1 1 1 1 1 1 1 1 1 1 1 1 5 1 6 5 1 |1 1 1 4 1 3 1 4 1 1 1 |1 1 1 1 1 2 1 5 1 1 1 1 |1 1 1 1 4 1 3 1 1 2 6 3 1 1 1 1 |1 1 1 1 1 1 1 1 3 1 |4 1 1 1 1 1 1 1 1 1 1 1 1 4 1 6 1 |1 1 1 1 1 5 1 1 2 2 1 1 3 1 1 1 4 1 |1 1 3 1 1 1 2 |1 1 1 1 1 2 1 1 1 1 3 1 1 1 1 1 1 1 |1 1 1 1 1 1 3 1 1 4 1 1 1 1 1 1 1 1 1 |1 1 1 1 1 4 |1 1 1 1 1 1 1 1 1 1 |1 1 1 6 1 5 1 1 1 1 3 1 1 1 1 1 5 1 1 |1 1 5 6 1 2 1 6 1 |2 1 1 1 3 1 |1 1 5 1 1 1 1 1 1 1 3 1 1 1 1 1 1 |4 1 1 1 1 1 3 1 1 1 1 1 1 1 |1 1 1 1 1 1 1 1 |1 1 1 4 1 1 1 |1 1 2 1 1 1 1 1 1 1 1 1 1 1 1 1 |1 1 1 1 1 1 1 1 1 1 1 1 1 1 1 |1 6 1 1 1 2 1 1 1 1 1 1 1 6 1 1 1 3 |1 1 1 3 5 1 1 1 3 1 1 3 1 1 3 1 |1 1 1 4 1 1 1 1 1 1 1 1 2 1 |6 1 1 1 1 1 2 1 1 |1 1 1 1 6 5 1 1 3 1 1 1 1 1 1 1 1 1 4 1 |1 1 1 1 1 1 1 1 3 1 1 1 1 |2 1 1 1 1 4 1 1 1 1 1 3 4 1 1 1 1 1 1 1 |1 1 1 2 1 6 |4 1 1 1 1 1 6 1 1 1 1 1 |

===============第58个最优解如下===============
最佳适宜值为：
107.4385302865289
最佳迁移代数为：
9999
最佳分配序列为：
1 1 1 1 1 2 2 1 1 1 1 1 1 5 1 6 3 1 |1 1 1 4 1 3 1 2 1 1 1 |4 1 1 1 2 1 1 5 1 1 1 1 |2 1 1 1 5 1 3 1 1 1 4 3 1 1 1 1 |1 1 1 1 1 1 2 1 3 1 |3 1 1 1 2 3 1 1 2 1 1 1 1 3 1 6 1 |1 1 1 3 1 5 1 2 1 3 1 1 2 1 1 2 1 1 |1 1 3 1 2 1 2 |2 1 1 1 2 2 1 1 1 1 1 1 1 1 1 1 3 1 |2 1 1 3 1 1 3 1 1 2 2 1 1 1 1 1 1 1 1 |1 1 1 1 1 1 |1 1 1 1 1 1 1 1 1 1 |2 2 1 2 1 3 1 1 1 1 3 1 1 2 1 1 3 1 1 |1 1 3 6 1 1 1 6 2 |2 1 1 1 4 1 |2 1 6 1 1 1 1 1 1 1 5 1 1 1 1 1 1 |5 1 1 2 1 1 3 1 1 1 1 1 1 1 |1 1 1 1 2 1 1 1 |1 1 1 5 1 1 1 |2 1 2 1 1 1 1 1 1 1 1 1 1 1 1 1 |1 2 1 1 1 1 1 1 1 2 1 1 1 1 1 |1 4 1 1 1 2 1 1 1 1 2 1 1 2 1 1 1 4 |1 1 1 1 2 1 1 1 2 1 1 2 1 1 2 2 |1 1 1 2 1 1 1 1 1 1 1 2 2 1 |4 1 1 1 1 1 3 1 1 |1 1 1 1 5 6 1 1 4 1 1 1 1 1 1 1 1 2 5 1 |1 1 1 2 1 1 1 1 2 3 1 1 1 |5 1 1 1 1 3 1 1 1 2 1 3 4 1 1 1 1 1 1 1 |1 1 1 1 2 6 |2 1 1 1 1 1 3 1 1 1 1 1 |

===============第59个最优解如下===============
最佳适宜值为：
109.31665886948426
最佳迁移代数为：
9999
最佳分配序列为：
1 1 1 1 1 1 1 1 1 1 1 1 1 5 1 6 4 1 |1 1 1 6 1 2 1 3 1 2 1 |1 2 1 1 1 4 1 6 1 1 1 1 |1 1 1 1 4 1 2 1 1 3 5 1 1 1 1 1 |1 1 1 1 1 1 1 1 2 1 |3 1 1 1 1 1 1 1 3 1 1 1 1 3 1 4 1 |1 1 1 1 1 4 1 2 1 3 1 1 2 1 1 1 1 1 |1 1 4 1 1 1 2 |2 1 1 1 3 2 1 1 1 1 4 1 1 1 1 1 2 1 |2 1 1 1 1 1 3 1 1 2 1 1 1 1 1 1 1 1 1 |1 1 1 1 1 4 |1 1 1 1 1 1 1 1 1 1 |1 2 1 5 1 2 1 1 1 1 4 1 1 3 1 1 2 1 1 |1 1 4 6 1 2 1 4 2 |1 1 1 1 4 1 |2 1 3 1 1 1 1 1 1 1 2 1 1 1 1 1 1 |6 1 1 3 1 1 3 1 1 1 1 1 1 1 |1 1 1 1 1 1 1 1 |1 1 1 4 1 1 1 |2 1 1 1 1 1 1 1 1 1 1 1 1 1 1 1 |1 1 1 1 1 1 2 1 1 2 1 1 1 1 1 |1 5 1 1 1 3 1 1 1 1 4 1 1 2 2 1 1 5 |1 1 1 3 2 1 1 1 3 1 1 3 1 1 2 2 |1 1 1 3 1 1 1 1 1 1 1 2 1 1 |5 1 1 1 1 1 2 3 1 |1 1 1 1 5 4 1 1 6 1 1 1 1 1 1 1 1 1 3 1 |1 1 1 1 1 1 1 1 2 1 1 1 1 |4 1 2 1 1 4 1 1 1 1 1 2 5 1 2 1 1 1 1 1 |1 1 1 1 3 5 |4 1 1 1 1 1 4 2 2 1 1 1 |

===============第60个最优解如下===============
最佳适宜值为：
110.95031490367982
最佳迁移代数为：
9999
最佳分配序列为：
1 1 1 1 1 1 1 1 1 1 1 1 1 6 1 6 3 1 |1 1 1 4 1 1 1 3 1 1 1 |2 1 1 1 1 1 1 3 1 1 1 1 |1 1 1 1 5 1 2 1 2 3 5 3 1 1 1 1 |1 1 1 1 1 1 1 1 4 1 |4 1 1 1 1 1 1 1 1 1 1 1 1 3 1 6 1 |1 1 1 1 1 4 1 1 2 1 1 1 2 1 1 1 2 1 |1 1 2 1 1 1 2 |1 1 1 1 1 2 1 1 1 1 3 1 1 1 1 1 3 1 |1 1 1 1 1 1 2 1 1 3 1 1 1 1 1 1 1 1 1 |1 1 1 1 1 3 |1 1 1 1 1 1 1 1 1 1 |1 1 1 3 1 3 1 1 1 1 6 1 1 3 1 1 5 1 1 |1 1 6 6 1 2 1 6 2 |1 1 1 1 1 1 |1 1 5 1 1 1 1 1 1 1 4 1 1 1 1 1 1 |5 1 1 2 1 1 3 1 1 1 1 1 1 1 |1 1 1 1 1 1 1 1 |1 1 1 3 1 1 1 |2 1 1 1 1 1 1 1 1 1 1 1 1 1 1 1 |1 1 1 1 1 1 1 1 1 3 1 1 1 1 1 |1 6 1 1 1 4 1 1 3 1 3 1 1 4 1 1 1 4 |1 1 1 3 2 1 1 1 3 1 1 5 1 1 1 1 |1 1 1 5 1 1 1 1 1 1 1 1 3 1 |5 1 1 1 1 1 2 2 1 |1 1 1 1 5 4 1 1 4 1 1 1 1 1 1 1 1 3 4 1 |1 1 1 1 1 1 1 1 2 1 1 1 1 |3 1 1 1 1 5 1 1 1 1 2 3 5 1 3 1 1 1 1 1 |1 1 1 2 2 6 |3 1 1 1 1 1 5 1 1 1 1 1 |

最大适应度：113.15403247526172
最小适应度：104.48529567060864
平均适应度：110.3008711634497
估计标准差值：2.0633059380872556
最佳分配：
1 1 1 1 1 1 1 1 1 1 1 1 1 6 1 6 3 1 |1 1 1 6 1 3 1 4 1 1 1 |1 1 1 1 1 3 1 6 1 1 1 1 |1 1 1 1 6 1 5 1 2 4 6 3 1 1 1 1 |1 1 1 1 1 1 1 1 3 1 |4 1 1 1 1 1 1 1 1 1 1 1 1 5 1 6 1 |1 1 1 1 1 4 1 1 1 2 1 1 2 1 1 1 1 1 |1 1 1 1 1 1 1 |1 1 1 1 1 1 1 1 1 1 3 1 1 1 1 1 1 1 |1 1 1 1 1 1 2 1 1 2 1 1 1 1 1 1 1 1 1 |1 1 1 1 1 3 |1 1 1 1 1 1 1 1 1 1 |1 1 1 4 1 3 1 1 1 1 6 1 1 2 1 1 3 1 1 |1 1 6 6 1 2 1 6 1 |1 1 1 1 6 1 |1 1 5 1 1 1 1 1 1 1 5 1 1 1 1 1 1 |6 1 1 1 1 1 3 1 1 1 1 1 1 1 |1 1 1 1 1 1 1 1 |1 1 1 6 1 1 1 |1 1 1 1 1 1 1 1 1 1 1 1 1 1 1 1 |1 1 1 1 1 1 1 1 1 1 1 1 1 1 1 |1 6 1 1 1 1 1 1 1 1 2 1 1 3 1 1 1 3 |1 1 1 1 2 1 1 1 3 1 1 6 1 1 3 1 |1 1 1 2 1 1 1 1 1 1 1 1 3 1 |6 1 1 1 1 1 1 1 1 |1 1 1 1 6 6 1 1 4 1 1 1 1 1 1 1 1 2 6 1 |1 1 1 1 1 1 1 1 1 1 1 1 1 |3 1 1 1 1 4 1 1 1 1 1 3 4 1 1 1 1 1 1 1 |1 1 1 1 2 6 |4 1 1 1 1 1 6 1 1 1 1 1 |
BBO算法运行求解巡逻调度问题耗时：9小时，46分钟，19秒
