第1个BestWave: 
4 1 2 1 4 2 1 3 2 1 1 1 1 3 1 |3 2 1 1 1 2 1 2 2 6 2 2 5 1 3 3 1 2 4 1 |1 1 1 1 3 1 1 1 |1 1 1 1 1 1 1 |1 1 1 1 1 2 2 1 1 1 1 3 1 1 2 1 |1 2 1 1 1 1 1 1 1 3 1 2 2 1 |2 1 1 5 2 2 1 2 2 4 4 1 1 1 1 1 |1 1 1 1 1 |1 2 1 1 1 1 1 |1 1 1 1 1 1 2 1 1 1 1 2 1 1 6 |1 2 2 2 1 1 2 1 2 2 2 1 1 3 1 |1 1 1 1 2 1 1 1 1 1 |1 1 1 1 1 |1 1 2 1 1 1 1 1 1 2 1 1 |3 2 4 1 1 2 1 1 1 3 2 2 1 1 3 1 |2 1 1 1 1 1 1 1 |1 1 2 6 1 1 2 2 1 2 1 4 3 2 1 2 1 |1 1 1 1 1 1 1 |1 2 1 1 2 1 1 1 1 4 1 1 1 |1 5 5 2 1 2 2 2 1 4 1 4 1 1 3 1 1 1 1 1 |2 1 2 1 2 1 1 2 3 1 2 1 1 1 1 3 |1 1 1 1 2 1 2 1 1 2 3 1 1 1 |1 1 1 1 1 2 1 1 1 |1 3 1 1 1 1 2 1 1 3 1 1 |1 1 1 3 2 1 1 2 4 2 2 1 2 2 |1 1 1 1 2 1 1 1 1 2 1 1 |1 1 2 1 1 1 1 2 2 3 2 1 1 1 |1 1 1 1 1 1 2 1 1 |1 1 1 1 2 2 1 2 1 1 1 2 1 |3 1 1 1 1 1 2 3 1 1 1 1 1 1 1 1 1 |4 6 1 1 2 2 1 3 1 1 1 3 2 1 2 |1 1 1 1 1 3 2 1 1 |1 6 1 2 1 1 1 1 1 1 1 1 |1 1 1 1 1 1 1 1 1 5 1 1 |4 1 1 1 2 1 1 2 1 3 2 1 4 1 1 2 3 |1 1 1 1 1 1 |1 3 1 1 2 1 2 2 2 3 1 1 1 1 |1 2 1 1 1 1 1 |1 1 1 1 1 |2 1 6 1 2 1 2 1 1 1 1 1 |1 1 2 2 1 1 3 1 1 3 3 1 2 1 2 1 2 1 2 |3 1 1 1 2 1 1 1 1 1 1 4 1 1 1 |1 2 1 1 2 1 2 |1 1 1 1 1 |2 2 1 1 1 1 1 2 3 1 2 1 1 2 3 |2 1 1 2 2 1 2 1 1 |2 2 1 1 4 2 1 3 1 2 2 1 1 6 1 3 2 2 |1 1 1 2 2 1 1 1 |1 1 3 5 3 2 2 3 6 1 1 3 1 3 2 3 3 1 3 |1 5 5 1 1 2 1 3 2 1 1 2 3 3 1 2 1 1 1 |1 2 1 1 1 1 1 1 2 1 1 1 1 |2 1 2 1 2 1 2 1 2 1 3 1 2 1 1 1 |1 1 1 2 1 1 2 |1 2 4 1 1 1 3 4 3 1 1 3 5 3 3 4 3 1 |1 1 5 1 2 3 5 1 2 5 6 1 5 1 1 5 1 2 6 |1 1 1 2 1 2 2 1 4 1 1 1 1 1 1 1 |1 1 2 1 1 1 2 1 1 2 2 2 1 |1 1 1 1 1 |1 1 4 2 3 2 2 2 1 2 1 3 2 3 1 1 |1 1 1 2 1 1 1 1 |realPatrol = 1200|fitness = 865.024048864404

第2个BestWave: 
1 1 2 2 1 1 1 1 1 2 1 1 1 3 1 |3 2 1 1 2 2 3 1 5 6 1 1 2 1 1 4 1 1 2 1 |2 1 1 1 1 2 1 1 |1 1 1 1 2 1 2 |3 2 1 2 5 1 1 3 1 1 1 3 1 1 1 1 |2 1 1 2 1 1 1 2 1 3 1 3 4 1 |3 1 1 1 2 1 1 2 1 2 1 1 1 1 1 1 |4 1 1 1 1 |1 1 1 1 1 1 1 |5 1 1 1 2 3 2 1 1 2 1 1 1 5 1 |1 1 1 3 3 1 1 1 1 1 1 2 4 1 3 |1 1 1 1 1 1 1 1 2 1 |1 1 1 1 1 |1 1 1 1 1 1 3 1 1 1 1 1 |2 1 1 2 3 1 1 1 1 2 1 4 1 2 2 3 |1 1 1 1 2 1 1 1 |3 1 2 1 2 1 1 1 6 2 3 1 2 2 2 1 2 |1 1 1 1 1 2 1 |3 1 2 1 3 1 1 2 2 2 1 1 1 |2 3 1 4 4 1 3 1 2 3 3 2 2 1 1 2 2 1 1 2 |2 1 1 1 1 1 4 3 1 1 1 1 1 2 2 2 |1 1 3 1 1 2 2 2 4 1 4 1 1 1 |2 2 1 1 3 1 3 1 1 |1 1 2 1 1 2 1 1 1 1 1 2 |1 1 1 3 1 1 1 1 3 1 1 2 3 2 |1 1 2 2 1 1 1 1 1 1 1 1 |2 2 3 1 1 2 1 1 1 1 1 1 3 1 |1 1 2 1 1 1 1 1 2 |1 1 1 1 1 1 1 1 1 2 2 1 1 |3 1 1 1 1 1 1 5 1 2 2 2 1 3 1 1 2 |6 3 1 2 2 1 1 1 1 1 1 1 1 1 1 |1 1 1 1 1 1 1 1 1 |3 3 2 1 1 1 2 1 1 2 1 1 |1 1 1 1 1 2 1 2 1 2 2 1 |1 2 3 2 1 2 1 1 5 1 1 1 2 3 3 3 2 |1 1 1 1 1 1 |1 1 1 1 1 1 1 1 1 1 1 1 1 1 |1 1 1 1 1 1 1 |1 1 1 1 1 |4 2 2 1 1 1 1 2 2 1 1 3 |1 1 1 2 1 1 4 2 2 2 2 1 3 1 3 2 1 1 2 |1 2 4 1 2 1 1 1 1 1 1 3 1 1 1 |1 1 1 1 1 1 1 |1 1 1 1 1 |1 1 1 1 1 1 1 1 1 1 1 2 2 2 1 |1 1 1 1 1 1 1 2 1 |1 6 2 3 6 3 2 1 1 1 2 3 2 5 2 2 1 2 |1 1 1 1 1 2 2 1 |1 1 1 2 3 3 3 4 3 2 1 4 4 3 1 2 4 3 2 |1 1 1 1 3 1 2 2 1 1 1 1 1 4 3 1 1 2 3 |2 3 1 5 1 1 1 1 2 2 2 1 1 |1 1 3 1 3 1 1 1 1 2 1 1 2 1 3 6 |1 1 1 1 1 1 1 |2 1 1 1 2 3 5 2 2 1 1 4 5 1 5 3 1 2 |1 3 1 1 2 2 3 1 3 5 3 1 5 1 2 4 1 1 5 |1 2 1 1 1 1 1 1 3 1 1 1 1 2 1 2 |1 1 1 1 1 1 2 1 1 2 1 1 1 |1 1 1 1 1 |1 3 3 2 2 6 1 1 3 1 3 6 2 2 1 1 |1 1 2 1 1 1 1 1 |realPatrol = 1200|fitness = 856.152351156813

第3个BestWave: 
2 3 2 2 1 2 3 1 1 1 1 1 1 2 3 |5 2 1 2 1 2 1 1 1 4 2 2 3 1 2 3 3 3 1 2 |2 1 1 1 1 1 1 1 |2 1 1 1 1 1 1 |2 1 3 1 1 2 3 5 1 1 2 3 1 1 1 3 |2 1 2 3 1 1 1 1 1 2 1 2 5 1 |3 4 1 1 2 2 1 1 3 3 1 1 1 1 1 1 |3 1 1 1 1 |1 1 1 1 1 1 1 |1 1 4 3 1 1 1 2 4 1 1 2 1 1 4 |1 1 1 1 1 2 1 1 1 1 1 1 6 2 1 |1 1 1 1 1 1 1 1 1 1 |1 1 1 1 1 |1 2 1 1 1 1 1 3 1 2 1 1 |1 3 1 1 4 1 1 2 1 1 2 2 1 2 1 1 |1 1 1 2 1 2 1 2 |2 1 1 1 2 1 1 3 2 3 2 1 2 3 1 2 1 |2 1 1 1 1 1 2 |2 2 1 1 2 1 1 3 1 1 1 1 1 |1 1 1 4 2 1 3 2 1 3 5 4 2 1 4 3 1 4 1 1 |1 1 2 2 1 1 2 1 1 1 1 1 2 3 1 2 |1 1 1 3 2 1 1 1 1 2 2 1 1 1 |1 1 1 1 2 1 1 1 1 |1 2 2 1 2 1 2 2 2 1 2 2 |1 1 1 1 1 1 1 1 1 5 2 1 4 3 |1 1 1 1 2 1 1 1 1 2 1 1 |2 1 1 1 1 1 1 1 1 1 1 1 1 2 |1 1 1 1 1 1 1 1 2 |1 3 1 1 2 1 1 1 1 2 1 2 2 |1 1 1 5 1 2 3 1 1 1 1 1 1 1 2 1 2 |1 4 1 1 1 2 1 4 2 1 1 1 1 1 1 |1 1 2 1 1 1 1 1 1 |1 1 1 1 1 1 1 1 1 1 1 2 |1 2 1 1 1 1 1 1 1 2 1 1 |2 2 2 2 1 3 1 2 1 2 1 1 3 1 2 1 1 |1 1 1 1 1 1 |1 6 1 4 1 1 1 1 1 2 1 1 1 5 |2 1 1 1 1 1 1 |1 1 1 1 1 |2 1 1 2 1 1 1 2 1 1 1 3 |2 4 1 2 1 4 3 1 1 1 3 2 2 3 6 3 5 2 6 |2 1 3 1 2 3 1 1 4 1 2 4 1 1 1 |1 1 1 1 1 1 1 |1 1 1 1 1 |4 2 1 1 3 1 2 1 3 3 1 1 1 2 1 |1 1 1 1 1 1 1 1 1 |1 1 1 3 5 2 6 1 1 2 1 1 1 5 1 3 1 1 |1 1 1 1 1 1 1 1 |1 1 2 1 2 1 3 1 1 1 3 2 3 1 1 2 1 2 2 |1 4 6 3 1 2 1 2 4 1 2 1 3 5 1 1 1 2 1 |1 2 1 2 2 2 1 1 1 1 1 1 1 |1 1 1 2 1 1 3 1 1 3 2 1 2 1 1 3 |2 1 1 1 1 1 1 |2 1 3 2 1 1 3 2 2 2 3 5 3 1 1 3 1 5 |4 3 2 1 2 3 2 3 3 6 4 1 2 4 1 2 2 3 6 |3 2 2 1 1 1 1 1 1 1 1 2 1 2 1 1 |2 1 1 1 1 1 1 2 1 3 1 1 1 |1 1 1 1 1 |2 1 2 1 1 3 1 3 1 2 1 3 1 1 2 1 |1 1 1 1 1 1 1 1 |realPatrol = 1200|fitness = 859.2201096187423

第4个BestWave: 
1 2 2 4 2 1 1 1 1 1 1 1 1 1 1 |1 1 2 1 1 2 3 1 6 2 1 2 4 1 1 2 1 3 1 1 |4 1 1 1 1 1 1 1 |1 1 1 1 1 1 1 |4 1 1 1 1 1 5 1 3 1 1 3 1 1 2 4 |1 1 1 1 1 1 2 1 1 1 2 1 1 2 |3 1 1 2 1 1 1 1 1 3 1 1 1 1 3 4 |1 1 1 1 1 |1 1 2 1 1 1 1 |3 1 2 1 1 3 1 1 1 3 1 1 2 1 1 |1 2 1 1 1 1 3 1 1 2 1 1 1 1 2 |1 1 2 1 1 2 1 1 1 1 |1 1 1 1 1 |1 1 3 1 1 1 1 2 1 1 2 1 |4 2 1 1 1 1 1 1 1 1 1 4 1 2 4 2 |1 1 1 2 1 1 1 1 |1 2 1 1 1 3 1 2 2 1 2 1 1 1 1 1 1 |1 1 1 1 1 1 1 |1 2 1 1 2 1 1 1 1 1 2 1 1 |1 5 1 4 1 5 4 1 4 4 5 2 1 3 3 5 2 1 1 2 |2 1 1 1 1 1 2 1 2 2 1 2 3 1 1 1 |1 2 1 1 1 1 1 3 2 1 1 2 1 1 |1 1 1 1 1 1 1 1 1 |2 1 2 3 1 1 2 2 2 1 1 1 |2 1 1 1 1 1 4 2 1 2 1 1 1 3 |2 1 1 1 2 1 1 1 1 2 1 1 |2 1 1 3 3 1 1 1 1 2 1 1 1 1 |1 1 3 1 1 1 1 1 1 |2 1 1 1 2 2 1 1 1 1 1 1 1 |1 1 1 1 1 1 1 3 1 1 1 4 1 2 1 1 1 |2 5 1 1 2 1 1 1 1 3 1 2 4 1 1 |1 1 1 1 1 2 1 1 1 |1 1 1 1 1 1 1 2 1 1 3 1 |2 2 4 1 1 1 4 1 1 1 3 1 |1 4 2 2 2 1 1 2 1 2 1 4 1 1 1 4 2 |2 2 1 1 1 1 |1 3 1 1 1 1 1 1 1 2 2 1 1 2 |1 1 1 1 1 1 1 |1 1 1 1 1 |2 2 3 3 1 1 1 1 3 1 1 1 |3 2 2 1 3 2 1 2 2 1 1 1 2 2 5 1 4 2 2 |6 2 1 1 1 1 1 2 1 1 1 5 2 1 1 |1 1 1 1 2 2 1 |1 1 1 1 1 |6 1 4 2 1 1 3 1 1 1 1 1 1 3 1 |1 1 1 1 1 1 1 1 1 |2 5 3 1 4 1 2 2 2 3 2 2 2 1 1 4 1 2 |2 1 1 1 1 1 1 2 |4 1 1 1 4 1 2 3 3 2 2 1 2 3 1 3 2 1 1 |1 2 2 5 1 1 1 1 1 2 1 1 2 4 5 3 1 2 1 |1 2 2 1 2 1 1 1 4 2 1 2 2 |1 1 3 1 1 1 1 1 2 3 4 1 2 2 6 1 |1 1 1 1 1 1 1 |1 1 1 4 1 1 3 3 2 2 2 6 6 4 3 2 1 3 |3 1 1 1 2 1 1 2 2 5 4 3 6 3 1 5 1 5 5 |1 2 1 1 3 1 2 2 2 1 2 1 1 2 1 1 |1 2 1 1 1 2 1 3 1 1 1 2 2 |1 1 1 1 1 |1 3 1 3 1 1 3 1 1 1 1 3 1 2 1 1 |1 1 1 1 1 1 1 1 |realPatrol = 1200|fitness = 861.3098984054361

第5个BestWave: 
1 1 1 2 5 2 2 2 2 2 2 1 1 2 2 |2 4 1 3 5 1 3 2 2 5 6 2 4 1 3 3 1 2 5 3 |1 1 3 1 1 1 1 2 |1 1 1 1 1 1 1 |2 2 2 1 1 1 5 4 5 1 3 1 1 1 1 1 |3 1 1 1 2 2 1 2 1 1 1 1 4 1 |2 2 1 3 1 4 1 1 1 5 2 1 1 1 3 6 |2 1 1 1 1 |1 1 1 1 1 1 1 |3 1 2 3 1 1 2 1 5 1 1 1 2 1 4 |1 1 1 1 1 2 1 1 4 1 2 2 4 1 1 |2 1 1 3 2 1 1 1 1 1 |1 1 1 1 1 |1 2 2 1 1 1 2 2 1 2 1 1 |1 3 1 1 1 1 1 3 2 1 3 3 1 1 1 1 |1 1 1 1 1 1 1 2 |1 1 1 2 1 1 2 1 2 1 2 3 1 1 2 1 1 |1 1 1 1 1 1 1 |2 2 1 1 3 1 1 1 1 4 1 1 2 |1 1 1 1 2 2 5 1 4 4 1 3 3 2 2 1 2 2 1 2 |2 6 1 2 2 1 1 1 1 1 1 1 2 1 1 3 |1 1 2 1 1 1 1 1 1 2 1 2 1 1 |1 1 1 1 1 1 2 2 1 |2 1 1 1 1 1 1 1 4 2 2 1 |3 1 1 1 1 1 2 1 1 2 3 1 3 4 |1 1 1 1 2 1 1 2 2 2 1 1 |2 1 1 1 1 3 2 1 1 1 1 1 1 1 |1 1 1 1 1 1 1 1 1 |1 1 1 2 1 2 1 1 3 1 1 1 1 |2 3 1 1 1 1 1 1 1 2 1 1 1 6 4 1 1 |1 5 1 1 3 1 2 2 1 1 2 1 1 2 1 |1 1 1 2 1 1 1 1 1 |1 1 1 1 1 2 1 1 1 1 1 1 |1 2 1 1 1 1 1 2 1 2 2 1 |1 3 2 2 1 2 1 2 1 1 2 2 3 1 3 3 4 |1 1 2 1 1 1 |2 5 1 1 1 1 1 1 1 2 1 1 1 1 |1 1 1 1 1 1 1 |2 1 1 1 1 |1 1 2 2 1 1 1 2 2 1 1 1 |3 2 2 2 2 2 3 2 1 1 1 2 1 1 4 1 5 3 6 |2 2 1 1 2 1 1 3 4 2 1 2 1 2 1 |1 1 1 1 1 2 1 |2 1 1 1 2 |2 4 1 1 2 1 1 1 5 1 2 1 2 1 1 |1 1 1 1 1 1 1 1 1 |3 1 1 1 1 1 1 1 1 1 1 2 1 3 2 5 4 2 |1 1 1 1 2 1 1 1 |3 1 1 2 3 1 1 1 1 1 3 1 1 1 1 1 2 1 1 |1 2 3 1 1 2 1 1 4 2 4 1 2 1 4 2 1 1 1 |1 1 2 2 1 2 2 1 1 1 1 2 1 |1 3 2 1 1 1 2 2 1 6 1 1 1 2 2 2 |1 1 1 1 1 1 1 |1 2 2 1 1 1 1 6 1 1 1 1 4 3 1 1 1 2 |2 2 3 1 1 2 3 2 2 6 1 2 2 1 2 5 1 1 3 |1 1 2 1 1 1 1 1 2 2 4 2 1 1 3 3 |1 3 2 3 1 1 1 2 1 1 3 1 1 |1 1 1 1 1 |3 2 1 2 1 3 1 2 2 1 2 1 1 1 2 1 |1 1 1 1 1 1 1 1 |realPatrol = 1200|fitness = 862.0424528235357

第6个BestWave: 
2 2 1 2 1 1 1 3 1 1 2 2 2 1 2 |2 1 2 3 2 1 1 1 4 6 5 2 3 1 5 1 2 1 2 1 |1 1 1 1 1 1 2 1 |1 1 1 1 1 1 1 |2 1 1 3 1 1 3 6 3 1 2 2 1 1 2 3 |3 1 2 1 1 3 1 2 1 2 1 2 1 3 |1 1 2 2 1 3 1 2 1 6 1 1 2 1 1 3 |1 1 1 1 1 |1 1 1 1 2 1 1 |1 1 3 1 2 1 2 2 3 1 1 1 2 1 1 |1 1 2 3 1 2 1 2 1 1 4 2 1 1 1 |1 1 1 1 1 2 1 1 2 2 |1 1 1 1 1 |3 1 1 1 1 1 2 1 1 1 1 1 |4 3 1 3 1 2 1 1 1 1 3 1 1 1 1 1 |1 1 1 1 1 1 1 1 |1 2 1 1 1 2 1 4 2 3 5 1 1 1 1 1 3 |1 1 1 1 1 1 1 |1 2 1 3 3 3 1 1 3 3 1 1 2 |3 6 1 1 2 1 2 1 1 3 2 1 1 1 2 4 5 3 2 2 |1 1 1 3 1 1 1 3 2 1 2 1 4 1 2 1 |1 2 1 4 1 2 1 2 1 1 2 1 3 1 |1 1 1 2 1 1 1 1 1 |2 1 1 1 3 2 1 1 1 1 3 2 |1 1 1 2 1 1 1 1 2 3 1 2 1 1 |3 1 1 1 2 2 1 1 1 1 2 2 |2 1 1 2 2 3 1 1 2 1 1 1 1 1 |1 3 1 1 1 1 1 1 1 |2 1 1 1 1 1 1 1 1 1 1 1 1 |1 2 3 1 1 1 3 4 1 1 1 1 1 2 1 1 2 |2 1 1 1 1 1 2 2 2 1 1 1 2 1 1 |1 1 2 2 1 1 1 3 1 |1 1 1 1 3 1 1 1 3 1 1 1 |1 1 1 2 1 1 1 2 1 2 1 1 |2 3 3 1 1 1 2 3 4 1 2 3 2 1 2 2 1 |1 1 1 1 2 1 |1 2 2 3 1 1 1 3 1 1 3 1 1 1 |1 1 2 1 1 1 1 |1 1 1 1 1 |2 1 4 1 1 1 1 1 3 1 1 3 |1 2 1 1 1 1 2 1 1 2 1 2 4 3 4 1 1 2 4 |1 1 1 1 1 2 1 2 2 1 2 3 3 1 1 |1 1 1 1 1 1 1 |1 1 1 1 1 |2 2 1 1 2 1 2 1 3 1 2 1 1 1 3 |1 1 1 1 3 1 1 1 1 |2 1 1 3 2 2 1 1 1 1 2 1 1 5 2 1 1 2 |1 1 1 1 1 1 1 1 |1 1 1 1 3 1 5 3 3 2 2 2 2 1 1 5 1 1 2 |4 1 2 1 1 1 1 3 4 1 1 1 2 2 1 1 1 2 1 |2 5 1 5 1 1 3 1 2 1 1 1 1 |3 1 1 1 1 1 1 1 1 2 2 3 1 1 1 1 |1 1 1 1 1 1 1 |1 1 2 2 2 2 5 2 2 1 2 2 2 2 4 3 1 3 |1 2 1 1 1 4 3 4 4 4 5 1 6 3 2 6 1 1 4 |2 1 2 1 1 1 1 1 1 1 1 1 3 3 2 1 |1 1 1 2 1 2 2 1 2 1 2 1 1 |1 1 1 1 1 |3 2 1 2 1 2 1 2 5 1 1 6 2 1 1 1 |1 1 2 2 1 1 1 1 |realPatrol = 1200|fitness = 861.1275534420483

第7个BestWave: 
1 3 1 3 2 1 1 2 2 4 1 2 2 1 2 |1 3 2 3 3 1 4 3 5 1 1 1 6 1 2 2 4 1 1 1 |2 1 1 1 1 1 1 1 |1 1 3 3 1 1 1 |3 1 1 1 4 1 3 5 2 1 1 1 4 2 2 3 |6 2 1 1 1 2 1 1 1 1 1 1 1 1 |1 1 1 2 5 2 2 3 2 6 3 2 1 1 1 1 |1 1 1 1 1 |2 1 2 1 1 1 1 |1 1 1 2 4 1 3 2 4 1 2 1 1 1 2 |2 1 1 2 1 1 1 1 1 1 4 1 1 1 1 |1 1 1 1 3 1 1 1 1 1 |1 1 1 1 1 |1 1 1 1 1 1 3 1 1 1 1 1 |1 1 1 2 1 1 1 1 1 1 1 3 1 3 1 1 |1 1 1 1 1 1 1 1 |1 1 1 3 2 1 1 2 1 2 1 1 1 3 3 1 1 |1 1 1 2 1 1 1 |1 1 2 1 2 1 2 1 1 3 1 1 1 |1 4 2 2 2 1 1 1 3 1 3 5 1 1 1 4 1 1 2 2 |1 1 2 1 1 1 2 1 1 1 1 1 1 1 2 3 |1 2 1 1 1 1 2 1 1 2 1 1 1 3 |1 1 1 1 1 1 1 1 1 |1 1 1 1 1 2 2 1 1 3 2 1 |3 3 1 2 2 1 1 2 1 1 1 1 3 1 |1 1 1 1 2 1 1 1 1 1 2 1 |1 1 1 2 1 1 3 1 1 1 2 1 2 1 |1 1 1 1 1 1 1 1 1 |1 1 1 2 2 1 1 1 1 1 1 2 3 |3 1 4 1 1 1 2 3 3 2 1 1 1 1 2 2 2 |5 3 1 2 3 1 4 1 1 1 1 1 2 1 2 |1 1 3 1 1 1 2 1 1 |1 2 2 1 2 1 1 1 1 1 3 2 |2 1 1 1 1 1 1 1 1 3 2 2 |2 1 1 4 2 1 1 1 1 1 1 1 5 2 4 3 1 |1 1 1 2 1 1 |1 4 1 4 1 1 2 1 2 1 1 1 1 1 |1 1 2 1 1 1 1 |1 1 1 1 1 |1 1 3 3 1 1 2 1 1 1 1 2 |3 1 1 1 1 1 1 3 1 1 2 1 3 3 2 3 1 1 4 |2 2 1 2 1 1 2 3 1 1 1 3 2 1 1 |1 1 1 1 1 2 2 |1 1 1 1 3 |1 1 3 3 1 3 2 1 4 1 2 1 1 1 1 |1 1 1 1 3 1 1 1 1 |3 1 3 3 3 1 2 1 3 5 1 1 1 5 1 1 3 1 |1 1 1 1 1 1 1 1 |1 1 1 2 4 1 3 1 1 2 1 1 1 1 1 2 2 1 1 |3 2 3 3 2 1 1 2 1 1 1 1 2 3 2 1 3 1 1 |1 1 1 1 1 1 1 1 1 2 1 3 1 |2 6 1 1 1 1 1 2 2 4 1 3 2 2 4 3 |1 1 1 1 1 1 2 |1 6 2 3 1 2 5 6 1 1 5 1 2 2 5 3 1 1 |4 2 1 1 1 2 4 1 2 3 3 1 2 1 2 6 1 1 5 |2 2 1 2 1 1 1 2 2 1 5 1 1 2 1 1 |1 1 1 1 1 1 1 1 2 1 4 1 2 |1 1 1 1 1 |1 1 1 3 2 2 1 1 1 2 1 1 1 2 1 6 |1 1 1 1 2 1 1 1 |realPatrol = 1200|fitness = 859.920045609688

第8个BestWave: 
2 1 2 1 5 2 1 1 1 1 1 2 2 1 2 |2 1 3 2 3 1 1 6 4 4 1 1 5 1 1 1 1 1 2 1 |1 1 2 1 1 1 1 1 |1 1 1 1 1 1 1 |2 1 3 4 4 1 2 1 2 2 1 1 1 3 2 3 |1 1 1 1 1 1 1 4 1 2 1 1 1 1 |1 1 2 2 3 2 1 1 1 3 2 1 1 1 1 6 |1 1 1 1 1 |2 1 1 1 1 2 1 |1 1 3 1 1 1 5 3 2 1 1 3 2 1 1 |2 1 1 2 2 1 3 1 1 1 2 1 1 1 1 |1 1 1 1 1 1 1 1 1 1 |2 1 1 1 1 |2 1 1 1 1 1 1 1 2 1 2 3 |1 3 1 1 1 1 1 2 1 1 2 2 1 1 2 1 |1 1 2 1 1 1 1 1 |5 1 2 1 3 4 2 2 1 2 4 3 2 1 2 1 1 |1 1 1 1 1 1 1 |2 1 2 1 2 1 1 2 2 2 1 1 1 |4 1 6 4 2 2 3 2 3 2 1 3 1 4 1 3 2 1 1 1 |3 3 2 4 4 1 3 1 1 1 1 1 1 1 1 2 |2 1 1 2 2 3 3 1 2 2 3 1 1 1 |1 1 1 3 1 1 1 1 1 |3 1 2 1 1 1 3 1 1 2 2 1 |2 2 3 1 3 3 1 1 2 6 1 1 2 5 |1 1 1 1 1 1 1 1 1 1 1 1 |4 1 1 1 1 1 2 1 1 1 1 2 1 1 |2 1 1 1 1 1 1 1 1 |1 1 1 1 2 1 2 1 2 1 1 1 2 |2 1 1 1 1 1 1 1 1 1 1 1 2 1 4 1 1 |2 3 1 1 1 2 1 2 1 1 1 1 1 1 1 |3 1 1 1 1 1 1 1 1 |1 1 2 1 1 1 2 2 1 1 1 1 |1 1 1 1 2 2 1 1 1 1 1 1 |4 3 2 1 3 1 1 2 2 1 2 1 2 1 1 3 1 |1 1 1 1 1 1 |1 3 1 6 4 1 1 5 1 1 3 1 1 1 |2 1 1 1 1 1 1 |1 1 1 1 1 |1 1 3 1 2 1 2 1 2 1 1 1 |4 2 4 1 1 6 2 1 1 1 1 3 1 1 5 2 1 3 3 |1 1 2 3 1 2 2 1 1 4 1 4 3 2 1 |1 1 1 1 1 1 1 |1 1 1 1 1 |4 3 1 1 1 1 2 1 1 1 2 2 1 1 1 |1 1 1 2 1 1 1 1 3 |1 1 1 1 4 1 1 1 1 2 1 1 1 3 1 3 2 1 |1 1 1 1 1 1 1 1 |5 1 1 1 3 1 3 1 3 1 1 1 2 2 1 4 1 2 1 |2 1 4 3 4 2 1 1 3 1 1 1 2 1 2 1 1 3 1 |1 2 2 1 1 1 2 3 1 3 3 3 2 |1 1 1 1 1 1 1 1 1 5 2 2 1 1 2 1 |1 1 1 1 1 1 1 |1 2 3 2 1 2 5 3 1 2 1 3 4 1 3 4 1 1 |4 6 2 1 1 1 1 4 5 5 4 1 4 1 1 5 3 2 1 |1 2 1 1 2 1 2 1 2 2 1 1 1 1 1 1 |1 1 1 1 1 3 2 1 1 2 1 1 1 |1 1 1 1 1 |3 1 2 1 1 1 2 1 1 1 1 4 1 2 1 1 |1 1 1 1 1 1 1 1 |realPatrol = 1200|fitness = 867.6071286274739

第9个BestWave: 
3 1 1 1 4 1 1 1 1 1 1 1 2 2 1 |2 2 4 1 2 2 3 4 1 4 1 1 1 1 3 1 1 4 1 3 |1 1 1 1 1 1 1 1 |1 1 1 1 2 1 2 |3 2 1 1 2 1 2 3 1 1 2 1 1 2 1 2 |1 2 1 1 3 2 1 1 1 1 2 1 2 1 |3 3 1 2 3 2 1 1 3 3 2 1 2 1 1 3 |1 1 1 1 1 |1 1 1 1 1 1 1 |1 1 1 1 1 1 4 1 1 4 1 3 3 2 1 |1 1 1 2 4 1 2 1 1 1 2 2 1 2 1 |1 1 2 1 1 2 1 2 1 1 |1 2 1 1 1 |3 1 1 1 1 1 1 1 1 1 2 1 |1 3 1 1 2 1 1 2 1 1 2 4 1 2 2 1 |1 1 1 2 1 1 1 1 |1 1 2 1 4 2 3 1 3 2 3 2 1 1 1 2 2 |1 1 1 2 1 1 1 |1 1 1 1 3 2 1 2 1 5 1 1 1 |3 3 1 2 1 2 6 4 1 3 3 2 1 1 4 2 3 2 1 2 |2 1 1 1 1 1 1 2 4 1 2 1 1 2 1 1 |1 1 1 1 1 1 1 1 1 1 1 1 1 1 |2 1 1 2 2 1 1 1 1 |1 2 1 1 1 1 3 1 1 1 1 1 |2 2 3 4 1 1 2 1 1 1 3 1 1 3 |1 1 1 1 1 1 2 1 2 1 1 1 |1 2 1 2 1 3 1 2 1 2 3 1 1 1 |1 1 1 1 2 1 1 2 1 |1 2 1 1 1 1 5 1 1 1 1 1 1 |1 1 2 1 5 2 1 3 1 1 3 2 1 4 2 1 1 |2 4 1 1 5 2 3 1 2 1 1 3 1 1 4 |1 1 2 1 1 1 1 1 1 |1 1 3 1 1 3 1 2 1 1 2 1 |1 2 2 1 2 1 2 1 1 3 1 1 |1 3 2 1 1 2 1 4 2 1 1 2 4 1 1 1 2 |1 1 1 1 1 1 |1 3 5 1 1 1 3 2 1 1 2 2 1 1 |1 1 1 1 1 1 1 |3 2 1 1 1 |4 1 1 2 1 1 1 3 1 1 2 2 |5 2 1 2 1 4 1 1 1 1 1 1 1 1 2 1 1 1 1 |2 2 2 1 3 2 1 2 4 2 2 4 1 1 1 |1 1 1 1 1 1 1 |1 1 1 1 1 |2 2 2 2 2 2 4 1 3 2 2 1 1 1 2 |1 1 2 1 1 1 1 1 1 |2 2 3 4 6 1 2 2 1 1 1 1 1 4 1 5 4 1 |1 1 1 1 1 1 1 2 |4 1 2 1 4 1 1 1 5 1 1 1 1 1 2 1 1 1 2 |2 1 3 1 1 2 1 1 1 1 1 1 2 4 1 2 2 1 1 |1 5 1 2 1 2 2 3 1 2 1 1 1 |1 1 1 2 1 1 1 1 2 1 1 1 1 1 1 1 |1 1 1 1 1 1 1 |1 1 2 1 2 4 2 4 1 1 2 3 5 1 2 4 1 1 |2 2 3 1 2 1 1 3 2 5 5 2 2 1 2 2 3 4 4 |1 1 4 1 2 2 1 2 4 1 2 1 2 1 1 1 |1 1 2 1 1 1 1 1 1 1 4 2 1 |1 1 2 1 1 |1 1 1 1 1 4 1 3 1 3 1 3 3 1 1 2 |1 1 1 1 1 1 1 1 |realPatrol = 1200|fitness = 865.5617891585972

第10个BestWave: 
2 1 1 3 2 1 2 1 1 2 1 2 1 1 1 |1 4 4 1 1 1 1 5 4 3 1 2 4 1 2 6 1 1 2 2 |1 1 3 2 1 1 2 1 |1 1 1 1 1 1 1 |2 1 4 1 1 1 1 4 1 1 1 1 1 3 1 3 |1 1 1 1 1 2 1 3 2 3 1 1 3 1 |2 3 2 1 1 1 1 1 1 3 3 3 1 1 2 1 |1 1 1 1 1 |1 1 1 1 1 1 1 |1 2 1 1 2 1 3 1 4 2 1 1 1 2 1 |1 1 2 1 2 1 1 1 1 2 1 2 1 1 3 |1 1 1 1 1 2 1 1 1 1 |1 1 1 1 1 |1 1 2 1 1 1 1 1 1 1 1 1 |3 2 2 1 1 1 1 4 1 1 4 4 1 3 1 1 |1 1 1 2 1 1 1 1 |1 1 1 1 2 1 1 2 1 1 1 3 3 2 1 3 1 |1 1 1 1 1 1 1 |1 1 1 1 2 1 1 1 2 3 1 1 2 |3 6 1 3 1 1 6 1 1 2 2 1 4 1 2 4 3 2 1 3 |1 2 2 1 1 1 1 1 2 1 1 1 3 1 2 1 |1 1 1 2 2 1 1 2 1 1 1 3 2 1 |1 1 1 2 1 2 1 1 2 |2 1 2 1 1 1 1 1 1 1 3 1 |1 1 1 4 1 1 1 1 1 2 1 2 2 3 |2 1 1 1 1 1 1 1 1 2 1 1 |1 1 1 2 3 1 2 1 1 1 1 1 2 1 |1 1 1 1 1 1 1 1 1 |1 1 1 1 5 2 1 2 1 2 1 1 1 |1 1 2 1 1 1 1 3 3 1 1 3 1 2 1 1 3 |1 4 1 1 6 1 1 2 1 1 3 1 2 1 1 |1 1 1 1 1 1 3 1 2 |1 2 2 1 1 1 1 1 1 4 2 1 |2 1 3 1 1 2 2 1 1 2 1 1 |1 1 2 1 6 2 1 1 3 2 1 3 1 2 1 2 1 |1 1 1 1 1 1 |1 1 1 1 1 1 1 2 2 1 2 1 1 3 |1 1 1 1 1 1 1 |1 1 1 1 1 |1 1 4 1 1 1 1 1 1 1 3 1 |2 1 1 1 1 4 1 2 1 1 1 5 3 4 1 1 2 2 5 |1 1 2 1 2 1 2 1 2 1 1 5 4 2 2 |1 1 1 1 1 2 1 |1 1 1 1 1 |2 2 1 2 1 1 2 1 2 1 1 1 1 2 1 |1 1 1 1 1 2 1 1 1 |2 2 4 1 6 2 1 2 2 2 4 4 4 3 2 1 1 1 |1 1 1 2 1 1 1 2 |1 1 1 3 6 1 4 3 5 1 1 1 1 3 1 1 1 2 3 |1 1 2 1 1 2 1 1 1 1 3 1 4 4 4 2 1 1 2 |1 2 1 4 1 2 1 1 1 1 1 1 3 |2 1 2 1 1 3 1 3 3 4 2 2 1 1 2 1 |1 3 1 1 1 1 1 |1 1 2 1 2 1 3 4 1 2 2 2 4 1 1 4 1 5 |3 1 1 3 1 2 2 1 3 5 2 1 5 2 1 4 5 3 5 |1 1 3 2 1 1 1 1 3 1 1 1 1 2 2 1 |3 1 1 3 1 2 2 2 1 1 1 3 1 |1 1 1 1 1 |1 2 1 1 1 1 2 1 2 1 1 3 2 4 1 2 |1 1 1 1 1 1 1 1 |realPatrol = 1200|fitness = 863.3274761059813

第11个BestWave: 
2 1 1 1 5 2 1 2 1 1 2 3 3 1 3 |1 2 4 3 2 2 1 1 1 4 1 1 3 1 3 4 1 3 5 4 |1 1 1 1 1 1 1 1 |1 1 1 1 2 1 1 |1 1 1 4 1 3 3 2 2 1 1 1 1 5 2 1 |1 1 1 1 1 2 1 1 1 1 5 2 3 1 |1 2 1 1 2 1 1 1 1 2 1 1 2 1 1 4 |2 1 1 1 1 |1 1 1 1 1 1 1 |1 1 1 2 2 1 2 2 5 1 3 1 1 1 5 |2 4 2 4 4 2 1 1 1 1 1 1 3 1 1 |1 1 1 2 1 1 1 1 1 1 |1 1 1 1 1 |2 1 1 2 1 2 1 2 1 1 1 1 |1 2 1 1 1 2 1 1 1 1 1 4 1 2 2 1 |1 1 1 1 1 1 1 1 |1 3 1 1 1 1 3 1 4 1 4 1 1 1 1 1 2 |1 1 1 2 1 1 2 |1 1 1 1 1 1 1 1 1 1 1 1 1 |1 3 2 1 1 1 3 3 4 3 1 1 4 1 5 4 2 2 1 2 |3 2 5 1 1 2 2 3 2 1 1 1 1 1 1 2 |1 1 2 2 2 1 3 1 1 1 1 1 1 1 |1 1 1 1 1 1 2 1 1 |1 1 2 1 1 1 2 1 1 1 1 1 |2 1 2 1 2 1 1 1 2 3 1 1 1 2 |1 1 1 1 3 1 1 1 1 2 1 1 |1 2 4 1 1 1 1 3 1 1 2 1 2 1 |1 1 1 1 1 1 2 1 1 |1 1 1 2 6 1 2 1 4 1 1 1 1 |1 1 1 2 3 1 2 2 1 1 2 1 2 2 3 1 1 |2 3 1 1 1 3 1 1 2 1 1 1 2 2 1 |1 1 1 1 1 1 1 1 2 |1 1 1 1 2 2 1 1 1 1 2 1 |2 1 2 1 1 1 1 1 1 4 1 2 |1 1 2 3 1 2 3 1 1 1 1 2 5 5 2 1 1 |1 1 1 2 1 1 |1 3 2 3 1 1 5 1 3 1 1 3 1 2 |1 1 1 1 1 1 1 |1 1 1 1 1 |2 1 6 2 1 1 1 1 1 1 1 1 |2 1 1 1 1 1 1 1 1 1 1 1 3 2 5 1 1 2 2 |1 1 1 1 1 2 1 2 4 1 2 5 2 1 1 |1 1 1 1 2 1 1 |1 1 1 1 1 |2 2 1 1 1 1 1 1 1 2 2 1 3 1 2 |1 2 1 1 1 2 1 1 1 |3 2 1 3 5 1 1 2 1 2 1 1 2 4 2 4 4 1 |1 1 1 1 1 1 1 1 |6 2 1 1 4 1 2 1 4 2 1 2 2 2 2 4 3 1 3 |1 1 1 3 1 1 4 1 3 1 1 4 1 2 2 1 2 2 1 |1 1 1 2 1 3 2 1 1 1 1 2 2 |1 2 1 1 1 1 2 1 2 1 1 3 1 1 3 2 |1 1 2 1 1 1 1 |1 1 1 1 1 1 6 3 1 1 1 1 2 4 2 2 1 1 |3 4 1 3 1 1 2 3 4 5 4 3 2 1 2 5 1 1 4 |1 1 3 1 3 2 3 1 1 2 1 1 2 1 1 2 |1 1 2 1 1 3 3 1 1 2 1 1 2 |1 1 1 1 1 |1 3 1 4 1 2 1 1 1 1 3 4 1 4 2 1 |1 1 2 1 1 1 1 1 |realPatrol = 1200|fitness = 867.8085777307813

第12个BestWave: 
1 2 2 4 4 5 2 1 1 2 1 1 1 3 2 |1 1 3 1 3 2 1 1 1 6 1 3 6 2 1 1 1 1 1 2 |1 1 1 1 1 1 1 1 |1 1 1 1 1 1 1 |3 2 3 1 1 2 1 1 1 2 1 1 1 3 3 2 |1 1 1 1 2 1 1 1 1 1 1 2 1 2 |1 1 1 1 1 1 1 2 2 1 1 2 1 1 1 3 |1 1 1 2 1 |1 1 1 2 1 1 1 |1 1 2 2 1 1 1 2 1 1 1 1 3 4 4 |1 1 2 1 5 2 2 2 1 1 2 3 1 3 1 |1 1 1 1 1 1 2 1 3 1 |1 1 1 1 1 |1 1 1 2 1 1 1 1 1 1 1 1 |3 1 1 4 4 1 1 1 3 1 4 5 1 1 2 1 |1 1 1 1 1 1 1 1 |1 1 1 1 2 1 1 3 6 1 1 1 1 1 2 4 1 |1 1 1 1 1 2 1 |1 1 1 2 1 1 1 1 1 3 1 1 1 |1 4 3 1 1 1 3 1 4 3 5 2 2 1 2 5 2 5 1 1 |1 1 1 1 3 1 2 1 1 1 2 1 2 2 1 3 |1 1 2 1 2 1 1 1 1 1 3 1 2 1 |1 1 1 1 1 1 1 1 1 |3 1 1 1 1 1 3 2 1 1 1 1 |5 2 2 2 1 2 2 1 4 1 1 1 6 3 |1 1 1 1 1 1 1 1 1 1 1 1 |1 2 3 2 1 1 1 1 1 1 1 1 1 2 |2 1 1 1 1 2 1 1 1 |1 1 1 1 3 5 1 1 1 1 3 1 1 |2 1 4 2 1 2 1 1 3 1 1 1 1 3 1 1 1 |3 1 2 1 3 2 2 2 1 1 1 1 1 1 1 |1 1 2 2 1 1 1 1 1 |1 2 1 2 1 1 5 1 1 1 2 1 |2 2 2 2 2 3 1 1 1 2 1 1 |1 2 3 1 5 1 1 3 2 2 1 1 2 2 1 3 2 |1 1 1 1 1 1 |1 2 4 2 1 1 1 1 1 1 2 1 1 2 |1 1 1 1 1 1 1 |1 1 1 1 1 |1 2 2 2 2 2 3 2 3 2 1 1 |1 1 1 3 1 2 1 1 1 4 1 3 1 2 4 3 1 1 3 |2 2 1 1 1 3 2 1 1 1 1 6 1 1 1 |1 2 1 1 1 1 1 |1 1 1 1 1 |3 4 4 2 1 2 2 2 1 1 4 2 2 1 1 |1 1 1 1 1 1 1 1 1 |2 2 1 1 3 2 3 1 1 5 1 3 2 4 2 4 6 2 |1 1 1 1 2 2 1 1 |2 1 1 1 5 2 4 3 2 1 1 3 1 1 2 4 3 3 4 |1 1 1 2 1 1 1 2 1 1 2 2 1 2 1 1 1 1 1 |1 1 1 2 2 1 1 1 1 1 1 2 1 |1 3 1 2 1 2 1 1 1 3 2 1 1 1 4 4 |1 1 1 1 1 1 1 |2 1 3 2 1 2 2 2 2 1 1 2 4 3 2 4 2 1 |1 1 1 1 1 1 1 1 1 5 4 2 2 1 4 4 1 4 5 |5 1 1 1 2 1 1 1 3 1 3 1 1 1 3 2 |2 2 1 1 1 1 1 1 1 1 2 1 1 |1 1 1 1 1 |2 1 2 1 1 2 1 1 1 1 1 1 1 2 1 2 |1 1 1 1 2 1 1 1 |realPatrol = 1200|fitness = 868.9804897112616

第13个BestWave: 
1 1 2 1 4 1 2 2 2 2 1 1 1 1 2 |3 1 1 3 1 2 1 2 3 3 4 1 3 1 1 1 1 1 2 1 |1 1 1 2 1 1 1 1 |1 1 2 2 1 1 1 |3 1 1 1 2 1 4 4 1 4 1 2 1 3 1 1 |2 1 1 1 1 1 1 2 1 1 1 3 1 2 |1 2 1 2 1 1 1 5 3 1 2 1 1 2 1 3 |1 1 1 1 1 |1 2 1 1 1 1 1 |3 1 2 1 2 2 4 1 4 1 1 2 2 3 1 |2 1 2 1 1 2 1 1 1 1 1 4 1 2 2 |1 2 1 1 1 1 1 2 1 2 |1 1 1 1 1 |1 1 1 1 1 1 1 1 1 1 1 2 |1 2 1 1 1 3 1 1 1 1 1 6 1 1 2 3 |1 1 1 1 1 1 1 1 |1 1 2 1 2 4 1 2 1 1 1 1 3 1 1 2 1 |1 1 1 1 1 1 1 |2 2 1 1 2 1 1 1 1 5 1 1 1 |2 5 1 1 1 1 2 2 4 4 1 1 2 1 1 2 2 3 1 3 |2 1 2 1 4 1 1 3 1 1 1 2 4 1 4 2 |1 2 3 1 3 2 1 1 1 2 1 2 1 1 |1 1 2 1 4 1 1 1 1 |1 1 1 1 1 1 2 1 1 2 1 1 |1 2 1 2 1 3 2 1 3 1 1 2 1 1 |1 1 3 1 1 1 1 3 1 3 1 1 |1 1 1 1 1 1 4 1 2 1 1 1 1 1 |2 1 1 1 1 1 1 1 1 |1 2 2 3 3 2 1 1 1 2 1 2 3 |2 1 1 3 1 1 1 3 2 2 3 1 2 1 2 1 1 |2 4 2 1 2 2 2 1 1 1 1 1 5 3 1 |1 1 2 1 1 1 2 1 1 |2 5 1 1 2 1 1 1 1 1 2 1 |1 2 1 2 1 1 1 1 1 3 1 1 |1 2 2 1 3 1 1 2 1 1 2 6 3 1 1 3 1 |1 1 1 1 1 1 |1 3 1 1 1 1 1 1 1 1 3 1 1 1 |1 1 2 1 1 1 1 |1 1 1 1 1 |1 3 4 1 2 1 2 1 1 1 1 3 |2 1 1 1 1 1 1 1 2 1 1 5 1 1 1 1 1 1 1 |1 1 2 2 1 1 2 1 1 4 2 2 1 1 1 |1 2 1 1 1 1 2 |1 1 1 1 1 |5 2 2 1 1 1 2 3 1 1 1 1 5 2 1 |1 1 1 2 2 1 1 1 1 |1 2 3 2 5 2 1 2 1 1 1 1 1 4 1 3 1 1 |1 1 1 1 1 1 1 1 |1 4 2 1 6 2 1 1 3 1 2 2 1 1 3 1 2 2 1 |1 3 3 2 3 3 3 3 3 2 1 3 1 1 1 1 1 3 2 |1 3 1 1 1 2 1 1 2 1 1 1 2 |2 4 3 2 2 1 1 1 1 2 2 2 2 1 5 3 |1 1 1 1 1 1 2 |2 1 3 2 2 2 5 2 2 2 1 2 4 1 1 4 2 2 |1 1 2 1 1 6 3 5 3 5 4 2 4 3 3 2 2 3 3 |1 1 6 1 1 1 2 1 2 2 1 1 1 1 1 1 |1 2 2 2 1 1 1 1 2 1 1 1 1 |1 1 1 1 1 |1 4 1 2 1 1 1 2 1 1 3 2 1 2 1 1 |1 1 1 1 1 2 1 1 |realPatrol = 1200|fitness = 859.8164361254431

第14个BestWave: 
1 2 3 2 1 2 1 1 1 1 2 1 1 1 1 |1 1 2 4 1 2 2 3 6 6 1 2 6 1 4 5 3 1 2 3 |3 1 1 1 1 1 2 1 |1 1 1 1 1 1 1 |1 3 1 4 1 2 1 3 1 1 3 2 2 2 1 2 |6 1 1 2 1 1 1 1 1 1 1 1 1 1 |2 3 1 2 3 3 1 1 1 4 1 1 1 1 1 1 |3 1 1 1 1 |1 1 2 1 1 1 1 |1 1 2 1 2 1 2 1 2 1 2 1 2 1 2 |2 3 1 1 1 1 2 1 2 1 1 1 1 2 1 |1 1 1 1 3 1 1 1 1 1 |1 1 1 1 1 |1 1 1 1 1 1 1 1 1 1 2 1 |3 1 1 1 3 5 1 2 1 1 1 1 1 3 2 2 |1 1 1 2 3 1 1 1 |1 1 3 1 3 2 1 2 2 4 5 2 3 1 2 2 1 |1 1 2 1 1 2 1 |1 1 3 1 1 1 1 1 2 4 2 1 1 |1 4 1 3 1 2 3 2 2 3 1 3 3 1 4 2 3 2 2 2 |1 2 4 1 3 1 1 1 1 3 1 1 1 1 2 4 |1 1 1 1 3 2 1 1 4 1 1 1 1 1 |1 1 1 1 1 1 1 1 1 |2 1 1 1 1 1 1 1 1 1 2 1 |1 1 1 2 1 2 1 2 1 1 2 2 5 2 |1 1 1 1 1 2 1 1 4 2 1 2 |2 1 1 1 1 1 1 1 2 1 1 2 4 2 |1 1 1 1 1 1 1 1 1 |2 1 1 1 2 2 1 1 1 3 1 1 1 |1 1 3 1 1 1 2 2 1 4 1 1 1 2 1 3 1 |1 5 1 1 2 1 2 1 1 1 1 1 1 1 1 |2 1 1 1 2 1 1 1 2 |2 1 1 1 1 1 2 1 2 2 1 1 |1 1 1 1 2 1 2 2 1 3 2 1 |2 1 1 1 1 2 1 1 3 1 1 1 2 4 1 3 1 |1 1 1 1 1 1 |1 3 1 4 1 1 1 1 2 1 1 1 2 3 |1 2 1 1 1 1 1 |1 2 1 1 1 |3 2 2 1 1 1 1 1 1 1 1 1 |4 2 6 2 1 5 1 2 2 2 2 1 1 1 3 1 5 1 2 |3 1 1 1 2 1 2 1 1 1 1 4 2 1 1 |1 1 1 1 1 1 1 |1 1 1 1 1 |5 1 1 1 1 1 3 1 1 1 3 1 1 4 2 |1 1 1 1 1 1 1 1 1 |2 4 1 1 5 1 4 1 1 4 1 3 1 3 1 5 2 1 |1 1 1 1 2 1 1 1 |1 2 1 1 3 1 1 1 2 2 3 1 3 1 1 2 2 1 2 |1 1 4 2 1 3 1 2 2 1 2 1 1 3 3 2 1 1 4 |1 3 1 1 2 1 1 1 1 3 1 1 1 |2 1 1 2 1 1 1 1 1 3 2 1 1 1 1 2 |1 1 1 1 1 1 1 |2 1 4 2 1 2 3 4 1 2 1 1 4 1 1 1 1 2 |2 1 2 2 2 1 1 2 4 4 3 3 4 1 3 5 1 2 3 |1 2 4 1 3 1 1 2 3 2 2 1 2 2 2 1 |1 3 1 1 1 1 1 1 1 2 1 1 2 |1 1 1 1 1 |3 2 1 2 1 1 4 2 2 1 1 2 1 2 1 1 |1 1 2 1 3 1 1 1 |realPatrol = 1200|fitness = 867.9568281471397

第15个BestWave: 
1 1 2 3 4 1 1 1 3 2 2 1 2 1 1 |2 1 3 1 5 1 1 1 1 4 6 1 3 3 1 1 1 2 1 1 |2 1 1 1 1 1 1 1 |1 1 1 1 2 1 1 |3 2 1 1 2 1 4 3 1 1 1 1 1 2 2 4 |1 1 1 2 1 1 1 2 1 1 1 1 1 2 |1 3 1 1 2 1 1 6 1 5 2 1 1 4 1 3 |1 1 1 1 1 |1 1 1 1 1 1 1 |1 1 2 3 1 1 1 1 2 1 1 1 1 3 1 |1 1 1 3 1 1 3 1 1 2 1 2 1 3 1 |2 1 1 1 1 2 1 1 1 3 |1 1 1 1 1 |1 2 1 1 1 1 2 2 1 1 1 1 |1 2 1 1 2 3 2 2 1 2 3 4 1 3 2 1 |1 1 1 1 1 2 1 1 |3 1 2 1 3 1 3 1 2 2 3 1 1 1 2 1 1 |1 1 1 1 1 1 1 |1 1 1 1 5 1 2 1 1 4 1 2 1 |1 4 2 1 4 1 5 1 3 5 3 1 2 1 1 2 2 2 1 2 |2 1 1 2 1 1 1 1 1 2 5 1 1 2 1 2 |2 1 1 1 1 1 1 2 5 1 3 1 1 1 |3 1 2 1 1 1 1 1 1 |2 1 3 1 2 1 2 1 1 1 2 2 |1 2 1 2 1 1 3 1 1 1 2 4 1 2 |1 2 1 2 2 1 2 2 1 1 1 1 |2 1 1 2 2 4 1 1 1 1 2 2 1 1 |1 1 1 1 1 2 1 1 1 |1 2 1 1 2 1 2 1 1 1 1 1 1 |1 2 1 2 1 1 3 3 1 1 1 1 1 1 1 1 4 |1 6 2 1 1 1 4 1 1 1 1 1 2 2 3 |1 1 1 1 2 1 1 1 1 |1 3 2 1 1 1 1 1 2 1 3 1 |1 2 1 2 1 2 1 1 1 3 1 1 |2 1 1 1 2 1 1 4 2 2 3 1 2 1 2 2 1 |1 1 1 1 1 1 |1 1 2 1 3 1 1 1 1 2 1 1 1 1 |1 1 1 1 2 1 1 |1 1 1 1 1 |1 1 2 1 2 1 1 1 2 2 1 1 |1 2 3 1 2 3 1 2 2 5 3 1 2 4 5 2 3 2 4 |2 1 1 1 1 1 2 1 2 2 2 2 1 1 1 |1 2 1 1 1 1 1 |1 1 1 1 1 |4 6 2 1 1 1 1 1 5 1 3 2 1 1 1 |1 1 1 1 1 2 1 1 1 |6 2 1 2 4 1 1 3 2 4 1 1 1 5 1 4 1 1 |1 1 1 1 1 1 2 1 |2 1 1 2 2 1 1 3 1 1 1 4 1 1 2 2 2 2 1 |1 1 5 3 1 2 2 1 1 3 2 2 2 3 1 4 1 1 1 |1 3 1 1 2 1 1 1 1 1 2 1 1 |1 1 1 1 2 1 1 1 1 2 1 2 1 1 1 1 |1 1 1 1 1 1 1 |1 2 3 2 5 1 5 2 1 1 6 3 3 4 3 2 1 1 |4 1 1 1 2 2 1 3 2 6 4 2 2 1 1 4 1 3 5 |1 1 4 2 1 1 1 3 5 2 3 2 2 2 1 1 |1 1 1 1 1 2 1 3 1 1 1 1 1 |1 1 1 1 1 |1 1 3 1 1 1 1 1 1 1 2 1 1 1 2 1 |1 1 1 1 1 1 1 1 |realPatrol = 1200|fitness = 869.2697529224658

第16个BestWave: 
1 1 1 2 1 1 1 1 4 1 2 2 1 1 1 |1 1 1 1 4 5 1 1 6 3 1 1 2 1 1 5 1 1 1 3 |1 2 1 1 1 1 1 1 |1 2 1 1 1 1 1 |4 2 1 1 1 1 2 1 1 1 2 3 1 1 1 2 |2 1 1 1 1 1 1 1 1 1 1 3 1 1 |2 1 1 2 1 1 1 4 1 1 2 1 2 2 2 2 |2 1 1 1 1 |1 2 1 1 1 1 1 |1 2 1 1 2 2 1 3 3 1 1 1 1 1 1 |2 1 1 1 1 3 1 1 2 2 1 2 1 1 2 |1 2 1 2 1 1 1 1 2 1 |1 1 1 1 1 |1 2 1 1 1 1 1 1 1 2 1 1 |2 3 1 1 1 2 1 1 1 1 1 1 1 2 1 2 |2 1 1 1 2 1 1 1 |1 1 1 2 2 2 3 1 2 1 3 1 1 1 4 1 1 |1 1 1 2 2 1 1 |1 1 1 2 4 1 1 1 1 5 1 2 3 |1 4 2 1 2 1 6 2 1 4 2 1 2 2 3 2 4 1 1 1 |1 2 1 2 5 1 1 1 1 1 1 1 3 3 2 1 |2 1 1 2 3 1 2 2 1 1 2 1 1 2 |1 1 1 2 1 3 1 1 1 |1 1 1 1 1 1 2 1 1 1 1 4 |1 4 1 1 1 2 1 1 1 3 1 1 1 2 |3 1 2 1 3 2 1 1 4 1 1 1 |2 2 1 1 1 3 1 1 1 1 1 1 2 2 |1 1 1 1 1 1 1 1 1 |1 1 1 1 4 1 1 1 3 1 2 1 1 |2 1 1 1 2 1 1 3 1 1 1 1 1 1 1 1 2 |2 3 2 1 2 2 1 1 2 1 2 1 2 1 1 |4 1 1 1 1 1 1 1 1 |1 5 2 1 1 1 1 2 1 1 2 1 |1 1 2 1 2 1 1 1 1 4 2 1 |1 1 2 1 1 1 1 2 2 1 1 3 1 1 5 1 1 |1 1 1 1 1 1 |2 6 1 3 2 1 1 2 1 3 2 1 2 1 |1 1 1 1 1 1 1 |1 1 1 1 1 |2 3 5 3 1 1 1 1 4 1 1 1 |2 1 2 3 2 2 4 1 2 3 2 1 1 2 4 1 5 1 3 |4 1 1 1 1 1 1 1 1 1 2 4 1 1 1 |2 2 1 1 1 1 1 |1 1 1 1 1 |3 1 1 1 1 1 2 1 3 1 1 1 4 1 1 |2 1 1 1 1 1 1 1 1 |2 3 2 2 1 1 3 2 1 2 1 1 2 4 2 5 4 2 |1 1 1 1 1 1 1 1 |3 3 2 3 6 2 1 1 1 1 1 2 1 4 1 1 2 2 2 |1 2 2 1 3 4 1 4 5 1 1 3 1 1 2 1 3 1 2 |1 1 1 2 1 1 1 3 1 1 4 1 1 |2 2 1 1 1 3 2 1 2 4 1 1 1 1 1 1 |1 1 1 1 1 1 1 |1 2 3 3 1 1 6 4 1 1 1 3 5 3 2 5 2 1 |2 1 2 4 2 1 1 3 2 4 4 1 2 1 3 5 2 3 3 |1 1 3 1 3 2 2 3 4 2 1 1 2 1 1 1 |1 1 1 3 1 1 1 1 1 1 1 1 1 |1 1 1 1 2 |1 1 1 2 2 3 1 1 1 3 2 5 3 3 1 1 |1 1 2 1 1 1 1 1 |realPatrol = 1200|fitness = 864.7887482697378

第17个BestWave: 
2 1 2 2 1 1 1 1 2 5 1 1 2 2 2 |4 1 3 1 2 1 1 4 2 4 1 1 2 1 1 2 2 1 1 3 |1 1 1 1 1 1 1 1 |1 3 1 3 1 2 1 |1 1 2 2 2 1 4 2 2 1 3 1 2 1 2 5 |4 1 1 1 1 1 1 1 1 1 2 1 1 1 |1 1 1 3 1 1 1 1 4 1 2 1 1 2 1 3 |1 1 1 1 1 |1 1 1 1 2 1 1 |3 1 2 3 1 3 3 1 2 1 3 2 2 1 2 |1 1 1 1 1 1 2 2 1 5 3 1 1 1 1 |1 1 1 1 1 1 1 1 1 1 |2 1 2 1 1 |1 2 1 1 1 1 1 1 1 3 4 1 |1 4 1 1 1 2 1 1 3 2 3 4 1 1 2 1 |2 1 1 1 1 1 1 1 |1 1 1 2 1 1 2 1 1 1 1 1 2 1 1 4 2 |2 1 1 1 1 1 1 |1 1 3 2 1 2 1 1 1 5 1 1 1 |4 4 1 2 1 1 2 2 1 3 2 3 3 1 1 1 3 2 1 1 |1 1 2 1 2 1 2 3 1 2 3 1 1 4 1 4 |1 1 1 1 1 1 1 2 1 3 1 1 4 2 |1 1 1 1 1 1 1 1 2 |3 1 1 1 1 1 1 1 3 1 1 1 |2 1 2 2 1 2 1 1 3 1 1 2 1 1 |1 1 1 1 1 1 1 1 1 1 1 1 |1 1 2 2 1 1 1 3 1 1 2 1 1 1 |1 1 1 1 1 1 1 1 1 |1 1 1 2 5 1 2 1 1 1 1 2 1 |1 1 2 1 1 2 1 4 1 2 1 1 1 2 1 2 1 |3 6 2 1 1 1 5 2 1 3 3 1 2 1 2 |2 1 2 1 2 1 1 1 1 |2 1 1 1 2 1 1 1 1 1 1 1 |1 1 1 2 1 1 1 1 1 2 1 2 |1 1 4 2 3 2 1 1 3 1 2 1 3 1 2 3 2 |1 1 1 1 1 1 |1 4 1 1 2 2 1 1 1 1 3 1 1 1 |1 1 2 1 1 1 1 |1 1 1 1 1 |2 1 1 1 1 1 1 1 1 1 1 1 |2 1 2 2 1 2 4 1 4 1 3 3 1 1 6 1 2 1 3 |4 1 1 1 2 2 1 1 2 1 4 5 1 1 1 |1 1 1 1 1 1 1 |1 1 1 1 1 |2 2 1 1 2 1 1 1 5 1 1 1 4 2 1 |1 1 1 2 1 1 1 1 1 |4 3 1 4 3 1 2 1 1 2 3 1 2 6 2 5 3 1 |1 1 1 1 1 1 1 1 |1 1 2 2 4 4 3 2 2 1 4 3 2 1 2 1 3 2 2 |1 2 2 2 2 2 1 1 4 1 3 2 1 4 1 3 1 1 3 |1 1 1 2 1 1 1 1 1 2 1 1 1 |1 1 1 1 2 3 1 1 1 2 1 1 1 2 2 4 |1 1 1 1 1 1 1 |2 2 1 1 1 1 5 3 2 2 3 4 3 1 2 4 1 2 |1 1 1 1 1 1 1 1 3 2 4 2 6 1 3 2 2 3 3 |1 2 1 2 1 1 1 3 4 1 1 1 2 3 1 1 |1 3 3 1 1 3 5 2 2 1 1 1 1 |1 1 1 1 1 |1 1 1 2 2 3 2 1 1 1 1 3 2 4 1 1 |1 1 1 1 1 1 1 1 |realPatrol = 1200|fitness = 862.5936626196764

第18个BestWave: 
1 1 2 4 4 1 1 1 1 1 1 1 3 1 1 |5 2 1 1 2 1 2 3 2 6 3 4 6 1 1 6 2 1 1 1 |4 1 1 2 1 1 1 1 |1 1 1 1 1 1 1 |1 1 2 2 1 2 4 1 2 1 1 2 1 3 1 1 |1 2 2 1 1 1 1 3 2 1 1 1 1 1 |3 3 1 2 1 2 2 3 1 5 1 1 2 1 2 2 |1 1 1 1 1 |1 1 1 1 1 1 1 |1 1 1 1 2 1 3 1 3 1 1 2 4 2 4 |1 3 1 4 4 2 2 3 1 2 1 4 1 2 2 |1 1 1 1 1 1 2 1 1 2 |2 1 1 1 1 |1 1 1 1 2 1 2 2 1 2 1 1 |1 2 1 1 3 2 1 2 1 1 3 4 2 1 2 2 |1 1 1 2 1 1 1 1 |2 1 1 3 1 1 1 2 4 1 1 1 1 1 1 1 1 |1 1 1 1 1 1 1 |1 1 2 1 5 4 1 1 1 3 1 1 1 |4 3 1 1 1 4 5 3 4 2 3 3 2 1 3 6 2 2 1 1 |2 2 2 3 1 1 1 1 1 3 1 2 1 2 1 1 |1 1 1 1 2 2 1 1 1 1 1 2 2 1 |1 1 1 1 1 1 1 1 1 |2 1 1 1 1 1 1 1 2 2 1 1 |2 1 2 1 3 3 1 1 1 3 1 2 1 1 |1 1 1 1 1 1 1 1 1 3 1 1 |2 1 1 1 1 1 3 3 1 1 3 1 1 1 |1 1 2 1 1 1 2 2 1 |1 1 1 1 2 2 1 1 2 1 1 1 1 |2 2 1 1 1 4 3 2 2 1 1 1 1 5 1 2 3 |3 1 2 1 1 2 1 1 2 1 1 1 4 1 1 |1 1 1 1 1 1 2 1 1 |1 2 1 1 2 1 3 1 1 1 1 3 |1 1 1 1 1 1 2 1 1 2 1 1 |1 2 4 2 3 2 1 1 3 1 2 1 4 1 1 1 1 |1 1 1 1 1 1 |1 1 3 1 1 2 2 1 2 3 1 1 1 2 |1 2 1 1 1 1 2 |1 1 1 1 1 |4 1 2 1 1 1 1 1 2 1 1 2 |2 2 2 1 1 1 2 1 1 1 1 1 1 1 6 1 4 1 2 |2 3 1 2 3 1 1 1 1 5 1 3 1 2 1 |1 1 1 1 1 1 1 |1 1 1 1 1 |5 2 1 1 3 2 1 1 5 2 2 2 1 1 3 |1 1 1 1 1 1 1 1 1 |1 1 1 1 4 1 2 4 2 1 2 3 2 1 2 3 2 1 |2 1 1 1 1 2 1 2 |1 1 1 1 1 1 4 2 4 1 3 1 1 4 1 1 1 2 2 |1 2 1 2 2 3 1 1 2 1 2 1 1 6 1 2 1 1 2 |2 2 1 2 1 1 1 2 1 1 1 1 2 |1 2 1 2 1 1 1 1 1 2 3 2 1 1 1 1 |1 1 1 2 2 1 1 |2 1 5 2 1 1 3 5 1 1 1 1 3 3 1 2 1 1 |5 1 3 3 1 1 1 1 2 4 3 2 1 1 1 5 1 2 2 |1 3 4 1 1 4 4 1 5 1 4 1 1 1 1 1 |1 1 1 1 1 1 1 2 1 1 1 1 1 |2 1 1 1 1 |1 1 1 1 1 3 2 2 2 1 2 2 1 3 1 2 |1 1 1 1 1 1 1 1 |realPatrol = 1200|fitness = 867.1275127485094

第19个BestWave: 
2 1 3 2 2 1 2 1 2 1 1 1 1 1 3 |1 1 1 1 1 3 1 3 5 5 6 2 5 1 1 3 2 3 2 2 |1 1 1 1 1 1 1 1 |1 1 1 1 1 1 2 |1 1 1 1 1 2 3 1 1 1 1 1 1 1 2 2 |2 5 3 1 3 1 1 1 1 1 1 1 5 1 |2 1 1 1 2 2 2 2 2 2 1 1 1 2 1 1 |2 1 1 1 1 |1 1 1 1 1 1 1 |1 1 3 3 2 2 1 1 4 1 2 1 1 1 3 |1 2 2 2 3 1 1 2 1 3 1 2 1 1 1 |1 1 1 1 1 1 2 1 2 1 |1 1 1 1 1 |2 2 1 1 2 1 2 1 1 1 1 1 |1 1 1 1 3 1 1 2 1 2 1 4 4 2 4 1 |1 1 1 1 1 1 1 1 |2 1 1 1 1 2 1 1 1 3 1 1 1 1 2 1 1 |1 1 1 1 1 1 2 |1 2 1 1 2 1 2 2 1 2 2 2 2 |1 5 1 1 1 1 4 2 1 1 4 1 1 1 2 6 3 3 6 1 |1 1 1 1 4 1 1 1 3 1 1 1 1 1 1 2 |1 1 1 1 2 1 1 1 1 1 1 1 1 2 |1 1 1 2 1 2 1 1 1 |1 1 1 1 1 1 4 1 1 1 3 1 |3 1 1 1 2 1 2 1 1 2 1 1 1 1 |1 1 1 4 1 1 2 1 1 1 2 1 |2 1 1 2 1 1 2 1 3 2 1 1 1 1 |2 1 1 1 1 1 1 1 1 |1 1 1 2 4 2 1 1 3 1 1 1 1 |1 4 2 1 4 1 2 6 1 4 1 1 3 2 2 1 1 |1 2 1 2 1 3 6 2 1 3 1 1 2 1 1 |1 2 1 1 1 2 2 1 1 |3 6 2 1 1 1 2 3 1 1 1 1 |1 1 1 1 1 4 1 2 1 3 1 1 |2 1 1 2 3 1 2 1 1 2 1 3 2 1 1 3 1 |1 1 1 1 1 1 |1 3 1 4 1 1 2 1 3 2 3 1 2 3 |1 1 1 1 1 2 1 |1 1 1 1 1 |4 1 2 5 2 1 1 3 1 1 1 1 |1 2 3 1 1 1 2 2 1 3 2 1 3 1 2 1 3 2 2 |3 2 1 2 1 1 1 1 1 2 3 4 1 1 1 |1 1 1 1 1 1 4 |1 1 1 1 1 |1 3 2 1 2 1 1 2 2 3 1 1 1 1 2 |1 1 1 1 1 1 1 1 1 |4 2 1 2 4 2 3 1 1 1 2 1 1 3 2 6 1 1 |1 1 1 1 1 1 1 1 |3 1 1 1 1 2 1 2 1 2 1 1 2 1 1 1 3 3 3 |2 1 2 2 1 1 1 1 3 1 2 1 1 4 1 1 1 1 2 |1 3 1 1 1 1 4 2 1 1 2 1 1 |2 3 3 4 1 1 1 2 1 3 1 4 1 2 1 1 |1 1 1 1 1 1 1 |3 1 4 1 3 3 3 1 3 3 2 2 6 1 2 2 1 2 |2 1 2 3 2 1 1 2 1 3 4 4 5 2 1 2 1 3 5 |1 1 1 1 1 1 1 1 1 1 1 1 1 3 2 2 |1 1 1 1 1 1 1 2 1 2 1 2 1 |1 1 1 1 1 |1 3 2 2 3 2 1 1 1 2 3 3 1 2 1 1 |1 1 1 1 1 3 1 1 |realPatrol = 1200|fitness = 861.209744022183

第20个BestWave: 
2 1 2 1 5 1 1 1 5 5 1 1 1 1 1 |1 1 2 1 2 1 1 1 4 5 1 1 2 1 2 4 2 1 2 1 |2 1 1 1 1 1 1 1 |1 1 1 1 1 1 1 |3 2 1 3 1 1 1 2 2 1 1 2 1 2 1 3 |1 1 1 1 2 1 1 1 1 1 1 1 2 2 |2 4 1 3 2 3 3 2 1 5 1 1 2 1 1 2 |1 1 1 1 1 |1 1 1 1 1 1 1 |1 1 2 1 3 1 3 3 1 1 1 1 2 2 6 |1 2 3 2 2 1 2 1 1 2 2 1 2 2 1 |2 1 1 1 1 1 2 2 1 1 |1 1 1 1 1 |1 1 1 1 1 1 2 2 1 1 1 1 |1 1 2 2 4 1 1 1 1 1 3 2 1 2 1 1 |1 2 2 1 1 1 2 1 |1 1 2 2 1 1 3 2 2 1 4 2 2 2 1 1 1 |1 1 1 1 1 1 1 |3 1 1 1 6 1 1 1 4 5 1 1 2 |1 4 1 4 1 1 6 1 2 5 6 1 1 2 2 2 2 2 2 3 |5 1 2 6 1 1 1 1 1 1 2 1 1 2 2 1 |1 1 1 1 1 1 3 2 2 1 2 1 1 3 |1 1 1 1 1 1 1 1 1 |1 1 1 1 1 1 1 2 2 2 1 1 |2 1 1 4 2 1 2 3 1 1 1 1 1 1 |1 1 2 1 1 2 1 2 1 2 1 2 |1 2 2 1 1 2 1 2 2 3 2 2 1 4 |1 1 1 1 1 1 1 1 1 |1 1 1 1 1 2 3 1 3 4 1 2 2 |2 2 2 1 1 1 1 4 2 1 1 2 5 4 1 1 2 |2 1 1 3 1 3 2 1 1 2 1 2 1 3 1 |1 1 2 1 1 1 1 1 1 |1 1 1 1 1 1 2 1 3 1 1 1 |1 1 1 1 1 1 1 1 1 1 2 1 |1 4 1 1 1 2 1 4 2 1 1 5 5 1 1 4 2 |1 1 1 1 1 1 |1 1 1 2 1 2 1 3 2 1 1 1 1 1 |1 1 1 1 1 1 1 |1 1 1 1 1 |1 1 3 2 2 1 1 1 1 1 1 1 |1 2 3 2 1 1 3 1 1 2 1 1 1 2 5 1 1 1 5 |4 4 1 2 2 1 1 2 1 1 1 4 1 2 1 |1 1 2 1 1 1 1 |1 1 1 1 1 |1 1 1 1 2 1 1 1 2 2 1 1 1 2 1 |1 1 1 1 1 1 1 1 1 |3 1 2 1 3 2 3 1 3 3 1 2 2 4 1 2 1 1 |1 1 1 1 2 1 1 1 |5 1 1 3 3 1 1 2 4 2 2 2 2 1 1 3 3 1 2 |1 1 1 1 2 1 2 2 1 1 3 1 1 4 1 2 1 1 1 |1 2 1 1 1 3 2 2 2 1 1 1 1 |1 1 1 1 3 1 1 1 1 2 3 1 3 1 2 4 |1 1 1 1 1 1 1 |1 1 5 1 2 2 2 5 1 2 2 3 3 4 1 6 1 1 |2 2 1 2 2 5 4 1 4 2 1 2 1 1 1 1 1 2 3 |2 2 3 1 2 1 1 2 2 1 2 2 1 3 3 1 |1 1 2 1 4 2 2 1 1 1 2 1 2 |1 1 1 1 1 |2 1 1 1 1 2 1 1 1 1 1 3 1 3 2 1 |1 1 1 1 1 1 1 1 |realPatrol = 1200|fitness = 857.5069588987101

第21个BestWave: 
4 1 1 1 6 2 2 2 4 1 1 2 2 1 1 |3 3 2 3 3 1 1 5 1 2 2 3 3 1 5 1 1 3 1 1 |2 1 1 1 1 1 1 1 |1 2 1 5 1 1 1 |1 2 1 2 1 3 4 2 2 2 3 3 2 1 3 2 |2 1 1 1 1 1 3 1 1 1 1 1 3 1 |1 1 1 4 2 1 2 2 1 4 2 1 1 1 3 2 |2 1 1 1 1 |1 1 1 1 2 1 1 |1 1 1 1 2 3 1 1 3 1 2 1 2 1 2 |1 1 3 1 2 1 1 1 1 1 1 1 1 1 1 |1 1 1 1 1 2 1 1 1 1 |1 1 1 1 1 |4 2 1 1 1 1 2 1 1 1 1 1 |1 2 2 1 2 1 2 1 2 1 2 2 1 4 4 4 |1 1 1 1 1 1 1 1 |2 2 4 2 1 2 1 2 1 1 3 3 2 1 3 1 1 |1 1 1 1 1 1 2 |1 1 1 3 5 2 1 1 1 4 1 1 1 |1 6 1 6 1 1 1 2 2 5 2 2 3 2 1 1 2 1 2 3 |1 1 2 2 2 1 1 1 1 1 1 1 1 2 1 2 |3 1 1 2 1 1 2 1 1 4 1 1 2 1 |1 1 1 1 1 1 1 1 1 |1 1 2 1 1 1 1 1 1 1 1 3 |1 1 1 1 1 2 1 2 1 2 1 1 1 2 |1 1 1 2 1 2 1 1 1 1 1 1 |1 1 1 1 3 1 3 1 1 1 1 1 1 2 |2 2 1 1 2 1 1 1 1 |4 1 1 2 1 1 1 2 2 2 1 1 1 |2 4 2 1 1 2 1 2 1 1 2 2 1 1 2 3 1 |2 4 1 1 3 1 3 1 1 1 1 2 1 1 2 |1 1 1 1 1 1 1 1 4 |1 2 2 2 1 1 1 1 1 2 4 1 |1 1 1 2 1 1 1 1 1 1 1 1 |1 1 1 1 1 2 1 2 1 2 1 3 1 2 1 4 2 |2 1 1 1 1 3 |1 4 1 2 1 1 1 1 2 2 1 1 1 1 |1 1 1 1 1 1 1 |1 1 1 1 1 |1 1 3 1 1 1 1 1 1 2 2 1 |4 2 1 2 1 2 1 1 2 2 3 2 1 2 3 1 4 1 3 |1 1 3 2 1 1 1 3 1 1 1 3 1 1 1 |1 1 1 1 1 1 1 |1 1 1 1 1 |5 2 1 1 1 1 1 1 1 1 1 2 2 2 1 |2 1 2 1 1 1 1 1 1 |3 1 2 1 3 1 2 2 1 2 1 6 1 6 3 3 3 1 |2 1 1 1 1 1 1 1 |1 1 1 2 2 1 2 3 1 1 1 1 2 1 1 3 1 1 2 |1 1 3 2 1 1 1 1 1 2 4 1 1 5 4 1 2 5 1 |2 3 1 1 1 1 1 1 1 1 1 1 1 |1 3 1 3 1 2 2 1 1 3 1 1 1 1 1 1 |1 1 1 1 1 1 2 |2 2 4 1 1 2 3 2 1 1 4 2 6 4 2 2 1 2 |6 1 1 1 4 2 1 2 4 6 1 1 4 1 2 5 1 4 2 |3 5 2 1 2 1 3 2 4 1 2 1 1 1 1 1 |1 1 2 1 1 1 1 1 1 1 1 4 1 |1 1 1 1 1 |1 4 3 1 1 1 2 1 1 1 1 4 2 1 2 4 |1 1 1 1 1 1 1 1 |realPatrol = 1200|fitness = 859.4036120507931

第22个BestWave: 
1 1 2 1 3 1 1 1 3 1 1 1 1 1 2 |2 1 1 1 3 1 2 2 4 3 3 4 6 1 3 2 1 2 1 3 |2 2 1 1 1 1 1 1 |1 1 1 1 1 2 1 |1 1 1 1 3 1 2 3 1 1 1 1 1 3 1 4 |1 2 2 4 1 1 2 4 1 1 1 1 3 1 |2 5 1 1 1 1 1 1 1 4 1 1 2 1 1 3 |3 1 1 1 1 |1 1 1 1 2 1 2 |2 1 3 1 3 2 6 2 1 1 1 1 2 4 1 |1 1 1 3 1 1 4 2 2 2 1 2 1 1 1 |1 1 1 1 1 1 1 1 2 1 |1 1 1 1 2 |2 1 1 2 2 1 1 1 1 1 1 1 |2 2 1 2 3 2 1 1 1 1 1 3 2 1 2 2 |1 1 1 2 1 1 1 1 |1 2 2 4 1 2 2 1 1 1 3 1 2 3 2 3 1 |1 1 2 1 1 1 1 |1 1 3 1 1 1 1 1 1 2 1 2 1 |1 3 1 4 2 1 2 1 1 2 3 1 4 1 2 3 2 1 1 1 |1 1 1 2 1 2 1 1 1 1 1 2 5 2 2 1 |1 1 1 1 1 2 1 1 2 2 2 3 1 3 |2 1 1 2 1 1 1 2 1 |1 2 1 1 1 1 2 1 1 1 1 2 |2 1 1 2 1 1 1 1 1 1 2 1 1 1 |2 1 1 1 1 1 1 2 1 1 1 1 |1 2 1 1 1 1 3 1 1 1 2 2 1 1 |1 2 2 1 1 1 1 1 1 |1 2 1 3 4 2 1 4 4 1 1 1 2 |1 1 3 1 2 1 1 4 1 2 3 1 1 1 1 1 2 |2 5 1 1 4 1 1 1 2 5 1 1 1 1 1 |1 1 1 1 1 1 1 1 1 |3 2 1 1 1 2 1 2 1 1 2 1 |1 2 1 1 1 1 2 4 1 1 2 1 |1 1 2 1 2 1 1 1 1 2 2 4 5 1 1 5 1 |1 1 1 1 1 1 |1 3 1 2 2 2 2 1 1 1 4 1 2 1 |1 1 1 2 1 1 1 |1 1 1 1 1 |1 1 3 2 1 1 1 1 2 1 1 2 |2 2 1 1 4 2 3 1 2 3 3 4 1 2 1 2 4 2 5 |3 1 2 1 1 1 2 2 3 1 1 3 1 2 1 |1 2 1 1 1 1 1 |1 1 1 1 1 |2 6 1 3 2 1 1 1 4 2 1 1 2 1 2 |2 1 1 1 1 1 1 1 1 |1 2 1 1 4 1 2 1 2 1 1 1 1 2 1 4 1 1 |1 2 1 1 1 1 1 1 |2 5 1 3 3 1 1 3 3 2 2 2 1 2 2 2 1 1 1 |4 2 1 1 1 1 2 2 2 1 1 1 1 3 2 2 2 1 3 |1 1 2 2 1 1 1 1 1 1 1 1 1 |1 4 1 1 1 1 2 2 1 1 1 1 2 1 1 2 |1 1 1 1 1 1 1 |2 1 4 2 2 4 5 5 1 1 1 3 2 3 1 2 3 2 |1 2 2 2 2 3 2 2 5 4 4 1 3 1 4 6 1 3 4 |1 2 1 1 1 1 1 1 1 1 1 1 1 1 2 1 |1 1 1 2 1 2 1 1 1 3 1 1 1 |1 1 1 1 1 |1 3 5 1 1 2 2 3 2 1 2 1 1 3 1 1 |1 1 1 1 1 1 1 1 |realPatrol = 1200|fitness = 863.8959777308612

第23个BestWave: 
2 1 1 3 2 3 1 1 2 4 1 1 1 1 2 |3 2 1 3 1 1 2 1 3 4 1 4 3 1 3 6 3 1 1 1 |2 1 2 1 2 2 1 1 |1 1 1 2 2 1 1 |1 2 1 1 2 1 1 2 1 1 1 1 1 2 1 2 |1 1 1 1 1 2 1 2 1 4 1 1 3 2 |2 1 1 1 1 1 1 1 4 4 1 2 1 2 2 2 |1 1 1 1 1 |2 1 1 2 1 1 1 |1 2 1 1 2 1 1 1 1 1 1 1 1 1 3 |2 1 1 1 1 1 1 2 1 2 1 3 1 6 1 |1 1 1 1 1 2 1 1 1 1 |1 1 1 1 1 |2 1 3 1 1 1 1 1 1 1 2 1 |1 1 2 1 4 1 1 2 2 1 1 2 1 1 1 1 |1 2 1 1 1 1 1 1 |1 2 5 2 1 1 1 2 4 3 3 3 1 1 2 2 1 |1 1 1 2 1 1 1 |1 1 1 1 5 1 1 1 1 5 1 1 3 |1 1 2 3 3 2 3 2 1 4 2 1 1 2 2 2 4 3 3 3 |1 5 1 3 2 1 1 1 1 1 1 2 1 5 1 1 |2 1 1 1 2 1 1 1 2 2 1 1 2 1 |1 2 1 1 1 1 1 1 1 |2 1 2 2 1 2 4 1 1 1 1 1 |2 2 1 1 2 3 1 1 1 1 1 1 1 1 |1 1 1 1 1 1 1 1 1 2 1 2 |1 2 1 2 2 1 1 1 1 1 3 1 1 1 |1 1 1 1 1 1 1 1 1 |1 1 2 2 1 2 1 1 2 1 1 1 1 |2 3 1 1 2 1 1 6 1 1 2 1 2 3 2 1 1 |3 5 1 1 3 1 4 1 1 1 1 1 1 1 2 |1 1 1 1 1 1 1 1 2 |3 2 2 2 1 1 1 1 4 2 1 1 |2 1 1 1 1 2 1 2 1 1 1 1 |1 2 3 1 1 1 1 1 1 2 1 1 4 5 1 4 2 |1 1 1 1 1 1 |2 3 1 1 1 1 1 1 1 1 2 1 2 3 |1 1 1 1 2 2 1 |1 1 1 1 1 |2 1 4 2 2 1 1 1 1 2 1 2 |1 1 2 5 1 1 1 3 1 1 1 1 1 1 3 2 2 3 3 |2 3 4 1 2 1 1 2 1 2 1 3 1 1 2 |1 1 1 1 1 1 1 |1 1 1 2 2 |3 2 1 1 1 2 1 2 3 2 3 1 4 4 1 |1 1 1 1 1 1 1 1 1 |2 3 1 3 4 1 4 3 2 2 1 1 1 2 1 2 1 2 |2 1 1 1 1 1 1 1 |2 3 1 4 5 2 5 2 1 3 1 2 1 2 1 2 2 5 4 |1 1 1 2 1 4 3 1 1 3 1 2 1 2 1 3 2 1 2 |2 2 1 1 1 3 1 2 2 1 1 1 1 |1 3 5 2 1 1 1 1 2 1 1 1 2 1 1 3 |1 1 1 1 1 1 1 |1 1 2 4 2 3 2 5 1 3 2 3 3 1 3 4 1 1 |1 1 1 1 1 3 3 2 3 1 2 1 4 1 1 4 1 3 5 |1 2 1 1 1 1 1 2 1 1 1 1 1 1 1 1 |2 1 1 1 1 5 2 1 1 2 4 1 1 |1 1 1 1 1 |2 1 1 1 1 1 1 1 2 1 4 3 1 1 1 2 |1 1 1 1 2 1 1 1 |realPatrol = 1200|fitness = 859.6030435577759

第24个BestWave: 
1 1 1 2 4 3 1 2 1 3 1 2 1 1 3 |1 1 6 1 2 1 3 4 2 5 3 3 5 1 1 4 2 4 1 1 |1 1 1 1 1 1 1 1 |1 1 1 1 1 1 1 |1 2 2 3 1 3 3 2 1 2 1 2 1 1 1 2 |2 2 1 2 3 1 1 1 1 3 1 1 2 1 |2 2 1 1 3 2 1 1 5 3 1 1 1 2 1 3 |1 1 1 1 1 |1 1 1 1 1 1 1 |1 2 1 1 2 2 2 1 4 2 2 2 1 1 1 |1 1 1 2 1 1 3 1 1 3 2 3 1 1 1 |1 1 1 3 1 1 2 1 1 2 |1 1 1 1 1 |1 1 1 1 1 1 1 3 1 1 2 1 |1 2 2 1 2 2 1 2 3 1 1 3 1 1 1 1 |2 1 2 1 1 1 1 1 |1 1 2 1 3 1 1 1 1 1 1 5 3 2 1 1 1 |1 1 1 1 2 1 1 |1 1 1 1 1 1 1 1 1 5 1 1 1 |1 4 3 4 1 1 4 1 2 2 1 3 1 2 1 1 3 3 1 2 |1 1 2 1 2 1 2 3 1 1 1 1 1 1 2 1 |1 1 3 2 1 1 1 1 1 3 2 1 1 2 |1 1 1 1 1 1 2 2 1 |2 1 5 2 2 1 2 1 2 2 1 1 |5 1 3 1 2 1 1 1 1 1 2 1 1 1 |1 4 1 2 1 1 1 1 1 1 1 1 |1 1 1 1 2 3 1 1 1 1 1 3 1 2 |1 1 1 1 2 1 1 1 1 |2 1 1 3 2 1 1 1 2 2 1 1 3 |2 1 4 1 2 1 1 2 2 2 1 1 1 2 2 3 1 |4 3 1 2 3 1 1 2 2 1 2 1 1 1 4 |1 1 1 1 1 1 1 1 1 |1 1 1 1 2 2 2 1 3 1 4 2 |1 1 2 1 1 4 1 1 2 1 1 1 |2 2 4 4 2 1 4 1 2 4 1 3 3 1 1 4 1 |1 1 1 1 1 1 |1 2 1 4 1 1 1 3 1 1 2 1 1 3 |1 1 1 1 1 1 1 |1 1 1 1 1 |2 2 3 1 1 1 2 4 5 1 1 4 |1 1 2 1 2 2 1 2 1 2 1 1 1 1 3 1 1 3 2 |3 1 2 1 2 1 1 1 1 1 1 6 1 1 1 |1 1 1 1 1 1 1 |1 1 2 1 1 |2 2 2 2 1 2 2 1 1 1 2 1 2 2 1 |1 1 1 1 1 1 2 1 1 |1 5 1 1 5 3 1 1 1 1 1 1 2 5 1 2 5 2 |1 1 1 1 1 1 1 2 |2 1 2 1 3 1 5 2 3 1 1 1 3 1 3 4 3 2 1 |2 1 1 1 2 2 1 3 4 2 1 1 1 2 1 1 2 4 1 |1 1 1 1 1 1 1 1 1 1 2 1 3 |1 2 2 1 1 1 1 1 2 4 2 1 1 1 1 1 |1 1 2 1 1 1 1 |2 1 3 1 1 1 2 3 1 2 2 2 3 5 2 2 1 1 |2 1 1 1 1 2 1 2 2 4 1 1 2 3 3 3 1 3 4 |1 1 1 1 3 3 3 2 2 1 1 1 1 2 1 1 |1 1 1 1 1 1 1 1 1 1 2 1 2 |1 1 2 1 1 |1 1 3 1 2 4 4 2 1 1 1 3 1 3 2 1 |1 1 1 1 1 2 1 1 |realPatrol = 1200|fitness = 864.2278714204318

第25个BestWave: 
1 2 3 1 3 3 2 2 2 1 1 1 1 1 2 |6 1 2 2 2 1 2 1 4 4 2 1 5 3 1 3 2 1 3 2 |1 1 1 1 1 1 1 1 |1 1 3 1 1 1 1 |3 2 1 2 4 1 3 3 1 1 1 1 1 4 1 4 |1 1 1 1 2 1 1 2 2 1 1 1 2 5 |1 2 2 2 1 1 1 2 1 4 2 1 1 2 1 4 |1 1 2 1 1 |1 1 1 1 1 2 1 |1 2 1 2 2 1 1 2 5 1 1 1 2 1 3 |1 1 1 2 1 1 4 1 1 3 1 2 1 1 2 |1 2 1 2 1 1 1 1 3 2 |1 1 1 2 1 |2 1 1 1 1 1 1 1 1 2 2 1 |1 2 1 2 1 1 3 2 1 1 3 4 2 2 1 1 |1 1 1 1 1 1 1 1 |2 1 1 2 1 1 1 1 2 1 3 2 2 1 1 1 2 |1 1 1 1 1 1 1 |1 1 1 2 4 1 1 1 1 1 1 1 1 |1 1 1 4 1 4 3 1 1 1 1 4 1 1 3 2 1 2 2 3 |1 1 1 1 1 2 1 1 1 1 1 1 2 1 1 2 |1 1 1 2 2 4 3 1 1 3 4 1 1 1 |1 2 1 1 1 1 1 1 1 |1 1 2 1 2 1 4 2 1 2 1 1 |2 2 1 1 2 2 1 1 5 1 3 1 1 1 |1 3 1 1 1 1 2 1 2 3 1 1 |1 2 2 1 4 3 4 3 2 1 1 1 1 1 |1 1 1 1 1 1 1 1 1 |1 1 2 2 2 1 1 1 3 2 3 1 3 |1 1 2 2 4 1 1 1 1 1 3 1 1 1 1 1 1 |1 3 1 1 1 1 1 2 4 1 2 1 4 1 1 |1 1 1 1 1 1 1 2 2 |2 1 1 1 3 1 1 1 2 1 2 1 |1 1 2 1 1 1 1 1 1 3 1 1 |1 2 3 1 2 1 2 3 4 1 1 2 5 1 1 2 3 |1 2 1 1 1 1 |1 3 1 2 1 1 1 1 1 2 1 1 1 1 |2 1 1 1 1 1 2 |1 1 1 1 1 |2 3 1 2 1 2 3 1 1 1 2 1 |3 1 3 3 1 1 1 1 1 3 1 2 2 1 2 2 2 1 1 |3 1 2 1 1 1 1 1 1 1 1 5 1 1 1 |1 1 1 1 1 1 1 |1 1 1 1 1 |4 1 2 1 2 1 2 1 3 1 1 1 1 1 1 |1 1 2 2 1 2 1 1 2 |1 1 1 2 1 1 3 3 1 1 1 3 1 3 1 2 1 3 |1 1 1 1 1 1 1 2 |1 1 2 3 6 2 1 1 4 1 1 1 1 1 3 1 2 3 2 |1 1 4 1 1 2 1 2 2 1 5 1 1 2 1 1 1 1 1 |2 1 1 1 2 1 2 2 1 3 1 4 1 |1 1 1 3 1 1 2 1 1 1 2 1 1 3 2 2 |1 1 1 1 1 1 1 |1 2 4 2 1 1 5 3 5 3 1 3 2 4 2 2 1 3 |1 1 1 2 1 2 5 1 3 5 3 1 5 3 3 4 1 2 2 |1 1 1 1 1 1 2 1 6 1 2 3 1 1 1 1 |1 2 1 1 1 2 1 1 1 1 3 2 2 |1 1 1 1 1 |1 2 2 2 4 4 1 1 1 1 1 3 3 2 2 3 |1 1 1 1 2 1 1 1 |realPatrol = 1200|fitness = 861.567143110241

第26个BestWave: 
1 1 1 2 1 1 1 2 1 4 2 1 1 1 1 |2 1 3 3 2 1 3 5 5 4 1 1 6 1 1 5 1 1 1 3 |1 1 1 2 2 1 1 1 |1 1 1 1 1 2 1 |2 3 1 1 1 1 3 2 1 1 1 2 2 1 2 2 |3 2 1 1 1 1 1 1 1 1 3 1 3 1 |2 2 1 2 3 1 1 1 1 2 1 1 2 1 1 5 |1 1 1 1 1 |1 1 1 1 1 1 1 |1 1 1 1 1 2 2 3 3 1 1 1 1 2 3 |1 1 3 1 2 1 1 3 1 1 1 1 1 1 1 |1 2 1 1 2 1 1 1 1 1 |1 1 1 1 1 |1 1 1 1 1 1 2 1 1 1 1 1 |2 1 1 2 1 1 3 1 2 4 1 2 1 1 4 4 |1 2 1 1 1 2 1 1 |2 2 2 1 3 2 1 1 1 1 5 2 2 4 2 3 1 |1 1 1 1 1 1 1 |1 1 1 2 3 2 3 1 2 1 2 1 2 |3 6 1 1 1 1 5 4 2 5 1 3 1 1 2 3 1 1 2 6 |4 2 1 1 1 1 1 2 2 1 1 1 1 2 2 1 |1 1 1 2 2 2 2 1 2 1 3 1 1 1 |1 1 1 1 1 2 1 1 1 |1 1 1 1 1 2 3 1 1 1 1 1 |1 1 1 1 1 1 1 1 1 1 2 1 1 4 |1 1 1 1 1 3 1 1 2 1 1 1 |1 3 1 2 1 2 1 3 2 1 2 1 1 1 |2 1 1 2 1 1 1 1 1 |1 1 1 1 1 1 1 3 1 1 1 1 2 |1 3 4 1 1 2 2 1 2 1 1 1 1 3 1 2 1 |1 4 1 2 1 1 4 1 2 1 1 1 1 1 2 |1 1 1 1 1 1 2 1 1 |2 1 1 1 1 1 1 4 1 1 1 1 |2 1 1 1 3 2 1 1 1 1 1 1 |1 1 2 4 1 2 6 2 3 4 1 2 1 5 1 2 1 |1 1 1 2 1 1 |1 2 2 1 1 1 1 2 2 2 1 1 1 1 |1 1 1 1 1 1 1 |1 1 1 1 1 |3 3 2 1 3 1 1 2 1 1 1 1 |1 2 2 1 4 1 4 2 1 1 2 1 2 2 5 1 1 1 1 |1 2 2 1 2 1 1 2 1 4 1 3 1 2 1 |1 1 2 1 1 1 1 |1 1 1 1 1 |3 5 3 2 1 1 4 1 1 1 1 1 2 2 1 |1 1 1 1 1 1 1 1 1 |1 3 1 1 5 1 1 3 1 2 2 2 3 3 1 2 1 2 |1 1 1 1 1 1 1 1 |3 4 1 1 5 1 2 1 2 1 5 2 1 1 1 3 2 3 1 |1 1 3 2 2 2 1 1 4 1 1 2 2 2 3 2 1 2 1 |1 3 2 1 1 1 1 1 1 2 2 1 1 |1 3 1 1 1 3 1 1 3 1 1 2 2 1 1 3 |1 1 1 1 1 1 1 |1 1 4 1 2 1 4 4 2 1 2 1 5 4 2 3 2 5 |1 1 1 1 2 2 1 3 2 6 4 1 3 1 1 4 2 1 6 |2 1 3 1 1 3 2 2 5 3 1 1 1 1 1 1 |1 2 1 1 1 2 1 2 1 1 1 1 1 |1 1 1 1 1 |1 3 1 1 3 4 1 2 1 1 2 2 1 2 2 1 |1 1 1 1 1 1 1 1 |realPatrol = 1200|fitness = 861.4767777933856

第27个BestWave: 
1 1 4 1 3 1 1 5 1 2 1 1 1 1 1 |3 1 2 2 1 3 1 2 2 4 3 2 6 2 2 3 1 2 2 1 |1 1 1 2 1 1 1 2 |1 2 1 1 1 1 1 |1 1 1 2 2 4 2 1 1 2 2 1 1 1 2 2 |1 1 1 1 1 2 2 1 1 1 1 3 1 1 |1 2 1 2 3 2 1 3 1 3 1 1 3 1 1 5 |1 1 1 1 1 |1 1 1 1 1 1 1 |2 2 1 1 1 1 2 1 4 2 1 3 2 2 1 |1 2 1 2 1 1 1 1 1 2 2 4 2 1 1 |1 1 1 1 1 1 1 2 1 1 |1 1 1 1 1 |1 1 1 2 1 1 1 1 1 1 1 1 |2 1 1 1 1 2 5 1 2 2 1 1 3 2 2 1 |2 1 1 1 1 1 1 1 |1 3 2 2 1 1 1 1 2 1 4 3 4 1 2 1 1 |1 1 1 2 1 1 2 |1 1 1 1 4 1 1 1 1 4 1 1 1 |1 5 2 1 1 2 4 1 4 2 3 1 1 1 4 4 3 2 2 2 |2 1 1 1 2 1 1 3 1 1 3 1 1 3 4 1 |2 2 2 1 2 1 1 3 2 1 2 2 2 1 |1 1 1 1 1 3 1 1 1 |1 1 1 2 2 1 1 1 1 1 1 1 |1 1 1 1 2 2 2 2 2 2 1 1 1 1 |1 2 2 1 1 1 2 2 1 3 1 1 |1 1 1 1 1 2 1 2 1 1 1 1 1 1 |1 1 2 1 1 1 1 2 1 |1 2 2 1 3 4 1 2 2 2 2 1 2 |1 1 2 1 1 2 1 1 3 1 1 1 4 6 1 1 1 |3 2 2 1 2 1 3 1 2 2 2 1 1 1 1 |1 1 1 2 1 1 1 1 1 |1 2 2 1 1 1 1 1 1 1 1 1 |1 1 1 2 1 1 1 1 1 5 1 1 |1 1 3 1 2 2 1 1 1 3 1 1 2 2 1 4 1 |1 1 1 1 1 1 |1 3 1 4 1 3 1 1 3 1 4 1 1 2 |1 1 1 1 1 1 1 |1 1 1 1 1 |1 1 1 1 1 1 1 1 1 1 1 3 |1 1 1 4 1 2 1 4 1 2 1 1 1 2 6 1 2 2 4 |2 4 1 1 2 1 1 3 2 2 1 1 1 1 1 |1 1 1 1 1 1 1 |2 1 1 1 1 |2 4 2 1 2 2 3 1 2 1 1 1 1 1 1 |1 1 1 1 1 1 1 1 1 |2 4 1 2 3 1 4 2 1 2 1 1 3 3 1 2 1 2 |2 1 1 1 2 1 1 1 |2 1 1 1 4 1 1 1 5 3 1 1 1 1 2 3 2 2 3 |1 1 2 3 2 1 1 2 1 4 3 5 1 2 1 2 1 4 1 |1 2 1 1 1 2 1 3 1 1 1 1 1 |1 1 2 2 1 1 1 1 1 1 2 4 1 1 2 1 |1 1 1 1 1 1 1 |2 1 2 5 4 1 2 5 2 2 1 2 1 6 2 5 1 2 |1 5 1 1 1 1 1 2 4 4 3 1 4 2 1 4 1 5 5 |2 1 1 1 1 1 1 1 3 1 1 1 3 2 4 1 |1 1 1 1 1 4 1 1 1 1 3 1 1 |1 1 2 1 1 |1 1 2 2 3 2 1 1 2 2 2 2 2 5 2 1 |1 1 1 1 1 1 1 1 |realPatrol = 1200|fitness = 857.3424835726593

第28个BestWave: 
1 1 3 2 6 2 2 2 1 1 1 1 2 1 6 |2 1 1 2 4 1 1 1 2 4 2 3 6 1 1 4 5 2 4 3 |1 1 1 1 1 1 1 1 |1 1 1 1 1 1 1 |1 1 1 1 3 1 1 2 1 1 3 1 1 3 2 1 |2 1 1 1 1 2 2 1 1 1 1 1 1 1 |2 1 1 2 2 1 2 2 1 3 3 1 2 1 3 2 |1 1 1 1 1 |1 1 1 1 1 1 1 |2 1 2 2 1 1 3 5 5 1 1 2 1 1 2 |1 2 1 1 1 1 2 1 1 1 2 1 2 1 1 |2 1 1 1 1 1 1 1 1 1 |1 1 1 1 1 |1 2 1 1 1 1 2 1 1 1 1 1 |1 1 2 1 2 1 1 1 1 1 2 3 2 1 2 3 |1 1 1 1 1 1 1 2 |1 1 2 1 1 2 1 2 1 4 2 1 1 2 1 1 1 |1 1 1 1 1 1 1 |1 1 1 2 2 2 1 5 1 5 1 3 1 |2 4 2 1 3 1 1 2 3 2 4 2 3 1 1 6 3 1 1 2 |2 1 1 3 1 1 1 1 3 1 2 2 1 2 2 3 |1 1 1 1 1 1 1 1 3 2 5 1 1 1 |1 1 1 1 1 1 1 1 1 |1 1 1 1 1 2 5 1 1 1 1 2 |3 1 2 4 1 1 1 2 2 3 1 1 1 1 |1 1 1 1 1 1 1 2 2 1 1 2 |1 1 1 1 1 1 1 2 1 1 1 1 1 2 |1 1 1 1 1 2 1 1 1 |2 2 2 2 4 1 1 2 3 3 1 1 1 |2 1 2 1 1 1 1 2 2 1 1 3 1 1 2 4 1 |3 5 5 1 1 2 2 1 1 1 1 1 1 1 1 |1 1 1 1 1 1 1 1 1 |2 3 1 1 1 2 3 2 1 1 1 1 |1 1 1 2 1 1 2 1 1 1 1 1 |1 1 1 3 3 1 3 2 1 1 2 1 2 1 3 2 1 |1 1 1 1 1 1 |1 2 2 1 1 1 2 1 2 1 1 1 1 1 |1 1 1 1 2 1 1 |1 2 1 1 1 |1 2 3 1 1 1 1 1 1 1 1 1 |2 1 2 2 2 2 2 1 1 2 1 2 1 1 1 1 4 2 1 |1 1 1 1 3 1 1 1 1 1 1 5 1 1 1 |1 1 1 1 1 1 1 |1 1 1 1 1 |6 1 3 2 2 1 1 1 2 2 1 1 1 1 2 |1 1 1 1 2 2 1 1 1 |2 1 3 1 3 1 2 1 1 3 1 3 1 4 1 2 1 3 |4 1 1 1 2 1 1 1 |1 3 1 2 3 1 2 1 4 1 5 2 5 2 2 4 3 3 4 |2 3 1 3 1 2 3 2 1 2 3 3 1 4 3 1 2 1 1 |1 1 2 1 3 1 1 2 1 1 1 4 2 |2 3 1 1 3 1 1 1 1 2 1 2 1 1 1 1 |2 2 1 1 1 1 2 |1 2 2 3 2 1 5 5 1 2 3 1 6 3 1 1 1 1 |1 2 1 2 1 1 2 4 5 5 4 3 3 1 2 6 1 2 5 |2 3 1 1 3 1 1 3 2 1 2 1 1 3 2 1 |1 1 1 1 1 2 1 1 1 1 1 1 1 |1 1 1 1 1 |2 4 1 2 1 1 1 1 1 2 1 2 1 1 1 3 |1 1 1 1 1 1 1 1 |realPatrol = 1200|fitness = 862.0686164127796

第29个BestWave: 
1 1 3 1 5 2 1 4 1 3 1 1 1 1 1 |1 3 3 1 1 1 1 3 3 5 3 1 6 2 3 4 4 2 1 2 |2 1 1 1 1 1 1 1 |1 1 1 1 1 1 1 |1 3 1 2 2 1 1 1 1 1 1 4 1 2 3 1 |5 1 1 1 1 1 1 1 1 1 1 1 2 1 |1 3 1 2 1 1 1 2 2 2 1 1 2 1 1 3 |1 1 1 1 1 |1 1 1 1 1 1 1 |3 1 1 2 1 1 2 2 1 1 1 1 1 1 6 |1 1 1 1 2 1 1 1 2 1 1 1 1 1 1 |1 1 1 1 2 1 1 1 2 2 |1 1 1 1 1 |1 1 1 2 1 1 1 1 1 1 1 2 |1 2 1 3 1 2 2 1 1 1 1 2 1 1 4 1 |1 1 1 1 2 1 1 1 |1 1 1 1 1 1 1 1 4 2 1 2 1 3 1 1 1 |3 1 1 2 1 1 1 |2 1 1 2 1 2 1 1 1 2 1 1 3 |4 4 3 1 6 1 1 1 2 3 4 1 2 1 1 5 2 1 3 2 |2 1 3 2 1 1 3 1 1 1 1 1 4 1 2 6 |1 1 1 1 2 1 1 1 1 2 1 2 3 2 |1 1 1 1 1 1 1 1 2 |1 3 1 1 1 1 2 1 3 2 1 1 |1 3 3 1 1 3 3 3 1 3 2 1 1 3 |3 1 1 1 1 1 1 1 1 1 1 1 |3 2 1 1 2 1 6 2 1 1 1 1 1 1 |1 1 1 1 2 1 1 1 1 |2 1 1 1 3 1 1 1 1 1 3 1 3 |1 1 1 1 4 2 1 2 1 2 1 1 3 4 2 4 2 |4 5 3 2 3 1 1 4 2 1 1 1 1 1 1 |1 2 1 1 1 1 1 1 1 |1 1 1 3 1 1 3 1 1 1 1 2 |3 1 1 1 1 3 1 1 1 1 4 1 |1 2 3 2 1 1 2 1 3 4 2 5 6 2 1 2 1 |1 1 1 1 1 2 |1 2 1 2 1 2 1 1 1 1 2 1 1 1 |1 1 1 1 1 1 1 |1 1 1 1 1 |4 2 5 1 1 1 1 2 1 1 1 2 |1 1 1 1 1 1 1 3 2 1 3 2 2 1 4 1 2 1 1 |1 1 1 1 1 1 1 2 2 2 1 1 1 1 1 |1 1 1 1 1 1 1 |1 1 1 1 1 |3 1 1 1 1 1 1 1 5 1 1 1 5 1 2 |1 1 1 2 1 1 1 2 1 |1 2 3 1 6 1 1 1 2 1 1 4 1 5 2 2 1 1 |1 1 1 1 1 1 1 3 |1 2 2 2 4 1 1 3 4 2 1 1 1 1 3 2 1 4 2 |1 1 6 2 5 1 3 2 1 1 1 1 2 2 1 1 1 1 1 |1 1 3 2 1 2 1 1 1 1 3 1 1 |1 1 1 2 2 1 1 1 2 3 3 1 2 1 4 3 |2 1 1 1 1 1 1 |3 1 6 1 1 1 2 3 2 1 2 4 3 6 1 2 2 1 |1 5 1 1 1 1 1 1 3 4 3 1 1 2 1 5 1 1 4 |3 2 1 1 2 1 1 1 2 1 3 4 2 1 2 1 |1 1 1 1 1 1 1 1 1 1 1 1 1 |1 1 2 1 1 |2 1 2 3 2 4 1 1 1 1 1 1 1 2 1 1 |1 2 1 1 1 1 1 1 |realPatrol = 1200|fitness = 868.3181007826863

第30个BestWave: 
1 1 1 2 3 1 1 1 1 5 1 3 2 1 1 |2 1 3 1 1 3 1 4 4 3 4 1 4 1 2 1 1 1 2 1 |1 1 1 1 1 1 1 1 |1 1 1 1 1 1 1 |1 3 3 1 2 3 1 2 3 1 2 1 2 1 2 2 |1 1 3 1 2 1 1 1 3 1 2 1 1 1 |1 2 1 3 3 1 2 1 1 2 1 2 2 1 1 2 |2 1 1 1 1 |1 1 1 1 1 1 1 |1 2 2 2 1 1 3 1 1 1 1 2 2 1 4 |4 1 1 1 1 1 4 1 2 1 1 3 1 1 1 |1 1 1 1 1 1 1 1 1 1 |1 1 1 1 1 |2 1 1 1 2 1 1 1 2 1 4 1 |1 3 1 1 2 1 2 1 1 1 5 4 1 2 2 1 |1 1 1 1 1 1 1 1 |3 1 3 1 1 2 1 1 1 1 1 1 1 1 2 1 1 |1 1 1 1 1 3 2 |1 1 1 1 1 1 1 1 3 2 1 1 2 |2 4 2 1 2 1 2 2 1 4 1 3 4 1 1 5 2 2 1 1 |1 1 1 1 1 1 1 3 1 1 1 1 1 3 1 1 |1 1 1 1 1 1 1 1 1 1 3 2 1 1 |1 1 1 1 1 1 1 1 1 |3 1 1 1 1 1 2 1 1 1 1 1 |3 2 1 2 1 2 2 1 1 1 2 1 4 2 |1 1 1 1 1 1 1 1 1 1 1 1 |1 2 1 1 1 1 1 3 1 1 1 3 1 1 |1 1 1 1 2 1 1 2 1 |1 1 1 1 2 2 1 1 1 2 1 1 2 |4 1 4 1 1 4 4 3 1 2 1 1 1 4 1 3 1 |5 1 1 2 3 1 5 2 1 1 1 1 3 1 1 |1 1 1 1 1 1 3 1 1 |2 1 1 2 1 3 1 1 3 1 1 2 |2 1 3 2 2 1 1 1 2 1 1 2 |2 1 4 3 2 1 1 1 2 3 1 3 6 5 1 3 2 |1 1 1 1 1 1 |1 1 1 4 1 2 1 4 2 1 1 1 5 4 |1 1 1 1 1 1 1 |1 1 2 1 1 |1 1 1 1 1 3 1 1 1 1 1 4 |1 1 4 1 4 6 1 2 2 2 1 1 1 1 2 2 2 1 3 |1 5 1 1 1 1 1 1 4 2 2 3 1 1 1 |2 1 1 1 1 1 1 |1 1 2 1 1 |5 4 2 1 1 1 1 1 1 1 2 1 2 2 1 |2 1 2 1 1 1 1 1 1 |2 1 1 2 2 2 2 5 1 1 1 6 1 2 2 1 2 1 |1 2 1 2 1 1 2 3 |1 4 3 3 6 4 3 1 4 2 2 2 2 3 1 4 1 1 2 |1 1 2 1 1 1 2 1 1 1 1 1 1 5 1 2 3 2 1 |1 1 1 1 1 1 1 2 1 1 1 1 2 |2 1 2 1 1 1 1 2 1 4 1 3 1 1 2 2 |1 1 1 1 1 1 1 |1 1 3 3 1 1 3 4 1 2 2 1 5 4 3 6 2 1 |3 1 1 2 1 1 2 1 3 3 4 1 1 1 1 2 2 4 5 |1 2 2 2 1 1 1 1 4 1 2 1 1 1 3 1 |1 1 2 1 1 2 1 1 1 2 2 1 1 |1 1 1 1 1 |1 3 2 1 1 2 1 1 1 1 1 1 3 4 1 1 |1 1 2 1 1 1 1 1 |realPatrol = 1200|fitness = 861.6209242916636

第31个BestWave: 
1 2 2 1 2 1 1 3 2 3 2 3 2 1 3 |6 2 1 3 4 2 1 1 3 5 2 1 5 1 3 4 4 5 2 2 |1 1 2 1 1 1 1 1 |1 1 2 1 1 1 1 |1 1 1 2 1 1 3 2 1 1 1 1 1 2 1 2 |1 2 1 1 1 1 3 1 1 3 1 1 1 1 |1 2 1 4 1 3 1 1 2 3 1 1 1 2 1 4 |1 1 1 1 1 |1 1 2 1 2 1 1 |1 1 1 2 2 1 2 1 5 1 1 1 1 1 4 |2 1 1 1 2 3 1 1 1 1 1 1 2 3 2 |1 1 1 2 2 1 1 1 1 1 |1 1 1 1 1 |1 2 1 2 1 1 1 1 1 2 1 1 |1 3 1 1 1 1 1 3 1 1 6 2 3 1 1 1 |1 1 1 1 1 1 1 1 |1 2 2 4 1 3 1 1 1 2 1 1 2 2 3 1 1 |1 1 1 2 1 1 1 |1 1 1 1 6 1 1 1 1 2 1 2 1 |4 5 2 2 1 1 3 1 3 1 5 2 2 3 4 4 3 1 1 1 |1 1 1 1 1 2 1 1 3 1 2 1 1 4 1 2 |1 1 1 1 1 1 1 2 1 1 1 1 1 1 |1 1 1 1 1 1 1 1 1 |1 2 2 1 1 1 1 1 2 1 1 1 |3 2 1 1 1 2 1 1 1 1 2 2 2 1 |3 1 1 2 2 2 1 1 1 1 1 1 |1 1 3 2 1 2 1 2 1 2 1 1 1 1 |1 1 1 1 2 1 1 1 1 |2 1 1 1 2 1 1 1 3 1 1 1 1 |1 1 2 1 1 1 1 1 1 2 1 1 1 2 2 3 1 |5 5 2 4 2 2 1 1 2 1 1 1 1 1 1 |1 1 1 1 1 1 1 1 1 |1 4 1 1 1 1 2 1 1 1 4 2 |1 2 1 1 1 1 1 1 1 3 1 1 |2 2 2 3 2 1 2 4 1 1 2 1 3 1 1 4 1 |1 1 1 1 1 1 |1 5 1 3 1 1 2 1 2 1 2 2 1 1 |2 1 1 1 1 1 1 |1 1 1 1 1 |3 4 1 3 1 1 1 1 1 1 1 3 |1 1 1 1 2 1 1 2 3 2 1 1 1 1 2 2 3 2 1 |1 2 1 1 3 1 1 1 1 1 1 3 1 1 1 |1 1 1 1 1 1 1 |1 1 1 1 1 |1 3 5 1 3 1 2 1 2 2 1 1 1 1 1 |1 1 1 2 1 1 1 1 1 |2 2 1 3 4 3 1 1 1 2 1 2 1 3 1 1 1 2 |1 1 1 1 2 1 1 1 |2 1 1 2 3 2 1 1 2 3 4 1 4 2 1 4 1 3 1 |1 2 1 1 1 1 1 3 1 5 6 1 1 4 3 1 3 3 1 |1 2 1 3 1 1 2 1 1 1 1 1 2 |1 2 1 3 1 1 2 1 4 4 2 1 1 2 3 1 |1 1 1 1 1 1 1 |1 3 4 1 1 1 5 5 2 2 1 2 4 3 1 4 1 1 |1 1 2 3 4 4 3 2 5 4 1 1 4 1 1 2 2 2 6 |1 3 3 1 3 2 1 1 2 1 1 1 1 3 1 1 |1 5 1 1 1 1 1 1 1 1 3 1 1 |1 1 1 1 1 |2 1 1 1 1 2 1 2 1 2 3 3 2 2 2 1 |1 1 1 1 1 1 1 2 |realPatrol = 1200|fitness = 867.0210226454601

第32个BestWave: 
1 1 1 1 2 1 1 6 4 2 1 1 1 3 1 |4 1 1 3 1 1 2 3 1 5 5 1 3 2 5 2 2 2 2 2 |1 1 1 1 1 1 1 1 |2 1 1 1 1 1 1 |1 1 1 1 1 1 3 3 2 1 1 1 1 4 1 2 |1 1 2 1 1 1 1 1 2 1 1 1 4 1 |1 2 1 1 1 1 2 3 3 2 1 4 1 1 1 5 |1 1 1 1 2 |1 1 1 1 1 1 1 |1 2 1 1 4 1 3 1 4 1 2 3 1 1 2 |1 1 5 2 2 1 1 2 1 4 1 2 1 1 1 |1 1 1 1 1 1 1 2 2 1 |1 1 1 1 1 |1 1 1 1 2 1 2 4 1 1 1 1 |1 3 1 3 2 2 1 1 1 2 1 3 2 3 1 1 |1 1 1 1 1 3 1 1 |1 1 1 3 1 2 2 1 1 1 2 2 2 1 2 1 1 |1 1 1 1 1 1 1 |1 1 1 1 1 2 3 1 1 2 2 1 1 |2 6 3 5 2 1 1 1 1 2 1 4 2 2 4 2 1 2 1 1 |1 1 1 1 1 1 1 1 1 1 1 1 3 2 1 1 |1 1 1 1 1 3 1 1 2 1 1 1 2 1 |1 1 2 1 1 2 2 1 1 |3 4 1 1 1 1 1 1 1 1 1 2 |2 2 1 1 1 2 2 1 1 3 1 1 1 3 |1 1 1 2 1 1 1 1 2 1 1 1 |1 2 2 1 1 2 1 1 1 2 1 1 2 1 |1 1 3 1 1 2 1 1 2 |2 3 1 1 1 1 1 1 1 4 1 2 1 |1 1 1 1 1 2 1 1 1 2 1 1 1 4 2 2 1 |3 5 1 1 3 2 1 1 1 1 2 1 2 4 2 |2 2 1 1 1 1 1 2 6 |4 2 2 1 1 1 2 3 2 1 1 1 |1 1 1 2 1 1 1 1 2 3 1 1 |1 4 6 1 3 1 1 1 2 4 1 1 2 1 2 2 1 |2 1 1 1 1 2 |1 4 2 1 1 1 3 2 1 1 3 1 2 2 |1 1 1 1 1 1 1 |1 1 1 1 1 |1 1 1 1 2 1 1 1 1 1 1 2 |1 1 1 2 1 2 1 2 1 2 4 1 1 1 2 2 1 5 1 |2 2 1 2 1 1 1 1 2 1 2 3 4 1 1 |2 2 1 1 2 1 1 |1 1 1 1 1 |4 4 3 1 1 1 2 1 2 3 1 1 4 1 1 |1 1 1 1 2 1 1 1 1 |1 1 6 1 5 1 1 1 1 5 2 1 1 5 1 3 4 1 |2 1 1 1 1 1 1 1 |2 1 3 1 4 1 2 1 3 1 4 1 2 1 1 3 1 3 4 |1 1 1 1 1 1 1 1 2 1 3 2 3 1 2 1 1 1 2 |1 1 1 1 2 1 2 1 1 1 1 1 1 |1 2 1 2 3 1 2 1 1 4 1 1 2 1 4 2 |1 1 1 1 1 1 1 |1 2 4 1 1 1 4 3 3 1 2 4 2 1 2 2 1 1 |1 5 1 1 1 2 1 1 1 4 5 1 4 3 4 5 2 1 1 |1 3 1 2 1 1 1 2 2 1 2 2 1 3 1 1 |1 1 1 1 2 2 4 1 2 1 3 1 1 |1 1 1 1 1 |1 4 1 1 1 3 1 2 1 2 1 1 1 4 1 1 |1 1 1 3 1 1 1 1 |realPatrol = 1200|fitness = 864.6701785583065

第33个BestWave: 
1 1 1 1 5 3 1 3 1 1 1 1 1 2 2 |3 5 3 1 2 1 3 4 1 6 4 1 5 2 4 3 3 2 1 1 |1 1 1 1 1 2 1 1 |1 2 1 1 1 2 1 |2 1 2 6 1 1 4 1 1 1 2 3 2 1 1 5 |1 2 1 1 1 1 1 2 1 2 1 2 3 1 |1 2 1 2 3 1 2 1 2 2 2 2 1 1 1 2 |2 2 1 1 1 |1 1 1 1 1 1 1 |1 1 2 1 3 1 1 3 4 1 1 1 1 1 3 |1 1 1 1 1 1 1 2 1 3 1 1 2 1 1 |1 1 1 1 2 1 1 1 2 2 |1 1 1 1 1 |3 1 1 1 1 1 2 1 2 2 1 1 |2 3 2 1 1 1 1 3 1 2 2 2 1 3 1 1 |1 2 1 1 4 1 1 1 |1 1 3 3 2 4 1 1 1 2 3 1 2 2 1 2 1 |1 1 1 1 1 1 2 |1 1 1 1 2 1 1 1 2 2 1 2 1 |2 4 4 1 1 2 2 1 3 2 3 3 1 2 3 3 2 2 1 1 |1 1 1 1 2 2 1 1 1 1 3 2 1 3 2 2 |2 1 1 1 2 1 1 1 1 3 1 1 1 1 |1 1 1 1 2 1 1 1 1 |1 1 1 1 1 1 1 1 1 1 1 2 |3 2 2 2 1 3 1 1 1 2 2 2 3 2 |1 2 1 2 1 1 3 1 1 1 2 1 |1 1 1 1 1 1 1 2 1 1 3 1 1 2 |1 1 1 1 2 1 2 1 1 |1 1 1 2 3 1 1 1 2 2 1 2 1 |1 1 2 1 1 1 1 2 2 1 3 1 1 6 3 1 1 |3 1 1 1 2 1 3 1 1 1 1 2 2 1 1 |1 2 1 1 1 1 1 2 1 |2 1 2 2 1 1 2 1 1 3 1 2 |1 1 1 2 1 1 2 2 1 2 1 1 |1 2 3 2 4 1 2 2 2 1 1 2 2 1 1 2 1 |1 1 1 1 1 1 |1 1 1 1 2 1 1 2 2 2 1 1 3 1 |2 1 1 1 1 1 1 |1 1 1 1 1 |1 1 3 1 2 1 1 2 1 1 1 1 |1 1 3 1 1 3 3 1 2 5 3 1 2 1 4 1 1 2 1 |1 2 1 1 3 3 1 2 1 1 2 1 1 1 2 |2 2 1 1 1 2 1 |1 1 1 1 1 |3 1 3 2 2 1 2 1 4 1 1 1 2 1 3 |1 1 1 1 1 2 1 1 1 |1 3 1 4 1 1 1 1 2 3 3 1 1 1 1 4 1 1 |1 1 1 1 1 1 1 2 |3 1 1 4 1 2 3 2 6 1 1 2 1 2 2 1 2 1 5 |2 1 3 1 1 1 2 1 1 1 1 3 2 1 3 2 1 1 1 |1 1 1 3 4 3 1 1 1 2 1 1 1 |2 3 1 1 1 2 1 1 1 3 2 1 1 1 4 1 |1 1 1 2 1 1 1 |2 1 4 1 2 2 2 4 1 2 1 1 5 3 3 2 1 4 |3 3 1 1 1 3 2 1 5 5 3 1 2 3 1 4 1 2 3 |1 1 3 2 2 1 1 2 2 1 4 1 4 1 1 1 |1 1 1 1 1 1 3 1 1 1 1 1 3 |1 1 1 1 1 |1 1 2 2 2 1 3 1 1 1 3 4 1 1 1 1 |1 2 3 1 1 1 1 1 |realPatrol = 1200|fitness = 859.7528412343434

第34个BestWave: 
4 2 3 2 3 1 1 1 1 2 1 1 2 2 1 |4 4 3 2 2 3 1 2 6 6 4 2 5 2 2 2 2 2 1 1 |2 1 1 1 1 1 2 1 |2 1 1 1 1 1 1 |4 1 1 1 2 1 3 3 2 1 1 1 2 1 1 1 |1 1 1 1 2 1 1 1 1 1 2 2 1 1 |1 1 1 2 1 1 1 5 1 4 3 1 3 1 1 4 |3 1 1 1 1 |1 1 1 2 1 1 1 |2 1 1 1 2 3 2 3 3 3 1 1 4 2 3 |1 1 2 1 1 1 3 1 2 3 1 2 1 1 1 |1 1 1 2 1 1 1 1 1 1 |1 1 1 1 1 |1 1 1 1 1 1 1 1 2 1 2 1 |1 1 2 4 1 1 1 1 1 1 1 1 1 1 2 1 |1 1 1 1 1 1 1 1 |2 3 3 1 1 1 1 2 2 3 4 2 1 3 2 2 3 |1 1 1 1 1 1 1 |1 2 1 1 1 1 1 1 4 1 1 1 2 |3 2 1 2 3 1 5 2 1 3 3 3 2 1 2 4 1 1 2 1 |1 1 1 3 3 1 1 3 1 1 3 1 1 1 1 1 |2 2 2 1 1 1 1 3 1 1 3 2 1 1 |1 1 1 1 1 1 1 1 1 |1 1 1 1 2 1 1 2 2 1 1 1 |1 1 1 3 1 1 1 1 1 3 1 1 1 1 |1 1 1 1 1 2 1 1 1 1 2 1 |3 2 2 1 2 1 1 1 1 1 1 1 1 1 |1 1 2 1 1 1 1 1 1 |1 1 1 1 1 2 1 3 3 1 1 1 3 |1 1 2 1 1 2 1 1 1 1 1 1 1 3 1 3 1 |5 3 1 1 2 4 2 2 1 1 1 2 1 1 3 |1 1 1 1 1 1 1 3 1 |1 3 2 2 1 3 2 1 2 1 2 2 |1 2 1 2 1 1 1 1 1 1 2 1 |2 3 3 1 2 1 2 1 1 2 1 1 1 2 1 3 1 |1 1 1 1 1 1 |1 1 1 1 1 1 1 1 1 1 1 1 2 2 |2 1 1 2 1 1 1 |1 1 1 1 1 |4 1 1 1 1 2 1 1 2 1 1 1 |1 2 6 1 2 1 3 2 1 1 1 4 1 2 5 2 2 2 4 |1 1 1 4 1 1 2 1 2 2 1 3 1 1 2 |1 2 1 1 1 2 1 |1 1 1 1 1 |4 3 2 1 1 2 1 1 1 2 1 1 1 1 1 |1 1 2 1 1 1 1 1 1 |1 3 1 1 4 1 1 1 1 3 1 1 1 3 1 6 3 1 |1 1 1 1 1 1 1 1 |1 1 2 1 1 1 3 1 3 1 2 2 2 3 1 4 3 2 4 |1 1 1 3 1 1 1 1 3 3 1 4 1 1 2 1 2 2 4 |2 1 1 3 1 1 1 1 1 1 1 1 1 |1 1 1 4 1 2 1 2 1 4 2 1 1 1 3 2 |1 1 1 1 1 1 1 |1 1 3 1 1 1 4 5 1 3 2 4 5 4 2 2 1 1 |4 1 2 1 1 1 3 3 2 3 3 3 3 4 3 3 1 2 5 |3 2 1 2 1 2 1 1 5 1 3 1 1 1 1 2 |2 1 2 2 2 1 2 3 2 2 1 4 2 |1 2 1 1 1 |1 1 1 1 1 2 1 1 1 1 1 3 1 2 1 1 |1 1 4 1 1 1 1 1 |realPatrol = 1200|fitness = 858.7619344738039

第35个BestWave: 
1 1 2 2 5 2 1 4 1 1 1 1 1 2 4 |2 1 2 1 1 2 1 2 4 3 1 3 5 4 1 1 3 2 2 2 |1 1 1 1 1 2 2 1 |1 1 1 1 1 1 1 |2 1 1 2 2 1 1 2 3 3 1 5 1 1 1 1 |2 3 2 4 1 2 2 1 1 3 1 1 1 1 |1 2 1 1 3 2 2 1 1 1 1 2 3 4 1 4 |1 1 1 2 1 |1 1 1 2 1 1 1 |3 1 1 3 1 1 2 3 4 1 1 2 1 1 4 |3 1 2 4 2 1 1 1 3 1 1 1 1 2 1 |1 1 1 1 1 1 1 1 2 1 |1 1 1 1 1 |3 1 1 1 1 1 1 1 2 1 1 1 |1 2 1 2 5 1 1 1 1 1 1 2 1 1 1 1 |1 1 1 1 1 1 1 1 |1 1 3 2 1 4 1 1 2 2 3 2 3 1 1 1 1 |1 1 1 1 2 1 1 |1 1 2 1 1 1 1 1 2 1 1 1 1 |1 3 1 4 2 1 5 1 2 2 1 4 1 1 3 1 1 3 1 2 |1 1 2 1 2 1 1 1 1 1 1 1 1 2 1 1 |2 1 1 1 1 1 3 1 2 4 2 2 2 1 |1 1 3 2 1 1 1 2 1 |2 1 2 1 1 1 1 1 1 1 2 2 |6 1 1 5 1 1 1 1 1 1 1 1 1 1 |1 1 1 1 2 1 1 1 1 1 3 1 |1 2 1 1 1 1 3 1 2 1 1 1 2 1 |1 1 1 1 1 1 1 1 1 |2 1 1 1 1 2 1 1 4 1 1 1 1 |1 3 1 1 1 1 1 1 3 1 1 1 2 3 2 1 1 |1 4 1 1 4 2 4 1 1 2 2 2 4 1 1 |1 1 3 1 1 1 1 3 1 |1 1 1 1 1 1 1 1 3 1 1 1 |1 1 1 1 1 1 1 1 1 5 1 1 |2 1 3 2 1 1 1 1 3 2 3 3 1 3 1 2 3 |1 1 1 1 1 2 |1 2 2 3 1 1 1 1 1 1 2 1 2 1 |1 1 1 2 1 1 1 |1 1 1 1 1 |4 1 2 1 1 1 1 1 1 1 2 1 |3 2 1 1 1 1 4 1 2 1 1 2 3 1 3 1 2 3 4 |2 1 4 1 3 1 1 1 1 2 1 4 1 1 1 |2 1 1 1 1 1 1 |1 1 1 1 1 |2 3 1 1 1 4 1 1 3 3 1 1 2 1 1 |1 1 1 1 2 1 1 1 1 |1 2 1 1 3 1 1 1 2 3 1 3 1 3 2 1 4 1 |1 1 1 1 1 1 1 1 |4 3 2 1 4 2 3 2 1 1 2 5 2 2 1 4 2 1 4 |2 3 2 3 4 2 1 1 1 2 1 1 2 4 1 1 1 1 1 |3 4 4 2 2 1 3 1 1 1 1 1 1 |5 1 1 2 2 1 1 1 1 2 1 1 2 1 4 4 |1 2 1 1 1 1 1 |1 2 3 2 1 1 4 4 1 2 2 1 3 4 1 1 1 1 |1 3 1 1 1 4 3 1 6 6 2 1 1 1 1 5 1 1 3 |1 3 3 1 1 1 2 2 1 2 6 1 1 2 1 1 |1 1 2 1 2 2 3 1 1 2 1 1 1 |1 1 1 1 1 |1 1 2 1 2 5 1 1 1 1 3 2 1 2 2 1 |1 1 1 1 1 1 1 1 |realPatrol = 1200|fitness = 863.3102432859545

第36个BestWave: 
3 1 1 1 2 1 1 4 1 1 1 2 1 2 1 |2 1 1 1 2 2 1 3 3 3 3 2 2 1 4 5 3 3 1 1 |1 1 1 1 1 1 1 1 |1 1 1 1 1 1 1 |3 3 1 1 1 1 2 2 1 3 1 1 1 3 1 1 |2 1 1 2 3 1 2 3 1 3 3 1 2 1 |1 2 2 1 1 1 1 1 1 1 1 1 2 1 1 1 |1 1 1 1 1 |1 1 2 1 1 1 1 |1 1 3 3 1 1 1 1 3 1 1 1 3 2 4 |1 1 2 1 1 3 1 2 2 1 1 1 1 3 1 |1 1 1 1 2 1 1 1 2 1 |1 1 1 1 1 |2 2 1 1 1 2 1 1 1 1 1 2 |1 1 1 3 2 1 1 2 1 1 1 1 3 5 1 1 |1 1 1 1 1 1 1 1 |3 1 3 1 3 3 1 3 1 2 1 1 1 3 3 4 3 |1 1 1 1 1 2 1 |2 1 4 1 4 1 1 1 1 1 1 1 1 |1 4 3 1 3 3 5 2 3 1 3 1 3 1 5 1 2 3 1 3 |1 3 2 2 4 1 3 3 1 1 1 1 2 1 2 3 |1 1 1 2 3 2 1 1 1 1 1 1 1 1 |1 1 1 1 2 2 1 1 1 |3 2 1 1 2 1 3 1 1 1 2 1 |1 1 1 5 1 3 1 3 1 2 1 1 1 4 |1 1 1 1 1 1 1 1 1 1 1 2 |1 1 1 2 1 1 1 1 1 1 5 1 1 1 |1 1 1 1 1 2 1 1 1 |1 1 2 1 4 1 2 1 1 2 1 2 1 |1 2 1 2 2 1 2 1 1 1 3 1 2 1 1 2 1 |3 3 1 1 2 2 3 2 1 2 1 1 1 2 1 |1 1 3 2 1 1 1 1 1 |1 4 1 1 2 1 1 1 1 1 1 1 |1 3 1 1 1 1 1 2 1 2 2 1 |2 4 1 1 5 1 1 2 1 4 1 2 4 2 1 5 1 |1 1 1 1 1 1 |1 2 1 2 1 1 1 3 1 1 1 1 1 1 |1 1 1 1 1 1 1 |1 1 1 1 1 |5 3 2 2 2 2 1 1 2 1 1 2 |3 1 3 2 1 1 1 2 1 2 1 1 1 4 4 1 2 1 4 |2 3 1 1 1 1 1 1 2 1 1 5 2 1 1 |1 1 1 1 1 1 1 |1 1 1 1 1 |3 2 1 1 6 1 1 1 1 2 3 1 2 1 1 |1 1 1 1 1 2 1 1 1 |1 2 4 1 5 1 1 1 1 2 1 1 1 4 1 2 1 1 |1 1 1 1 1 1 1 1 |1 2 2 4 3 1 1 2 2 1 2 1 1 2 2 3 2 6 3 |1 1 2 4 3 2 1 2 4 3 1 3 1 2 1 1 1 1 1 |2 1 2 1 1 1 1 2 1 1 1 1 1 |3 2 3 3 1 2 2 1 1 2 1 2 1 1 1 2 |1 1 1 1 2 1 1 |1 1 1 2 3 3 3 4 2 1 1 6 5 1 2 1 1 2 |3 1 1 1 4 2 4 1 2 6 5 4 6 1 1 4 1 3 4 |1 1 1 1 2 1 1 1 3 1 1 1 1 1 2 1 |1 1 2 1 1 1 2 2 1 1 1 1 1 |1 1 1 1 1 |1 1 2 1 1 1 1 3 1 1 1 3 1 3 2 1 |1 1 1 1 1 1 1 1 |realPatrol = 1200|fitness = 863.8225151521658

第37个BestWave: 
1 1 1 4 1 2 1 1 1 1 1 3 1 1 1 |4 1 2 1 5 4 1 4 1 6 4 2 5 3 2 3 2 2 1 4 |1 1 1 1 1 1 1 2 |1 2 1 1 1 1 2 |1 1 1 2 1 1 1 4 3 1 3 1 2 1 1 5 |4 1 1 1 1 2 2 1 1 1 2 1 1 1 |1 2 2 2 1 1 1 4 1 6 1 3 1 2 1 6 |2 1 1 1 1 |1 1 1 1 1 1 1 |2 1 1 2 2 1 2 2 4 1 1 1 1 2 1 |2 2 1 2 1 2 1 1 1 1 3 1 1 1 1 |1 1 1 1 2 1 1 1 1 2 |2 1 1 1 1 |1 1 1 1 1 1 1 2 2 1 1 1 |1 1 1 1 3 4 2 1 1 1 6 1 3 1 1 1 |2 2 2 1 1 1 1 1 |1 1 1 1 1 1 1 3 2 1 5 1 1 2 1 1 1 |1 1 1 2 1 1 2 |1 1 2 1 4 2 1 3 1 1 1 1 1 |3 5 1 5 1 1 5 4 1 5 4 1 3 3 2 1 2 2 1 1 |1 2 1 1 3 2 1 4 1 1 1 1 1 4 1 1 |1 1 1 1 1 1 1 1 2 1 1 1 1 1 |1 2 1 1 1 1 2 1 1 |1 2 1 1 1 1 1 4 1 1 2 1 |1 1 1 4 1 1 1 2 1 2 2 1 1 1 |1 1 1 1 1 1 1 1 1 1 1 1 |2 1 1 1 1 4 2 1 1 1 1 1 1 3 |1 1 1 1 1 2 1 1 1 |3 2 2 2 2 6 1 1 1 3 1 1 2 |1 3 1 1 1 1 2 2 1 5 2 1 1 1 1 1 1 |2 2 2 1 1 1 2 1 2 1 1 1 2 1 1 |1 1 1 1 1 2 1 1 2 |1 1 1 1 2 1 2 1 1 2 4 1 |1 1 1 1 2 1 1 3 1 3 2 1 |1 1 1 2 1 1 2 2 5 2 1 3 4 1 2 3 1 |1 1 1 1 1 1 |1 4 3 3 2 1 1 2 5 1 1 1 1 1 |1 1 1 1 1 1 1 |1 1 1 1 1 |3 1 3 2 1 1 1 1 3 1 1 1 |1 2 1 1 1 1 1 1 2 1 2 2 1 1 4 2 4 1 2 |1 1 1 1 3 1 2 1 1 2 1 4 2 1 2 |1 1 1 2 1 1 1 |1 1 1 1 1 |4 2 3 1 1 1 1 1 2 1 1 1 1 2 2 |1 1 2 2 1 1 2 1 1 |3 1 1 1 3 2 1 1 1 3 1 2 1 6 1 1 1 1 |1 1 1 2 1 1 2 1 |1 2 3 2 3 1 1 2 4 2 1 3 4 4 1 3 1 1 1 |1 2 4 1 1 1 1 1 4 1 1 2 3 3 1 1 3 1 2 |1 3 1 1 1 1 1 2 1 2 2 1 1 |4 2 1 2 1 2 1 1 1 5 1 3 1 2 1 3 |2 1 1 1 1 1 1 |1 1 1 1 2 1 1 5 2 1 2 1 4 2 3 4 1 2 |2 1 1 1 2 1 1 3 5 6 3 1 3 2 1 3 1 2 5 |1 1 1 1 2 1 1 1 1 2 4 1 3 1 1 1 |1 1 1 1 1 1 1 1 2 1 2 1 1 |1 1 1 1 1 |1 1 1 1 3 5 1 2 1 2 1 1 1 1 1 4 |1 1 2 1 1 1 1 2 |realPatrol = 1200|fitness = 864.3604474255038

第38个BestWave: 
1 2 2 3 3 2 1 1 3 2 1 2 3 1 1 |1 1 1 3 1 1 1 3 3 2 1 1 5 3 2 2 2 3 4 3 |1 1 1 1 1 1 1 2 |1 1 1 1 1 1 1 |2 1 2 1 1 1 2 3 1 2 1 1 2 3 3 1 |1 2 2 1 1 3 1 3 1 2 1 1 1 1 |1 3 1 2 1 1 1 1 1 3 1 3 1 2 2 3 |1 1 1 1 1 |1 1 1 1 1 1 1 |1 1 3 2 1 1 2 4 4 1 1 1 1 2 2 |1 1 1 2 1 1 2 1 2 1 1 1 1 1 1 |1 2 1 1 3 1 1 3 4 1 |1 1 1 1 1 |1 1 1 1 1 1 1 1 1 2 4 2 |2 1 1 1 1 1 1 2 1 1 1 1 2 4 5 1 |1 1 1 1 1 1 1 1 |1 2 1 2 2 1 3 1 2 2 6 1 4 1 1 2 1 |1 1 1 1 1 1 1 |1 2 1 1 2 1 1 1 2 6 1 1 1 |3 5 1 1 2 3 3 2 2 1 1 3 1 2 1 1 1 1 2 1 |2 1 1 2 1 1 1 1 1 2 1 1 1 2 2 1 |2 1 1 1 1 1 1 1 1 1 3 2 1 1 |1 2 1 1 1 1 1 1 1 |1 1 1 1 1 1 2 1 1 1 1 1 |2 1 2 3 1 1 1 1 3 1 1 1 1 3 |1 1 1 2 2 1 1 1 1 1 1 1 |1 1 2 1 1 2 3 2 2 1 1 1 1 2 |1 1 1 1 1 1 2 1 1 |1 2 1 1 5 1 4 1 2 1 1 1 1 |1 1 2 2 1 1 2 4 2 2 1 1 1 3 1 2 1 |2 3 1 1 2 5 1 2 1 1 2 1 1 1 1 |2 1 1 1 1 1 1 1 1 |1 5 2 2 1 1 1 1 2 1 1 4 |2 1 2 4 2 2 2 2 1 2 1 2 |2 4 3 1 1 3 1 1 1 2 2 1 2 2 1 3 1 |1 1 1 2 1 1 |1 5 1 1 1 1 1 1 1 2 1 1 2 3 |1 2 2 1 1 1 1 |1 1 1 1 1 |1 1 4 1 2 1 1 2 1 2 2 2 |1 2 3 2 1 1 1 2 1 2 1 2 1 1 3 1 1 5 4 |1 2 4 2 1 3 1 1 1 2 2 5 2 1 1 |1 2 1 1 1 1 1 |1 1 1 1 1 |1 2 1 1 1 1 3 1 5 2 1 1 2 1 3 |1 2 2 1 1 1 1 1 1 |3 1 3 3 3 1 2 1 1 1 1 2 2 1 1 4 1 1 |1 1 1 1 1 1 1 1 |2 1 2 2 3 4 3 6 5 1 1 1 1 1 2 4 2 2 1 |1 2 1 2 1 1 1 4 1 1 1 1 5 3 1 2 1 1 1 |1 1 1 2 1 4 2 1 1 1 1 2 1 |1 1 1 5 1 1 2 2 1 4 1 3 1 1 1 1 |1 1 1 1 1 1 1 |2 1 3 4 4 1 6 4 2 1 3 1 3 3 1 2 2 1 |1 2 1 2 1 1 1 3 1 3 3 3 3 3 1 4 2 3 4 |4 1 1 1 1 2 1 1 2 2 3 2 1 1 1 2 |1 1 1 1 1 1 1 1 1 1 1 1 1 |1 1 2 1 1 |1 2 1 2 2 3 1 1 1 1 1 5 1 3 2 2 |1 1 6 1 2 1 1 1 |realPatrol = 1200|fitness = 862.1416480757113

第39个BestWave: 
1 1 2 4 1 1 2 2 1 1 1 4 1 2 2 |4 4 3 1 1 1 2 2 1 3 1 2 4 1 3 2 3 3 1 1 |3 1 1 1 1 1 1 2 |3 1 1 1 1 1 1 |2 1 1 1 3 1 2 4 1 2 1 1 2 4 1 5 |1 1 1 1 1 1 1 1 1 1 1 1 1 1 |1 2 1 1 1 1 1 2 1 4 1 1 1 2 3 4 |1 1 1 1 1 |1 1 1 1 1 1 1 |4 1 1 1 1 2 1 1 3 2 2 2 1 1 2 |1 1 3 1 1 2 1 1 1 1 1 4 3 2 1 |1 2 1 1 1 1 1 1 1 2 |1 1 1 1 1 |2 1 1 1 1 1 2 1 1 1 1 2 |1 1 1 1 2 1 1 1 1 1 3 3 2 1 3 1 |2 1 1 1 1 1 1 1 |1 2 2 1 2 1 1 1 1 3 2 1 3 1 1 2 1 |1 1 1 2 1 1 1 |1 2 1 1 3 3 1 4 1 5 1 2 2 |1 6 3 2 3 1 4 2 1 1 4 1 1 2 1 4 3 3 1 2 |3 2 6 1 4 1 2 1 1 1 1 1 2 1 1 3 |1 1 2 1 1 2 2 2 2 1 1 1 2 1 |1 1 1 1 1 1 1 2 1 |1 2 1 1 1 1 1 1 1 1 1 2 |1 1 1 2 6 3 1 1 1 1 1 1 1 3 |1 2 1 1 1 1 1 2 3 2 1 1 |1 2 1 1 1 1 3 1 1 2 1 1 1 1 |1 2 1 1 1 1 1 1 1 |2 1 1 2 5 1 4 2 1 2 1 1 1 |1 2 2 1 1 1 2 3 3 1 1 3 1 2 2 1 2 |4 1 3 1 1 1 5 2 1 3 1 1 2 1 3 |1 1 1 2 1 1 1 1 2 |1 1 1 1 1 3 2 1 1 2 1 1 |2 1 1 1 1 3 1 2 1 3 2 1 |1 1 1 1 3 3 1 1 3 1 1 2 1 2 2 2 2 |1 1 1 1 2 1 |1 3 1 1 2 1 1 5 4 3 2 1 1 1 |1 1 1 1 1 1 1 |1 1 1 1 1 |2 1 1 2 2 1 1 1 2 2 1 1 |1 2 1 1 2 1 1 1 2 2 1 4 1 2 1 1 1 2 4 |1 2 2 1 1 1 1 1 1 3 1 4 2 1 1 |1 1 1 1 1 2 1 |1 1 1 1 1 |3 3 1 1 1 1 1 2 2 1 4 1 1 1 1 |1 1 1 1 1 1 1 1 2 |3 1 1 1 2 2 2 1 1 2 2 3 2 4 1 4 1 1 |1 1 1 1 2 1 1 1 |3 1 2 2 1 3 4 1 3 1 1 2 2 1 1 1 2 4 1 |1 2 1 6 2 1 1 3 1 1 2 1 1 1 1 3 1 2 3 |1 1 1 1 1 2 2 3 1 1 1 1 1 |2 3 1 4 1 1 1 2 1 1 2 2 1 1 2 3 |1 1 1 1 1 1 1 |1 1 3 1 2 1 6 4 1 1 2 3 3 3 2 1 2 1 |1 1 5 3 1 3 1 1 2 5 2 1 2 3 5 5 1 1 5 |1 3 6 2 1 1 1 1 2 1 1 1 2 1 2 1 |2 1 1 1 1 1 1 1 2 2 1 1 1 |1 1 1 1 1 |4 1 1 2 1 1 2 1 1 2 5 5 1 2 1 1 |1 1 3 1 1 1 1 1 |realPatrol = 1200|fitness = 861.2170959506819

第40个BestWave: 
1 2 1 4 3 1 1 2 2 2 1 2 1 1 1 |1 3 3 3 4 1 2 3 3 3 2 1 5 3 2 5 1 1 1 1 |3 1 1 1 1 1 1 1 |1 1 1 1 1 1 1 |2 2 1 1 1 2 2 4 1 1 1 1 1 1 2 1 |1 1 1 1 1 2 2 2 1 1 1 1 2 1 |1 2 1 1 1 1 1 1 1 4 1 1 1 1 1 2 |3 1 1 1 1 |2 1 1 2 1 1 1 |2 1 1 1 1 2 2 1 3 1 1 1 3 2 1 |1 1 3 1 1 1 4 3 2 3 3 1 1 1 1 |1 2 1 1 2 1 1 2 1 1 |1 1 1 1 1 |4 2 1 1 2 1 1 1 1 1 3 3 |1 1 1 1 1 1 1 1 1 1 3 3 2 1 1 1 |1 1 2 1 1 1 1 1 |1 3 4 2 1 1 1 1 1 2 4 1 1 1 1 1 1 |1 1 1 1 1 1 1 |1 2 1 2 3 1 1 1 1 1 1 1 1 |2 4 1 3 1 1 2 1 5 3 3 5 1 1 1 2 1 1 1 1 |2 1 1 2 1 1 1 1 2 1 2 1 4 3 1 1 |2 2 2 2 1 1 1 1 1 1 3 2 2 2 |1 1 2 1 1 1 1 1 1 |1 1 1 1 1 1 3 1 3 1 1 2 |4 1 2 2 1 1 1 2 1 1 1 1 1 1 |4 3 1 1 1 2 1 1 1 1 1 1 |2 1 1 2 2 1 3 1 1 1 2 1 2 1 |2 1 1 1 1 2 2 1 1 |1 1 3 1 5 2 1 1 1 4 2 1 3 |1 2 1 1 3 2 2 2 1 1 2 1 1 2 1 2 1 |4 4 1 1 3 1 3 2 1 1 1 1 1 1 2 |2 1 1 1 1 1 1 1 1 |1 5 1 2 1 1 1 1 2 1 1 1 |4 1 1 1 1 1 5 1 1 2 3 2 |1 4 2 1 1 2 1 3 2 1 2 2 2 1 1 5 2 |1 1 1 2 1 1 |1 1 1 1 1 1 2 1 1 1 3 2 3 3 |1 1 1 1 1 1 1 |1 1 1 1 1 |2 4 3 1 1 1 1 1 1 1 1 1 |1 1 1 1 1 1 1 1 2 1 1 3 2 2 1 2 2 1 2 |3 1 1 1 1 1 1 1 3 2 3 4 5 1 1 |1 4 1 2 1 1 1 |1 1 1 1 1 |1 1 2 3 1 1 3 3 1 2 1 3 1 1 1 |1 1 1 1 1 4 2 1 1 |2 1 2 2 5 2 1 4 1 1 1 4 2 1 2 2 3 2 |1 1 1 1 1 1 1 1 |3 4 2 1 4 1 1 1 2 1 1 1 4 2 1 3 1 1 1 |1 3 1 1 2 2 4 1 1 1 4 1 1 1 1 1 1 3 4 |1 2 1 1 1 4 1 2 1 2 1 1 1 |1 2 3 1 2 1 2 2 1 1 1 1 1 2 1 4 |1 1 1 1 2 1 1 |1 1 4 6 4 1 5 5 1 1 2 1 5 4 2 3 1 4 |3 2 1 1 1 2 2 2 2 3 5 1 3 2 1 2 1 3 4 |1 5 2 3 1 1 1 1 2 2 1 1 1 1 2 1 |1 1 2 1 1 1 1 1 1 3 2 1 1 |1 1 1 1 1 |2 1 1 1 1 2 2 2 2 1 1 3 1 3 1 1 |1 1 1 3 1 1 1 1 |realPatrol = 1200|fitness = 863.9878267160818

第41个BestWave: 
1 1 4 2 3 2 1 1 1 3 1 1 3 2 2 |4 1 1 1 3 1 2 6 1 6 1 1 2 1 1 5 1 2 2 1 |2 1 1 1 1 1 2 1 |1 1 1 1 1 1 1 |3 1 2 1 1 3 2 4 1 1 1 1 2 6 1 2 |1 1 2 1 1 1 2 3 1 1 1 1 2 1 |3 1 4 3 1 1 1 3 2 5 1 1 3 2 1 1 |1 1 1 1 1 |1 2 1 1 1 1 1 |2 1 1 5 1 1 1 3 3 1 1 2 3 1 2 |2 1 1 1 1 1 2 1 1 1 1 2 1 2 1 |1 2 1 1 1 1 1 1 1 1 |1 1 1 1 1 |1 1 1 1 1 1 1 2 1 1 1 1 |1 1 2 2 3 1 1 2 2 3 3 4 2 2 5 2 |1 2 2 2 2 1 1 1 |2 1 1 2 1 1 1 4 2 2 3 1 4 1 1 3 3 |2 1 1 1 1 1 2 |1 1 1 1 5 2 1 2 3 3 1 1 1 |3 5 2 2 1 2 5 2 1 4 3 3 3 1 2 1 3 5 1 2 |1 1 4 1 2 1 1 2 1 3 1 1 1 1 1 2 |1 1 1 1 3 1 1 1 1 3 2 1 1 2 |1 1 1 1 1 1 1 1 1 |1 1 1 1 1 1 1 1 2 1 1 1 |1 1 1 1 1 1 2 1 3 1 1 1 3 3 |2 1 1 1 2 2 1 1 1 1 1 1 |1 1 1 1 1 4 1 2 2 1 1 1 2 1 |1 1 1 1 1 1 1 2 2 |1 1 2 1 4 3 1 1 1 1 1 1 1 |1 1 1 1 2 1 1 1 1 2 1 1 1 2 1 1 1 |3 2 1 3 2 1 4 2 1 1 1 2 1 1 1 |1 1 1 1 1 1 1 1 1 |1 1 1 1 1 1 1 1 1 1 1 1 |1 1 2 3 2 2 1 1 1 1 1 2 |3 1 3 2 6 2 1 2 2 1 2 1 1 1 1 1 1 |1 1 1 1 1 1 |2 6 1 1 1 1 1 2 1 1 1 1 1 1 |1 1 1 1 1 1 1 |1 1 1 1 1 |1 2 3 1 1 1 1 1 1 1 2 1 |2 1 1 1 3 2 5 1 1 1 1 5 1 1 1 1 4 1 1 |2 2 1 4 4 1 2 3 2 1 2 3 2 2 1 |1 1 1 1 1 1 1 |1 1 1 1 1 |3 1 1 1 1 1 3 2 2 2 1 1 1 2 1 |1 2 2 1 1 1 1 1 1 |1 3 3 2 4 1 2 1 1 2 1 1 2 5 3 5 2 1 |1 1 1 1 2 1 1 1 |1 1 2 1 4 2 4 1 5 1 1 1 1 3 2 2 2 1 1 |1 2 4 1 2 3 1 1 1 1 2 3 2 2 1 2 3 1 2 |1 1 1 5 1 1 1 1 1 1 2 2 2 |1 3 1 1 1 1 2 2 2 2 1 4 1 1 1 3 |1 1 1 1 1 1 1 |1 1 1 2 2 1 4 3 1 3 1 2 3 1 3 2 2 1 |1 2 1 1 1 1 1 1 4 6 3 2 4 1 1 3 1 1 3 |1 2 1 1 3 2 2 1 3 1 4 3 3 1 1 2 |1 2 1 1 1 2 2 1 1 2 1 1 2 |1 1 1 1 1 |1 2 1 2 1 1 1 4 1 1 3 4 2 4 2 2 |1 1 1 1 1 1 1 1 |realPatrol = 1200|fitness = 860.402963985294

第42个BestWave: 
1 2 1 4 2 1 1 3 4 2 1 1 1 1 1 |2 1 3 2 1 2 1 5 3 2 1 2 3 1 3 3 1 1 3 1 |2 1 1 1 1 1 1 1 |1 1 1 1 2 1 1 |1 3 1 1 1 1 1 3 1 1 2 1 1 3 2 1 |1 1 2 1 2 1 1 2 1 2 1 1 1 1 |2 2 2 1 2 1 3 1 1 4 1 2 2 1 1 2 |1 1 1 1 1 |1 1 1 1 1 1 2 |2 1 2 2 1 2 3 1 4 3 2 1 1 1 5 |2 1 1 3 1 1 1 1 1 2 3 1 1 1 1 |1 1 1 1 1 1 2 1 1 1 |1 1 1 1 1 |1 1 2 1 1 1 1 1 1 2 1 1 |2 1 1 1 2 1 1 2 1 1 1 3 2 4 3 1 |1 2 1 1 1 1 1 1 |5 1 2 2 5 2 1 3 1 2 2 1 1 1 2 1 1 |1 1 1 2 1 1 1 |1 1 1 1 1 2 1 1 1 1 1 1 2 |2 5 1 3 3 1 3 1 1 5 6 1 1 1 2 1 1 2 2 1 |1 1 1 1 1 2 1 2 1 1 1 1 3 1 1 1 |1 1 1 1 2 1 1 2 2 2 1 1 2 1 |1 2 1 1 1 1 2 1 1 |2 1 3 1 1 1 1 2 1 1 1 1 |2 1 1 2 1 3 2 1 1 2 2 2 1 3 |3 1 1 2 2 1 2 1 2 1 1 1 |1 2 1 2 1 2 1 2 1 1 2 1 1 2 |1 1 1 1 1 4 1 2 1 |1 2 1 1 6 1 3 1 3 2 1 1 2 |1 3 3 1 2 1 3 3 1 2 1 1 1 1 2 1 2 |4 3 1 2 2 1 6 1 1 1 1 1 1 1 1 |1 1 1 1 1 1 1 1 3 |2 1 1 1 1 3 1 1 1 1 1 2 |1 1 1 1 1 1 1 1 2 1 1 2 |1 1 2 4 1 1 1 1 2 1 1 2 3 2 4 4 1 |1 1 1 2 2 1 |2 1 3 1 2 1 2 5 1 1 1 1 1 2 |1 1 1 1 1 1 1 |1 1 1 1 1 |1 1 1 2 1 1 1 1 3 1 2 2 |1 2 1 2 1 2 1 1 2 1 1 1 3 1 5 1 1 1 2 |1 4 3 1 1 1 2 1 1 1 1 2 1 2 1 |3 1 2 1 1 1 1 |1 1 2 1 1 |2 4 3 1 3 1 3 1 1 2 3 2 2 1 1 |1 1 1 1 1 1 1 1 2 |3 1 1 1 3 1 3 2 1 2 2 1 2 3 3 3 1 1 |1 1 1 1 1 1 1 1 |4 1 2 1 3 1 4 1 2 1 1 1 1 3 1 2 2 1 3 |1 3 5 1 1 2 1 2 1 5 4 1 1 1 1 1 1 1 2 |1 2 1 2 1 3 1 3 1 2 1 1 2 |2 2 1 2 1 2 2 2 1 3 3 1 2 2 4 2 |3 1 1 1 1 2 2 |3 3 2 2 1 1 6 3 4 1 4 4 4 1 1 2 1 2 |2 2 1 1 2 3 3 1 2 5 3 1 5 2 1 4 3 3 1 |1 1 1 1 1 2 1 2 5 1 1 1 4 1 1 1 |1 4 1 1 3 2 1 1 1 2 1 1 1 |1 1 1 1 1 |1 1 1 2 2 1 1 3 2 1 1 2 2 3 3 1 |1 1 1 1 1 1 1 1 |realPatrol = 1200|fitness = 866.0226758807413

第43个BestWave: 
1 1 3 3 2 3 1 1 1 1 1 1 1 1 1 |3 1 1 1 1 1 1 2 1 3 2 1 5 4 2 5 1 1 3 1 |2 1 1 1 1 1 1 1 |1 1 1 1 1 2 1 |1 1 1 2 2 1 3 1 3 1 1 1 1 2 2 2 |2 1 2 1 1 2 1 3 2 1 2 1 4 2 |1 5 1 1 1 4 1 1 4 1 1 1 2 3 1 3 |1 1 1 1 1 |1 1 1 1 1 1 1 |2 1 2 1 1 2 1 2 5 1 1 2 1 1 5 |1 2 1 1 3 2 2 1 1 2 3 1 2 1 3 |2 1 1 1 1 1 1 2 1 1 |1 1 1 1 1 |2 2 1 2 1 1 3 1 1 1 1 1 |1 2 1 1 1 1 1 1 1 1 1 2 1 1 1 1 |2 1 2 1 1 1 1 1 |1 1 1 4 1 2 1 1 1 1 1 2 3 1 1 1 3 |1 1 1 1 1 1 2 |1 1 1 1 1 1 1 3 1 2 1 2 2 |1 4 3 2 1 1 5 4 4 4 1 5 2 4 1 2 1 1 4 4 |1 1 3 4 2 1 3 1 2 3 1 1 3 1 1 2 |1 1 1 1 1 1 1 1 1 1 2 1 1 1 |1 1 1 1 1 1 1 1 1 |1 1 1 1 1 2 3 1 1 3 2 1 |3 1 1 1 1 1 1 1 3 2 1 1 1 1 |1 1 1 1 1 2 1 1 1 1 1 3 |2 1 1 1 3 1 1 1 1 1 1 1 2 1 |1 1 1 1 1 1 1 1 1 |1 1 1 4 2 1 1 1 1 1 1 1 1 |2 2 1 1 1 1 2 4 2 4 4 1 3 1 2 1 3 |5 3 1 2 2 1 4 2 1 1 1 1 1 1 1 |2 1 1 1 2 1 1 1 1 |1 1 1 1 1 1 1 1 1 1 1 1 |1 1 1 1 3 1 2 1 2 2 2 1 |1 1 3 1 2 1 3 1 2 2 5 2 1 1 1 5 2 |1 1 1 1 1 1 |1 4 1 4 1 1 1 1 1 1 3 3 1 1 |1 1 1 1 1 1 1 |1 1 1 1 1 |2 1 5 1 2 1 1 1 2 1 1 1 |2 6 2 1 1 1 1 1 1 3 1 2 1 1 2 1 5 1 1 |2 1 2 1 1 1 2 1 1 1 1 6 3 2 1 |1 2 1 1 1 2 1 |1 1 1 1 1 |5 2 2 1 3 2 1 1 1 1 1 4 1 1 1 |1 1 1 1 1 1 1 1 1 |2 4 1 3 5 1 1 2 1 4 1 2 4 4 2 2 2 1 |1 1 2 1 1 1 1 1 |3 2 1 2 4 1 2 4 1 3 2 2 1 2 2 1 2 1 2 |1 1 1 1 2 1 2 1 2 1 1 1 2 2 4 3 1 1 1 |2 2 1 2 1 1 1 1 2 2 4 1 1 |1 1 1 1 2 1 1 1 3 2 2 2 1 1 4 1 |1 1 1 1 1 1 1 |1 3 1 2 2 1 5 4 4 4 2 3 5 2 2 4 1 1 |3 1 1 1 3 2 1 1 4 5 6 3 1 2 5 3 2 1 5 |4 1 1 1 2 1 2 1 2 1 1 1 2 1 2 2 |1 1 1 1 1 2 1 1 1 1 2 1 1 |1 1 1 1 1 |1 2 2 2 1 1 3 1 1 2 1 2 3 2 1 1 |1 1 1 1 2 1 1 1 |realPatrol = 1200|fitness = 862.2932455362034

第44个BestWave: 
3 1 1 4 3 1 1 1 1 2 2 3 2 1 1 |4 2 1 1 1 2 3 5 1 6 5 1 6 1 1 1 3 1 2 1 |2 1 1 1 1 1 1 1 |1 1 1 1 1 1 2 |3 1 1 5 2 1 3 6 2 1 2 3 1 3 1 1 |1 1 1 1 1 1 1 3 2 1 1 1 3 2 |1 2 1 1 1 1 1 1 1 1 4 1 1 1 1 1 |3 1 1 1 1 |1 1 1 1 1 1 1 |2 1 1 2 3 1 2 3 1 1 1 1 1 3 2 |1 1 2 3 1 1 1 1 1 1 3 1 1 1 1 |1 1 1 1 1 1 1 1 1 1 |1 1 1 1 1 |2 1 1 2 2 1 2 1 1 1 1 1 |4 1 1 1 1 1 1 2 1 2 1 4 3 2 1 2 |1 1 1 1 1 1 1 1 |1 1 1 1 2 2 1 1 1 4 1 1 3 1 2 1 1 |1 1 1 1 1 2 1 |1 2 1 1 1 3 2 1 1 1 1 1 1 |1 4 2 2 2 2 5 1 1 1 2 1 3 2 1 3 3 2 1 2 |1 1 2 2 5 1 1 1 1 1 2 1 1 4 4 5 |2 1 1 3 1 1 1 1 1 2 1 2 1 2 |1 1 1 1 1 1 1 1 2 |1 1 1 1 1 2 3 2 1 1 1 1 |1 1 1 1 4 1 1 1 2 1 3 1 3 3 |1 1 1 2 1 1 1 1 1 1 1 1 |1 2 2 1 1 1 2 1 1 2 1 1 1 3 |1 1 1 1 1 1 1 1 1 |1 1 1 4 3 1 2 1 3 1 1 4 1 |3 3 1 1 5 1 2 3 1 1 1 1 1 4 1 4 2 |2 4 1 1 4 1 2 1 2 1 3 1 2 1 1 |1 1 1 1 1 1 1 1 1 |3 3 1 1 1 1 1 1 2 1 1 1 |1 1 1 1 2 1 2 2 1 1 5 1 |3 1 4 3 3 2 2 1 3 1 1 2 1 4 1 4 3 |1 1 1 1 1 1 |1 3 3 3 1 1 1 1 3 1 1 1 2 1 |1 1 2 1 1 1 1 |1 1 1 1 1 |1 1 1 2 3 1 1 1 1 1 1 1 |2 2 2 4 2 2 1 1 2 2 1 1 1 1 1 1 1 1 1 |2 2 3 1 1 1 1 1 1 1 2 4 1 2 1 |1 1 1 1 1 1 1 |1 1 1 1 1 |1 3 1 1 1 1 2 2 1 1 2 2 1 1 1 |1 1 1 1 1 3 2 1 2 |1 1 1 1 3 3 2 1 1 4 2 2 1 3 3 2 4 1 |1 1 1 1 1 1 2 3 |1 1 2 1 4 1 2 2 5 1 1 1 2 1 2 3 3 4 1 |1 1 1 1 1 1 2 4 2 1 1 1 1 4 2 1 1 1 1 |3 2 1 1 2 2 1 1 1 1 1 3 2 |2 1 1 1 1 1 2 1 1 2 1 1 1 1 3 2 |1 1 2 1 2 2 1 |2 3 4 2 1 2 4 4 1 1 2 1 4 3 1 3 2 1 |1 4 1 2 2 3 2 1 4 5 4 2 6 3 4 2 1 5 5 |1 1 1 1 1 1 1 1 2 2 1 3 1 2 2 1 |1 1 1 2 1 1 1 1 1 1 2 2 1 |1 1 1 1 1 |1 1 1 1 1 1 2 1 4 1 1 6 1 1 4 1 |1 1 1 1 1 1 2 1 |realPatrol = 1200|fitness = 860.7774327982436

第45个BestWave: 
4 2 2 2 3 3 1 1 1 1 1 1 1 2 2 |5 1 1 3 1 1 1 4 1 4 3 4 6 1 1 3 1 1 1 1 |2 1 1 1 1 1 1 1 |1 1 1 1 1 1 1 |1 1 1 1 1 1 2 3 2 2 1 2 2 1 1 6 |2 1 4 1 2 1 1 1 1 1 3 1 3 2 |1 1 1 1 2 2 2 1 2 1 1 1 1 2 2 1 |1 1 1 1 1 |1 1 1 1 1 1 1 |1 4 2 1 1 1 2 4 3 1 1 1 3 2 2 |1 1 1 1 3 1 3 2 1 2 2 2 1 1 1 |1 1 1 2 1 1 1 1 1 1 |2 1 1 1 1 |2 1 2 1 2 1 1 1 2 1 1 1 |2 1 1 1 1 2 2 1 1 1 1 5 1 1 3 1 |2 1 1 2 1 1 1 1 |1 1 2 1 1 1 3 2 1 1 1 2 3 1 1 3 1 |1 1 2 1 1 1 1 |1 1 1 1 4 2 1 1 2 1 1 2 1 |1 3 2 3 2 3 6 1 2 1 1 6 3 2 1 2 2 2 1 1 |1 2 2 1 3 2 1 1 4 2 2 1 1 2 1 1 |1 1 1 1 2 1 1 1 1 1 1 2 1 2 |1 1 1 1 2 1 2 2 1 |1 1 2 1 1 1 3 2 4 1 5 1 |1 1 1 1 2 1 1 2 1 1 1 1 1 4 |1 1 2 1 2 1 1 1 1 1 1 1 |1 1 1 1 3 1 3 1 2 2 2 1 2 2 |1 1 1 1 1 1 1 1 1 |1 1 1 1 4 1 2 1 1 1 1 1 2 |1 1 1 4 2 1 1 1 1 4 3 1 1 2 2 1 1 |4 3 2 4 2 2 4 3 1 1 1 3 1 1 1 |3 1 2 1 1 1 1 1 1 |1 2 2 1 1 1 1 1 1 1 1 1 |1 1 1 2 1 3 1 1 1 1 1 1 |3 2 4 2 1 1 4 2 3 2 1 1 2 2 1 2 2 |1 1 1 1 1 1 |1 3 3 2 3 2 2 1 1 5 4 1 1 1 |2 2 1 1 1 2 1 |1 1 1 1 1 |2 2 1 1 1 1 1 1 1 1 1 2 |2 1 4 1 1 3 2 1 2 2 3 1 3 1 5 1 2 1 5 |1 1 1 1 1 1 1 1 3 1 2 4 1 2 1 |1 1 2 1 1 2 1 |1 1 1 1 1 |3 3 4 1 1 1 2 1 1 1 2 1 1 2 1 |1 1 1 1 1 1 1 1 1 |2 1 4 2 5 2 1 2 1 2 1 2 2 3 1 1 2 1 |1 1 1 1 1 1 1 2 |5 1 2 1 3 1 3 3 1 2 1 1 2 1 2 4 4 3 4 |1 1 5 1 4 3 3 3 2 1 2 1 1 2 2 1 1 1 1 |1 1 1 3 1 1 1 1 1 1 1 2 1 |1 1 1 1 1 1 1 1 1 5 1 1 3 1 5 1 |1 1 1 2 1 1 1 |1 3 1 1 3 2 4 3 2 1 2 1 3 1 2 3 1 1 |1 1 1 2 2 1 1 5 4 3 2 3 1 2 2 4 1 2 1 |1 1 1 2 1 1 2 1 1 3 2 1 2 1 1 1 |1 4 2 1 1 4 1 1 1 1 3 1 1 |1 2 1 1 1 |1 1 1 3 1 1 1 1 3 1 1 2 1 3 1 3 |1 1 1 3 1 1 1 1 |realPatrol = 1200|fitness = 858.38587658182

第46个BestWave: 
1 3 1 5 2 1 1 1 2 1 1 1 3 2 3 |1 2 3 2 1 1 1 5 6 3 1 2 4 2 2 2 3 3 1 2 |1 1 1 1 1 1 1 1 |1 1 1 1 1 1 1 |1 2 1 2 1 1 2 1 1 2 1 1 1 4 1 1 |1 1 2 1 2 1 1 2 1 1 1 1 2 1 |1 3 1 1 1 1 3 1 1 2 1 3 2 1 1 4 |1 1 1 1 1 |1 1 1 1 2 1 1 |1 1 3 1 1 1 2 1 4 1 1 1 2 4 1 |1 2 2 1 3 1 4 1 1 1 1 1 2 4 1 |3 1 1 1 1 1 1 1 2 1 |1 1 1 1 1 |2 3 1 1 1 1 1 1 1 2 1 1 |1 1 1 2 6 1 3 1 3 1 2 3 1 3 6 1 |1 1 1 1 1 1 1 1 |1 1 4 2 1 1 1 1 1 1 2 3 1 1 2 3 1 |2 1 1 2 1 2 2 |1 1 1 1 2 1 2 1 1 3 1 1 1 |2 2 3 3 1 1 4 1 1 4 1 3 2 2 2 3 4 2 3 1 |1 1 1 2 1 1 2 1 2 1 1 1 2 1 1 4 |1 1 1 1 1 1 1 1 2 1 1 1 1 1 |1 1 1 1 1 1 1 1 1 |1 1 3 1 1 1 1 1 1 1 1 1 |3 2 1 1 1 1 1 1 1 2 1 2 1 1 |1 2 2 1 2 3 1 2 2 1 1 1 |1 1 1 1 1 2 1 1 1 1 1 1 1 1 |1 1 1 1 1 1 1 1 1 |1 2 1 3 1 1 1 1 1 1 2 1 5 |1 3 2 1 1 1 1 3 1 1 1 1 2 1 1 1 1 |3 2 3 3 1 3 2 1 4 1 4 1 2 1 2 |2 1 4 1 1 2 1 2 1 |2 1 2 1 1 1 1 1 1 1 2 1 |2 1 1 2 1 3 1 2 1 1 1 1 |2 2 3 2 1 2 3 3 3 1 1 4 1 1 1 1 2 |1 1 1 1 1 1 |1 2 1 1 1 1 1 5 3 1 1 2 1 1 |2 1 1 1 1 1 1 |1 1 1 1 1 |1 1 4 1 2 1 1 1 3 1 3 1 |1 3 1 1 2 2 2 2 1 1 2 1 1 3 2 2 2 1 4 |1 1 4 1 2 1 1 1 2 1 1 5 1 2 2 |1 1 1 1 1 1 1 |1 2 1 1 1 |5 5 3 3 2 1 3 1 1 3 1 1 1 1 1 |1 1 1 1 1 1 1 1 2 |4 1 2 1 5 1 1 1 1 2 3 2 1 5 1 2 1 1 |1 1 1 1 2 2 1 3 |1 1 2 1 4 1 1 2 3 1 1 3 4 4 1 2 1 1 5 |1 1 1 3 1 1 1 1 2 2 1 1 2 1 1 1 1 3 2 |1 1 1 2 2 2 1 1 1 1 2 1 1 |2 1 1 1 1 1 1 2 1 2 1 1 1 1 2 1 |2 1 1 2 1 1 1 |1 4 3 1 3 2 5 5 2 1 3 2 4 4 4 1 1 2 |2 5 2 1 1 3 4 1 6 3 6 1 1 4 1 5 2 5 3 |1 2 4 1 1 1 1 1 2 1 3 3 3 2 1 5 |1 1 1 1 1 1 1 1 1 2 1 1 1 |1 1 1 1 1 |1 1 2 2 1 1 1 1 3 1 1 2 1 1 1 2 |1 1 1 1 1 1 1 1 |realPatrol = 1200|fitness = 862.9236536385337

第47个BestWave: 
1 1 1 1 2 1 1 1 2 1 1 1 1 1 1 |6 1 1 1 1 1 2 4 1 5 1 1 5 2 1 2 3 4 1 1 |1 1 1 1 1 1 1 2 |1 1 1 1 1 1 1 |1 2 3 2 3 2 3 2 1 1 1 1 1 5 1 2 |1 1 1 3 1 1 2 1 3 1 2 1 1 1 |1 1 1 1 3 1 2 1 1 2 1 1 2 1 1 4 |3 1 2 1 1 |1 1 1 1 1 1 1 |4 1 1 2 3 3 1 2 6 3 1 1 1 1 4 |2 1 1 2 1 2 1 1 1 2 1 1 2 1 1 |1 1 1 2 2 1 2 1 1 1 |1 1 1 1 1 |4 1 1 1 1 1 1 1 1 1 2 1 |2 2 1 2 2 1 1 1 1 1 1 3 2 3 1 1 |1 1 1 1 1 1 1 1 |2 2 1 1 1 1 1 1 1 1 1 2 1 1 1 1 1 |1 1 1 1 1 1 1 |1 1 1 2 1 1 1 1 3 5 2 2 1 |4 3 4 1 2 1 5 3 1 4 4 2 3 2 2 4 1 3 1 1 |1 1 3 4 1 1 2 1 1 1 2 1 1 2 1 2 |1 1 1 3 1 3 1 1 1 2 1 2 1 3 |1 1 1 1 1 1 2 1 1 |1 1 1 1 1 1 1 3 1 1 1 1 |1 1 1 4 5 1 1 1 1 1 2 1 1 1 |1 1 1 1 1 1 1 1 1 2 1 1 |2 1 1 1 1 2 2 2 4 1 1 1 1 1 |1 1 1 1 1 1 1 1 1 |1 2 1 2 2 1 4 2 1 1 1 1 3 |1 2 1 1 2 1 1 1 1 2 1 1 2 1 2 3 1 |5 2 1 1 2 2 3 3 1 1 1 1 2 1 2 |1 1 5 1 2 1 1 1 1 |3 2 1 2 1 1 1 1 2 1 1 2 |1 1 1 1 1 1 1 2 2 1 2 2 |1 5 1 1 1 1 1 1 1 3 1 5 1 1 2 3 1 |1 1 1 1 1 1 |1 4 1 1 1 2 1 1 3 2 3 3 1 1 |1 1 1 1 1 1 1 |1 1 1 1 1 |4 1 3 1 1 2 1 1 1 1 1 2 |2 4 3 1 2 2 1 1 1 3 2 1 1 1 1 1 3 2 4 |3 3 1 3 1 2 3 1 2 3 3 3 1 1 1 |2 1 1 1 1 1 2 |1 1 1 1 1 |2 1 2 1 1 1 1 1 1 1 1 2 1 1 2 |2 1 2 1 2 1 1 1 1 |4 1 3 1 3 1 3 4 1 2 1 1 1 2 1 2 2 1 |1 1 1 1 2 1 3 3 |2 2 1 1 3 4 2 1 4 3 1 4 4 1 1 1 1 2 3 |1 3 2 2 2 5 1 1 1 1 2 1 1 2 1 2 2 1 3 |1 1 1 1 1 1 1 1 1 1 1 1 1 |1 2 1 3 1 2 1 1 2 1 2 1 2 2 2 3 |1 1 1 1 1 2 1 |2 3 4 1 2 1 4 5 3 1 2 4 5 5 1 1 1 1 |2 1 2 2 1 1 2 2 6 6 6 1 3 1 3 4 1 3 3 |1 2 1 1 1 1 1 2 3 1 2 1 1 1 1 2 |1 2 1 3 1 2 1 1 1 3 1 1 1 |1 1 1 1 1 |1 2 1 3 1 1 1 2 1 1 2 6 2 2 1 2 |1 1 1 2 1 1 1 1 |realPatrol = 1200|fitness = 864.222577029611

第48个BestWave: 
1 1 3 1 1 2 2 3 2 1 1 1 1 2 2 |4 1 1 1 2 1 1 5 3 6 1 1 6 1 2 4 3 2 3 2 |4 1 1 2 1 2 1 1 |1 1 4 1 1 1 1 |1 1 1 3 1 1 4 2 1 4 2 2 2 2 2 2 |4 1 1 1 1 1 1 1 1 1 1 2 2 3 |1 1 2 1 4 2 1 1 2 4 2 2 2 3 1 5 |2 1 1 1 1 |1 1 1 1 1 1 2 |1 1 1 2 1 2 1 1 4 1 1 1 1 1 4 |1 1 2 2 1 1 2 1 1 4 1 3 3 1 2 |1 3 1 1 1 2 1 1 1 1 |1 1 1 1 1 |1 2 1 1 1 1 1 1 1 2 1 1 |2 5 1 2 2 2 2 2 1 1 1 6 1 2 1 1 |1 2 1 1 1 2 1 1 |1 1 1 2 1 3 2 1 1 1 2 2 1 1 1 1 2 |1 1 1 1 1 1 1 |2 1 1 1 3 2 1 1 2 3 1 1 1 |1 4 2 1 1 1 2 2 1 4 1 5 2 3 3 2 1 2 1 5 |2 2 1 1 2 1 1 1 2 1 1 2 1 2 1 4 |2 1 2 1 1 2 1 2 1 1 1 1 2 2 |1 1 2 1 1 1 1 3 1 |1 1 2 1 1 1 2 1 1 1 2 2 |1 1 1 2 2 2 1 1 1 2 2 2 1 1 |2 1 2 2 1 1 2 1 1 1 1 1 |2 1 1 1 1 3 1 1 1 1 1 2 1 1 |2 2 1 1 1 1 1 1 1 |1 1 2 1 3 1 2 1 1 3 1 1 1 |1 5 5 1 1 1 1 1 1 1 1 1 2 1 1 2 3 |1 3 3 1 1 1 2 2 1 1 4 1 1 1 4 |1 1 2 1 1 1 1 1 1 |1 3 1 1 1 1 2 1 1 1 1 1 |1 1 2 1 1 1 2 1 1 2 2 2 |1 1 6 3 4 2 2 3 1 1 1 3 2 1 1 1 2 |1 1 2 1 1 1 |2 2 2 3 1 1 1 1 2 4 1 1 1 1 |1 1 1 1 1 1 1 |1 1 1 1 1 |2 1 3 2 1 1 1 3 1 1 2 1 |2 1 1 1 2 1 1 1 1 2 1 2 1 3 2 1 2 2 2 |1 2 1 2 2 1 1 2 3 1 1 1 3 1 1 |1 1 1 1 1 4 1 |1 1 1 1 1 |3 3 4 2 1 2 2 1 2 2 2 1 1 2 1 |1 1 1 1 3 1 1 1 1 |1 1 1 2 3 1 1 1 2 1 2 2 1 5 2 1 2 1 |1 1 1 1 2 1 1 2 |2 1 3 1 4 2 3 1 2 5 2 2 1 2 1 1 1 2 1 |4 1 4 1 3 6 1 4 3 1 1 1 1 4 1 1 2 1 2 |1 1 1 2 1 1 1 1 1 3 1 1 1 |1 3 1 1 1 1 1 1 1 1 1 2 1 1 1 1 |1 1 2 1 1 1 2 |1 2 2 3 2 1 6 2 4 1 1 4 3 4 1 4 1 2 |3 1 4 2 1 1 4 1 2 5 2 1 1 2 1 4 1 1 4 |1 1 1 1 1 1 2 1 5 1 3 2 1 3 1 2 |1 1 1 1 1 2 1 1 1 2 3 1 1 |1 1 1 1 1 |1 1 1 1 2 1 1 2 1 1 1 3 2 2 1 1 |1 1 1 1 1 1 1 1 |realPatrol = 1200|fitness = 862.7219778257769

第49个BestWave: 
1 1 1 2 2 2 1 1 1 1 1 2 1 1 4 |3 1 3 1 1 1 1 4 2 1 1 1 5 2 4 4 2 1 1 2 |2 1 1 2 1 1 1 1 |1 1 1 1 1 1 1 |1 1 2 1 1 1 4 3 5 1 1 1 1 2 1 1 |1 1 1 1 1 2 1 1 1 1 2 1 1 2 |1 1 1 1 1 1 3 1 2 4 2 1 1 1 3 5 |1 1 1 1 1 |1 1 1 1 1 1 1 |1 1 1 1 1 4 2 2 1 1 1 1 1 3 3 |1 1 1 1 2 1 1 1 2 1 3 1 1 2 1 |1 1 1 1 1 2 1 1 2 1 |1 1 1 1 1 |1 1 1 1 1 1 3 1 2 2 1 1 |2 2 2 4 1 1 3 2 4 2 3 4 1 4 1 1 |1 1 1 1 1 1 1 1 |2 1 1 3 4 1 3 1 3 3 3 2 1 2 1 1 2 |1 1 1 1 1 1 2 |1 2 1 1 1 2 1 1 2 6 1 1 2 |2 4 2 3 1 3 4 1 2 3 6 3 1 3 3 2 3 5 1 2 |2 1 2 1 1 1 1 1 1 2 1 1 1 3 2 1 |1 2 2 1 3 1 2 2 1 1 2 1 2 2 |1 1 1 1 1 1 1 1 2 |1 1 1 1 1 2 4 2 1 1 3 1 |1 1 1 3 1 1 1 2 1 1 1 1 1 4 |1 1 2 1 1 1 1 1 1 1 1 1 |1 2 1 1 1 3 1 1 1 1 1 1 1 2 |1 1 1 2 1 1 2 1 1 |1 1 1 2 5 1 1 1 2 1 1 1 2 |3 1 1 1 1 1 1 1 2 2 4 1 1 3 3 1 1 |3 3 2 1 1 3 3 1 1 1 1 1 3 2 1 |1 1 1 1 1 1 1 1 1 |2 3 2 1 2 1 1 2 3 1 1 1 |2 1 1 1 2 4 1 1 1 1 2 1 |1 3 2 2 2 1 2 2 1 1 1 3 2 3 1 3 2 |1 1 1 1 1 1 |1 1 2 3 1 1 2 2 2 1 2 1 1 2 |1 1 1 1 1 1 1 |1 1 1 1 1 |3 1 3 1 1 4 1 1 1 1 1 1 |1 1 1 1 1 1 2 1 3 2 2 1 3 2 5 2 2 1 2 |2 1 1 1 1 1 2 1 1 1 1 6 1 1 1 |1 2 1 1 1 1 1 |1 1 1 1 1 |1 3 1 1 1 1 1 1 1 2 1 1 1 1 1 |1 1 1 1 1 1 1 1 1 |3 3 4 2 5 2 1 1 1 1 1 1 1 5 1 4 2 1 |1 1 1 1 1 1 1 2 |2 2 4 4 6 1 1 1 1 1 1 2 4 1 1 2 1 1 2 |1 1 2 4 2 1 3 2 1 1 2 1 3 4 1 2 1 2 1 |1 5 1 1 3 1 1 1 2 1 2 2 1 |1 1 1 3 1 1 1 1 1 3 1 3 2 1 5 1 |1 1 1 1 2 2 1 |1 3 6 1 1 3 3 5 3 2 1 3 4 1 2 5 4 2 |1 2 1 1 1 2 1 1 5 4 3 1 3 2 1 5 2 3 3 |2 1 2 1 2 1 1 3 3 2 2 2 4 1 2 1 |1 1 2 1 1 1 1 1 1 1 1 1 1 |1 1 1 1 1 |1 1 4 2 1 1 1 1 2 1 1 2 1 1 1 1 |1 1 1 1 1 1 1 1 |realPatrol = 1200|fitness = 866.7378150797781

第50个BestWave: 
1 1 1 3 1 2 1 2 2 3 1 2 3 1 1 |1 1 2 3 3 2 3 2 2 3 2 3 6 1 1 6 3 2 4 1 |3 1 1 1 1 3 1 1 |1 1 1 1 1 1 1 |2 1 1 1 1 2 2 3 1 2 1 1 1 2 5 2 |1 3 3 1 2 2 1 1 4 2 1 1 1 2 |1 4 1 3 1 1 2 1 1 1 1 1 1 1 1 1 |2 1 1 1 1 |1 1 1 1 1 1 1 |1 2 2 2 2 1 1 1 4 1 1 2 2 1 2 |1 1 1 2 1 1 2 1 1 1 3 1 2 1 1 |1 1 1 2 3 1 1 1 1 1 |1 1 1 1 1 |3 1 1 1 1 1 1 1 1 1 1 1 |3 1 3 1 1 2 2 3 1 2 1 4 3 2 2 3 |1 1 1 1 1 1 1 1 |1 1 2 1 1 1 1 1 1 2 1 2 1 1 2 2 1 |1 1 1 1 1 1 1 |1 1 3 2 3 1 1 2 1 1 1 1 2 |3 2 4 1 1 2 5 1 2 3 1 1 1 4 4 1 3 3 1 4 |1 1 2 1 1 1 2 1 1 1 2 1 1 2 1 4 |1 1 1 3 1 1 3 1 1 1 3 1 1 3 |1 1 2 1 1 1 1 1 1 |1 1 1 1 1 2 3 1 1 1 1 2 |1 1 1 2 3 3 2 1 1 1 1 1 1 1 |3 1 1 1 1 1 1 2 2 1 1 1 |1 1 1 1 1 1 1 1 2 1 2 2 1 2 |1 1 2 1 1 1 1 2 2 |1 1 1 2 2 1 1 1 1 1 1 1 1 |1 1 3 1 1 2 1 1 2 1 1 2 3 1 1 3 1 |1 6 1 1 1 1 5 2 1 1 1 1 1 1 1 |1 1 1 1 1 1 1 1 1 |1 3 2 1 1 1 1 1 1 1 2 1 |1 1 1 1 1 1 1 1 1 4 1 1 |1 3 4 1 1 2 1 1 2 4 1 1 4 2 1 1 2 |1 1 1 3 1 1 |1 2 1 1 1 3 1 1 1 2 2 2 1 6 |1 1 1 1 1 1 1 |1 1 1 1 1 |4 1 1 5 2 1 2 1 1 1 1 1 |1 1 1 1 2 1 2 2 1 1 1 3 1 1 3 3 1 2 4 |1 1 2 1 1 2 1 2 3 2 1 4 1 1 1 |1 1 1 1 2 1 1 |1 1 1 1 1 |4 1 4 1 1 1 2 1 2 2 1 2 2 1 1 |1 1 1 1 1 1 1 1 1 |1 2 1 2 4 1 1 3 1 4 4 1 1 6 1 2 1 1 |1 1 1 1 1 1 1 2 |3 1 1 6 1 4 2 1 2 3 3 1 2 1 1 3 1 2 3 |1 2 3 3 4 1 1 1 1 2 2 4 1 3 1 1 2 1 1 |2 2 1 4 1 2 1 2 1 1 1 1 1 |2 2 1 1 1 4 3 2 1 2 1 2 1 1 1 1 |1 1 2 1 2 1 1 |4 1 4 1 1 1 1 6 2 2 1 2 5 2 1 4 3 1 |2 2 1 1 1 1 1 3 5 6 3 3 3 2 1 5 1 3 6 |1 1 3 2 2 1 1 1 1 1 3 1 1 1 1 2 |1 2 1 2 1 1 1 3 2 1 2 1 4 |2 1 1 1 1 |1 2 1 1 1 4 3 2 1 1 1 6 1 1 1 1 |1 1 2 1 1 1 1 1 |realPatrol = 1200|fitness = 864.5550012189753

第51个BestWave: 
2 2 2 2 4 3 1 4 2 4 1 1 1 1 1 |5 2 2 2 2 1 3 2 6 3 3 2 2 1 1 3 2 1 3 1 |1 1 1 1 1 1 1 1 |1 1 1 1 1 2 1 |2 1 1 2 2 1 3 4 1 2 2 1 2 1 1 1 |3 1 2 2 1 1 1 1 1 1 1 1 1 1 |1 2 1 1 1 2 4 1 2 3 1 2 1 2 1 3 |1 1 1 1 1 |1 1 1 1 1 1 1 |4 1 2 1 1 1 1 1 3 2 1 2 1 1 1 |1 2 1 2 1 1 2 1 1 1 1 1 1 1 1 |1 1 1 1 1 1 1 2 1 1 |1 1 1 1 1 |1 1 1 1 1 1 1 1 1 1 2 1 |1 1 1 2 2 2 1 1 1 2 3 5 3 1 1 1 |1 1 1 1 1 1 1 1 |1 1 1 1 1 2 1 1 1 1 1 3 1 1 1 1 1 |1 1 1 1 1 2 1 |1 1 3 1 3 1 1 1 1 1 3 2 1 |2 4 1 1 1 4 3 1 2 2 3 1 5 1 2 3 1 5 2 2 |1 1 1 1 3 2 2 1 1 1 3 2 1 1 1 2 |1 1 3 1 1 1 1 2 1 1 1 1 1 2 |1 1 1 1 2 1 1 1 1 |2 1 2 1 1 1 2 1 1 3 1 2 |1 1 1 2 2 2 2 1 3 1 1 1 3 2 |1 1 1 1 1 1 2 1 1 2 1 2 |3 1 1 1 1 1 2 1 1 1 2 1 1 1 |1 1 1 1 1 1 1 1 1 |1 1 1 1 4 2 1 1 1 3 3 1 1 |1 2 1 3 1 2 2 4 1 1 1 1 1 4 2 6 1 |5 1 1 1 5 1 3 3 1 1 3 1 5 1 2 |1 1 1 1 1 1 1 1 1 |1 1 1 1 1 1 1 1 1 2 1 2 |1 1 1 1 1 2 1 1 1 4 1 1 |2 1 3 1 1 1 2 1 2 2 3 4 2 1 1 1 1 |1 1 1 1 1 1 |1 2 1 5 1 2 1 2 1 1 1 1 2 2 |3 1 1 2 1 1 1 |1 1 1 1 1 |1 1 1 3 1 1 1 1 1 2 1 2 |1 2 1 4 2 1 1 2 1 1 2 4 4 1 5 1 1 1 4 |2 1 1 1 1 1 1 1 1 1 2 3 2 2 2 |1 1 1 1 1 1 2 |1 1 1 1 1 |1 2 1 1 4 1 1 1 1 2 1 1 3 1 2 |1 1 1 2 1 1 1 3 1 |3 2 2 1 3 1 1 1 1 2 2 2 1 4 1 2 3 2 |1 1 1 2 1 1 1 2 |5 4 3 1 4 1 1 2 5 3 1 4 1 1 1 1 3 2 3 |3 1 1 1 1 1 4 2 1 4 1 3 1 4 2 2 1 3 1 |3 2 1 3 4 1 2 1 1 1 1 1 2 |1 2 1 2 1 1 2 1 2 5 3 1 1 3 1 3 |1 1 1 1 1 1 1 |1 1 3 1 1 1 2 3 1 2 2 5 5 2 1 4 1 1 |4 1 1 1 1 1 3 1 3 6 1 1 1 2 6 4 1 4 5 |1 1 2 1 1 1 4 4 4 3 2 1 1 2 1 1 |1 1 1 2 2 1 1 1 1 4 1 1 1 |1 1 1 1 1 |1 1 4 1 2 1 2 1 1 1 2 5 2 1 1 1 |1 1 2 1 1 1 1 1 |realPatrol = 1200|fitness = 864.8338466432493

第52个BestWave: 
1 2 5 2 4 4 1 1 1 3 2 4 1 1 2 |1 1 1 3 5 1 1 1 1 2 1 2 5 2 3 5 1 1 4 1 |1 2 1 1 1 1 1 1 |1 1 1 1 1 1 1 |1 1 1 1 1 1 1 1 1 1 1 1 1 2 1 1 |3 1 1 1 1 2 1 1 1 3 2 1 2 1 |2 2 1 3 1 1 1 1 1 4 1 2 1 1 4 1 |1 1 1 2 1 |1 1 1 1 1 1 1 |1 3 3 1 1 3 2 1 3 1 1 1 1 1 2 |4 2 2 1 2 1 1 2 2 1 1 1 1 3 1 |1 2 1 1 1 1 2 2 1 1 |2 1 1 1 1 |1 1 1 1 1 1 1 1 1 1 1 1 |1 1 1 2 2 1 2 1 1 1 1 3 1 1 6 2 |1 3 1 1 1 1 1 1 |1 1 1 1 1 2 1 1 1 1 4 1 4 2 1 1 2 |1 1 1 2 1 2 1 |1 1 1 1 2 1 1 1 1 2 1 1 1 |1 2 5 2 3 2 3 2 4 3 3 3 1 2 4 3 1 1 1 2 |1 1 1 1 2 2 1 3 1 1 2 1 3 1 1 2 |1 1 1 1 2 1 1 1 1 2 1 1 1 1 |1 1 1 1 1 1 2 2 1 |1 1 1 1 1 1 1 1 4 2 1 3 |3 1 1 2 2 1 1 2 1 1 1 1 1 2 |1 1 1 1 1 1 1 1 1 1 1 1 |1 2 1 2 1 2 1 1 1 1 1 1 1 2 |1 3 1 1 1 1 1 1 1 |1 1 1 1 1 1 1 1 1 1 1 1 1 |1 1 3 1 1 1 3 1 1 3 1 1 1 2 1 1 1 |1 2 1 1 1 1 4 5 1 1 1 1 1 1 2 |1 1 1 1 1 2 1 1 2 |3 1 2 2 1 1 2 1 2 1 1 1 |1 1 1 1 1 1 1 2 1 3 2 1 |1 2 1 1 3 1 4 2 1 1 1 1 6 2 1 1 1 |1 1 1 1 1 1 |1 2 2 3 1 1 1 2 3 1 5 1 2 1 |1 1 1 1 1 1 1 |1 1 1 1 1 |4 1 2 3 3 1 2 1 1 1 1 1 |4 1 2 1 1 3 3 5 2 5 2 1 1 3 4 1 1 1 6 |1 1 1 1 1 1 1 2 2 2 1 2 1 2 2 |1 1 1 1 1 1 1 |2 1 1 1 1 |6 1 5 2 1 1 2 2 1 1 4 2 2 1 1 |1 1 1 1 1 1 1 1 1 |1 1 3 1 4 1 2 1 3 1 2 2 1 4 1 1 1 1 |2 2 2 1 2 1 1 2 |3 1 1 1 3 3 5 1 3 1 4 2 4 4 1 2 2 2 1 |1 1 3 2 2 2 1 1 3 1 1 1 5 4 2 1 3 2 1 |1 5 1 1 1 2 1 1 3 1 1 1 3 |3 1 1 1 1 1 1 1 1 3 3 1 1 2 2 2 |1 1 1 1 1 1 1 |2 2 3 5 1 2 4 3 1 1 1 2 4 4 1 1 1 1 |2 3 2 1 2 4 1 1 3 3 4 1 6 2 4 2 1 1 4 |1 1 4 1 2 1 1 1 1 3 2 3 1 1 2 2 |1 1 3 2 1 1 2 1 3 1 3 1 1 |1 1 1 1 1 |1 3 1 3 1 1 2 2 4 1 2 5 1 3 1 1 |1 1 3 1 1 1 2 1 |realPatrol = 1200|fitness = 858.6741978304449

第53个BestWave: 
2 1 1 3 2 2 1 1 4 1 1 2 2 1 1 |1 4 2 1 1 1 2 2 4 4 3 2 6 3 1 5 2 1 3 2 |2 1 1 1 1 1 1 1 |1 1 2 1 1 1 1 |1 2 1 3 3 1 1 6 1 2 2 3 2 1 2 1 |1 1 1 1 1 1 1 1 1 1 1 1 1 1 |1 1 1 1 1 1 1 1 1 3 2 1 1 2 1 3 |1 1 1 1 1 |1 1 1 1 1 1 1 |2 1 1 3 1 1 1 1 2 2 1 1 2 2 3 |1 2 2 6 3 1 2 1 1 3 1 1 1 3 1 |1 1 1 1 1 1 1 1 3 2 |1 1 1 1 1 |2 1 1 2 1 1 1 1 1 1 1 1 |1 1 1 1 1 1 1 3 1 1 1 3 1 5 1 1 |1 3 1 1 1 2 1 1 |1 1 4 3 2 1 1 1 1 1 6 1 2 1 1 1 1 |3 1 1 1 1 1 1 |1 1 1 1 4 1 1 1 1 2 1 1 3 |2 5 4 6 1 2 1 1 1 2 4 2 1 4 1 2 2 3 1 3 |2 3 3 1 1 1 1 1 1 1 1 4 4 2 1 2 |1 1 1 2 1 1 1 1 2 1 1 3 1 2 |1 1 1 1 1 1 1 1 1 |1 2 5 1 1 1 5 1 1 1 3 2 |5 1 1 1 1 1 1 1 1 2 1 2 1 1 |1 1 1 1 1 1 1 1 1 1 1 1 |1 2 1 2 1 1 1 1 1 2 1 1 1 2 |1 1 1 1 1 2 1 1 1 |1 1 1 1 4 1 1 4 1 2 1 1 1 |1 2 1 1 2 1 1 4 1 2 1 1 1 1 2 1 2 |3 6 1 3 5 3 2 1 1 1 1 1 2 1 1 |1 1 2 1 1 1 1 1 1 |2 1 1 3 1 1 2 1 1 2 2 1 |1 1 2 1 1 3 2 1 2 2 1 1 |3 2 3 2 1 1 3 1 2 3 1 2 1 1 1 2 1 |1 1 1 1 1 1 |1 3 1 1 1 1 2 2 1 1 3 1 1 2 |1 1 1 1 1 1 1 |1 1 1 1 1 |4 1 1 1 3 1 1 2 1 1 2 3 |3 1 1 3 1 2 3 1 1 2 1 1 3 4 1 1 3 2 5 |2 1 2 2 1 2 1 2 3 1 1 6 1 1 1 |1 1 1 1 1 1 1 |1 1 1 1 1 |1 2 1 4 1 1 1 1 4 1 4 1 1 1 1 |1 1 1 1 2 1 1 1 1 |2 1 1 2 6 1 3 1 1 1 1 1 3 4 1 5 3 1 |2 1 1 1 1 2 1 2 |1 3 1 3 5 3 1 1 1 1 2 3 1 3 1 1 1 1 3 |2 2 3 1 1 2 2 2 5 6 1 2 1 2 3 4 1 2 1 |1 1 1 1 1 1 1 2 1 1 1 1 1 |1 2 1 3 1 1 2 1 1 1 1 1 1 1 1 1 |1 1 1 1 1 1 1 |2 1 3 3 3 3 4 4 1 1 1 1 3 2 2 4 3 1 |4 2 3 2 2 1 2 3 4 6 4 1 3 1 1 1 1 3 4 |1 5 1 1 1 1 3 1 2 1 2 1 1 1 1 1 |1 1 1 1 2 1 2 1 1 1 1 1 3 |1 1 1 1 1 |1 1 1 1 2 4 2 1 2 1 1 1 1 2 1 1 |1 1 1 1 1 1 1 1 |realPatrol = 1200|fitness = 868.0215937195833

第54个BestWave: 
1 1 1 1 3 1 2 1 1 2 1 1 1 1 2 |2 1 4 1 1 1 1 3 3 3 1 2 5 1 2 5 2 1 1 1 |1 1 1 2 2 1 1 2 |1 1 2 1 1 1 1 |3 1 1 1 1 1 2 2 1 1 1 1 1 6 2 2 |1 1 2 2 1 2 3 1 1 3 2 1 1 1 |1 1 1 1 2 1 1 2 1 1 1 3 2 2 1 2 |1 1 1 1 1 |1 1 1 1 1 1 1 |2 2 3 4 1 1 3 1 3 2 1 1 3 2 3 |1 1 1 1 3 1 4 1 1 1 2 1 1 3 2 |1 1 1 2 2 2 1 1 1 1 |1 1 1 1 1 |2 2 1 2 3 1 1 1 1 2 2 1 |1 3 1 2 1 2 2 2 1 1 1 2 1 1 1 1 |1 1 1 1 1 1 1 1 |1 1 1 1 1 2 2 1 1 3 3 1 1 1 1 3 1 |1 1 1 1 1 1 1 |1 2 1 1 3 1 3 1 1 1 1 3 2 |3 4 4 1 1 2 4 3 1 3 3 3 1 1 2 3 2 2 1 1 |1 2 4 1 2 1 1 3 1 1 4 2 1 1 1 1 |2 1 1 1 2 1 1 1 1 1 1 1 1 2 |1 1 2 1 3 4 1 1 1 |1 3 1 1 1 1 1 1 1 2 1 1 |1 3 1 1 1 1 1 1 1 4 1 1 1 2 |1 1 1 1 1 2 1 1 1 3 1 1 |1 2 1 1 1 4 1 1 1 2 1 2 1 1 |1 1 1 1 1 1 1 1 1 |1 1 1 1 2 1 1 1 1 1 1 1 2 |1 1 1 1 1 2 2 5 3 1 2 2 2 2 1 3 2 |2 2 1 3 4 2 1 1 1 3 2 1 1 2 2 |1 1 1 1 1 2 1 1 1 |2 1 2 2 4 1 1 1 1 1 1 1 |1 2 2 1 2 1 2 1 1 2 1 1 |3 1 1 1 3 1 1 2 1 1 1 3 3 2 1 4 1 |1 2 1 1 1 1 |1 1 2 1 1 1 2 4 3 1 2 1 1 2 |1 1 1 1 1 1 1 |1 1 1 1 1 |3 2 1 2 1 1 1 1 1 1 1 3 |3 3 1 5 2 6 1 4 1 2 1 1 1 1 2 4 4 2 2 |2 2 2 4 1 1 3 1 1 2 3 4 2 1 1 |2 1 1 1 1 1 1 |1 1 1 1 1 |1 3 3 1 1 1 2 1 1 1 1 1 1 2 1 |1 1 1 1 2 1 2 1 1 |3 1 2 1 5 1 1 2 1 1 1 1 1 5 2 4 1 2 |1 1 2 3 1 1 1 1 |2 3 1 1 4 3 2 1 4 1 3 2 1 2 2 3 1 2 2 |1 1 4 2 1 1 1 3 2 1 1 1 1 3 1 1 1 2 1 |1 2 1 4 1 1 1 3 3 1 1 1 1 |1 3 1 2 1 1 1 1 1 4 2 1 1 1 1 1 |2 1 1 1 1 1 1 |2 2 4 3 3 1 4 5 1 1 1 3 5 2 3 5 1 1 |4 2 2 1 1 2 1 4 2 4 4 5 3 1 2 4 2 2 4 |1 2 1 1 2 2 3 1 2 1 1 2 1 1 1 1 |1 2 2 1 1 1 2 2 1 1 1 1 1 |1 1 1 1 1 |2 2 2 1 3 1 3 1 1 3 1 3 1 1 1 1 |1 1 2 1 1 1 1 1 |realPatrol = 1200|fitness = 862.4867491944632

第55个BestWave: 
1 1 4 1 4 3 1 2 1 1 1 1 4 1 1 |1 1 2 2 4 1 3 2 1 4 1 1 6 1 5 4 1 1 1 4 |2 1 2 1 1 1 1 1 |1 1 1 1 1 1 1 |1 2 1 1 1 2 6 2 1 1 1 4 2 1 1 3 |1 2 1 2 1 1 1 2 2 1 1 4 3 2 |1 1 1 1 1 1 1 3 2 5 1 1 1 1 1 6 |1 1 1 1 1 |1 1 1 1 1 1 1 |3 1 3 2 1 1 1 1 3 1 1 1 1 3 1 |1 1 2 3 1 1 1 1 3 1 1 1 1 1 1 |1 1 1 2 1 1 1 2 1 1 |1 1 1 1 1 |1 1 1 1 1 1 1 1 1 1 1 2 |4 1 1 1 1 3 1 1 1 1 1 1 2 1 5 1 |2 1 1 1 1 1 1 1 |2 1 2 1 1 1 2 2 1 1 1 1 3 1 1 1 1 |2 2 1 1 1 1 1 |1 1 1 1 2 1 1 1 2 6 1 1 1 |4 5 2 3 1 2 1 1 2 3 1 4 2 2 1 1 2 3 1 2 |1 1 2 1 3 2 1 2 2 1 1 1 1 2 1 5 |1 1 1 1 2 2 5 1 1 1 1 1 2 4 |1 1 1 2 1 2 1 1 1 |2 1 1 1 1 1 1 1 1 1 1 1 |1 1 2 1 1 1 2 1 2 1 1 1 2 1 |1 1 1 1 1 1 1 1 1 4 1 2 |2 5 2 1 1 1 3 1 1 1 3 1 1 1 |1 1 1 1 2 1 2 1 1 |1 1 2 1 2 1 2 1 1 1 1 2 1 |1 1 3 1 3 1 1 2 1 2 2 1 2 3 1 2 1 |6 2 1 1 2 1 5 1 1 2 1 1 1 1 1 |1 1 2 1 1 1 1 1 1 |2 1 2 1 1 1 2 1 1 2 2 2 |1 1 1 4 1 1 1 1 1 1 1 1 |1 1 1 1 1 1 1 1 1 1 1 5 2 3 2 2 2 |1 1 1 1 1 1 |2 4 1 2 1 1 1 1 1 1 1 2 1 1 |2 1 1 1 1 2 1 |1 1 1 1 1 |2 1 2 2 1 1 1 1 1 1 1 1 |1 1 4 3 3 2 1 1 3 2 2 1 1 2 1 1 2 1 5 |1 2 1 1 1 1 1 1 2 1 2 5 3 1 1 |1 1 1 1 1 2 1 |1 1 1 1 1 |1 4 3 4 2 2 1 2 4 1 1 1 1 1 3 |1 1 3 1 1 1 1 1 1 |4 2 1 1 6 3 3 3 1 1 1 3 1 4 2 1 1 5 |1 1 1 1 1 2 1 2 |1 2 2 3 3 2 1 1 2 1 1 2 2 1 2 4 1 1 1 |3 1 1 1 1 1 5 1 1 1 3 1 3 2 2 1 1 1 2 |1 1 1 2 2 3 1 1 1 3 1 1 2 |2 1 1 1 1 1 2 1 1 2 5 2 3 1 4 3 |1 1 1 1 1 1 1 |2 2 2 5 3 2 5 5 1 2 2 2 6 4 1 5 1 1 |1 1 2 1 6 1 2 1 3 6 5 2 2 2 5 6 1 3 1 |1 1 3 2 2 1 1 1 2 2 1 1 1 1 2 1 |1 1 2 1 1 1 1 1 2 1 1 2 1 |1 1 1 1 1 |1 1 1 1 1 1 1 2 2 1 3 1 1 3 2 1 |1 1 3 1 1 1 1 1 |realPatrol = 1200|fitness = 868.1206913011631

第56个BestWave: 
2 1 4 1 1 1 2 2 2 1 3 1 1 1 2 |4 2 2 1 2 1 2 3 3 3 1 1 3 1 2 5 2 2 1 1 |3 1 2 2 2 1 1 1 |2 1 1 1 1 1 1 |3 1 2 1 1 1 2 1 2 2 2 1 2 2 4 1 |1 1 1 2 1 1 1 2 1 1 1 2 3 1 |2 1 1 1 1 1 1 1 2 5 1 1 1 1 1 3 |1 1 1 1 1 |1 1 1 1 1 1 1 |1 2 1 2 1 1 4 2 2 2 1 1 4 1 5 |1 2 1 1 1 1 6 1 1 2 1 1 1 1 4 |1 1 1 1 1 1 1 1 1 1 |1 2 1 1 1 |1 1 1 1 1 1 1 1 1 2 1 2 |1 1 2 2 1 1 1 2 1 2 2 4 1 2 3 2 |1 1 1 1 1 1 1 2 |2 2 3 1 1 3 2 1 1 2 1 2 1 1 2 3 1 |2 1 1 1 1 1 1 |2 1 4 3 1 1 1 5 1 1 2 2 1 |1 3 2 1 1 1 1 3 1 4 1 2 1 1 2 1 2 2 1 1 |3 1 3 1 1 2 1 1 1 1 3 2 1 1 1 4 |1 1 1 1 2 2 1 1 1 1 2 1 1 3 |1 1 1 1 1 1 2 1 1 |4 1 1 1 1 1 4 1 1 1 1 1 |2 1 2 5 2 1 1 1 2 3 1 1 1 1 |1 1 2 1 1 1 1 1 1 1 1 1 |1 2 1 1 1 1 2 2 1 1 1 2 2 3 |1 1 1 1 1 1 1 1 1 |1 3 1 1 2 2 1 1 3 1 2 4 1 |1 1 1 1 1 1 3 3 1 1 2 1 4 1 1 3 1 |1 6 2 2 1 1 1 1 2 2 2 1 2 1 1 |2 1 1 1 1 1 1 1 2 |1 1 1 2 1 1 1 3 1 3 2 3 |1 1 1 1 1 2 1 1 1 3 1 1 |1 3 2 3 2 2 2 1 1 2 1 4 2 1 1 1 1 |1 1 3 1 1 1 |1 2 3 2 1 1 1 4 1 1 1 1 3 1 |1 1 1 1 1 1 2 |1 1 1 2 1 |1 2 5 2 2 1 1 1 1 1 2 1 |2 1 1 3 1 4 4 1 2 1 1 2 1 1 3 1 5 2 1 |4 1 1 1 2 1 1 1 2 1 2 4 1 2 1 |1 1 1 1 1 1 1 |1 1 1 1 1 |2 6 5 1 2 2 1 1 4 3 1 1 1 5 1 |1 1 1 1 1 1 1 1 1 |3 2 3 1 3 1 2 2 2 2 4 1 1 6 2 5 3 2 |1 1 1 1 1 1 1 1 |2 2 1 1 2 1 1 1 1 2 1 3 1 1 2 1 1 2 3 |1 1 3 1 1 2 1 1 3 1 1 2 1 3 2 1 1 2 1 |1 1 2 1 1 2 1 2 1 2 1 2 2 |1 3 1 1 4 3 1 1 1 4 1 1 1 3 4 3 |1 1 1 1 1 1 1 |1 1 5 1 3 1 4 4 3 1 2 2 2 2 1 4 2 1 |1 3 2 3 1 2 1 1 3 6 1 2 1 1 1 5 1 1 2 |1 3 1 1 2 1 2 1 4 1 2 1 4 2 2 1 |2 2 1 1 1 2 1 1 2 1 1 1 1 |1 1 1 1 2 |1 4 1 1 1 2 1 2 4 1 2 1 1 3 1 2 |1 1 1 1 1 1 1 1 |realPatrol = 1200|fitness = 858.4258966522309

第57个BestWave: 
1 1 1 2 3 1 1 3 1 2 2 1 2 1 1 |1 1 6 2 1 1 2 5 5 6 3 1 4 1 1 4 2 1 4 1 |1 1 1 1 1 1 1 1 |1 1 1 1 1 1 1 |2 1 2 1 1 1 4 3 2 1 1 1 1 3 1 1 |3 1 1 1 1 1 2 1 1 2 1 1 1 2 |1 3 3 1 1 1 1 3 1 6 1 1 1 1 3 4 |1 1 1 1 1 |1 1 1 1 1 1 1 |2 3 2 2 1 2 1 2 3 1 1 1 1 1 1 |1 1 1 2 1 1 1 1 1 3 1 1 3 1 2 |1 1 1 2 1 1 1 1 1 1 |1 1 1 1 1 |2 1 1 1 1 2 1 1 1 1 2 1 |1 2 1 1 1 1 1 1 1 3 2 2 4 1 4 1 |1 1 1 1 1 1 1 1 |6 1 2 2 1 1 1 1 3 2 1 1 1 1 2 1 2 |1 2 1 1 1 1 1 |3 2 1 1 3 1 1 1 1 2 1 1 1 |5 2 2 4 2 1 6 2 5 1 2 1 1 4 2 2 1 3 1 1 |6 2 1 1 4 1 2 2 1 1 1 1 1 1 2 3 |1 1 1 3 2 1 2 3 4 1 2 3 1 2 |1 1 1 1 1 1 1 1 2 |1 1 1 1 2 2 2 1 1 2 1 3 |1 1 1 1 1 1 1 1 1 1 3 1 1 2 |2 1 1 1 1 1 2 1 1 1 3 1 |1 1 1 1 1 1 1 3 1 1 2 1 1 1 |3 1 1 1 1 1 1 1 1 |1 1 1 2 2 2 5 1 1 1 2 2 3 |4 1 1 1 1 2 1 4 1 1 1 4 1 2 1 1 1 |1 5 1 1 1 3 2 2 3 1 1 2 2 1 1 |1 2 2 1 1 1 1 3 1 |1 1 2 2 2 1 2 1 1 3 2 1 |1 3 1 2 1 1 1 5 1 1 1 1 |1 3 3 1 2 1 2 3 2 1 1 1 3 3 1 6 1 |1 1 1 1 1 1 |1 2 2 1 3 1 2 3 1 1 5 1 1 1 |1 1 2 1 1 1 1 |1 1 1 1 1 |1 1 2 1 1 1 2 1 1 1 1 1 |1 1 2 1 1 1 1 1 1 1 1 1 4 3 4 2 5 1 1 |2 1 1 1 2 1 2 2 2 1 1 3 1 1 1 |1 1 1 2 1 1 1 |1 1 1 1 1 |5 1 2 1 2 1 3 1 2 1 2 1 2 1 1 |1 1 1 1 1 2 1 1 1 |3 3 2 2 5 1 1 3 1 1 2 1 2 4 1 1 1 1 |1 1 1 1 1 1 1 1 |1 1 2 4 2 1 6 3 1 1 2 2 1 1 1 1 1 4 5 |1 1 1 2 1 1 2 1 2 1 1 3 1 4 1 1 2 2 1 |1 2 2 4 1 1 2 1 2 1 1 2 1 |1 3 1 1 1 3 1 1 3 2 2 1 1 1 3 1 |1 1 1 1 1 1 1 |3 1 1 1 1 2 5 4 2 3 4 3 6 1 1 5 1 3 |3 1 1 5 1 1 2 1 1 4 3 1 1 1 1 5 1 2 2 |1 1 1 1 1 1 1 1 4 2 2 1 2 1 1 1 |1 1 1 1 2 1 2 1 1 1 1 2 2 |1 1 1 1 1 |2 1 3 1 1 3 2 1 1 1 2 6 1 2 1 2 |1 1 1 1 1 1 1 2 |realPatrol = 1200|fitness = 866.5454456924031

第58个BestWave: 
1 1 1 1 4 2 2 3 3 2 1 1 2 1 1 |5 1 1 4 1 3 1 2 1 2 1 2 4 1 1 4 1 1 1 2 |2 1 1 1 1 1 1 1 |1 1 1 1 1 1 1 |1 3 1 1 1 1 4 1 3 1 1 3 1 2 1 2 |2 2 1 1 2 1 1 3 1 1 1 1 1 1 |1 2 1 1 1 1 1 1 1 3 1 1 3 1 1 4 |1 1 1 1 1 |1 1 1 1 1 2 1 |2 1 2 3 4 1 1 1 1 1 1 1 2 4 4 |1 1 1 2 1 1 1 1 2 1 2 2 1 1 1 |2 1 1 2 1 1 1 1 1 1 |1 1 1 1 1 |1 1 1 2 1 1 1 1 1 1 1 1 |1 1 2 2 1 3 1 1 1 1 1 5 2 1 1 1 |1 1 1 2 1 1 1 1 |5 2 3 3 3 1 2 2 1 1 4 1 1 1 1 1 2 |1 1 1 1 1 1 1 |1 2 1 1 2 2 1 1 1 6 1 1 1 |1 3 2 1 2 1 5 4 1 1 6 1 2 1 1 3 1 1 1 1 |1 4 2 2 3 1 1 1 1 1 1 2 1 1 1 1 |1 1 1 3 1 1 1 1 3 1 1 1 1 1 |1 1 1 1 1 1 2 1 1 |2 1 1 1 3 4 2 1 1 1 2 1 |2 1 1 2 2 1 3 1 1 1 2 1 2 3 |2 1 3 1 1 1 1 1 4 1 1 1 |2 1 1 1 2 2 1 1 2 1 2 1 1 1 |1 1 1 1 1 1 1 1 1 |1 1 1 1 4 2 2 1 1 2 2 2 2 |3 1 2 1 3 1 1 1 1 1 1 3 1 1 2 1 1 |5 1 1 1 3 1 2 2 3 1 3 1 4 2 1 |1 1 2 1 1 1 1 1 1 |1 1 1 1 1 2 1 1 2 1 3 2 |1 2 1 1 1 3 1 4 1 1 1 1 |1 1 3 3 3 3 2 2 2 1 1 2 1 5 1 1 2 |2 1 1 1 1 1 |1 3 1 1 1 1 1 1 1 3 2 1 1 2 |1 1 1 1 1 1 1 |1 1 1 1 1 |3 1 3 5 1 1 1 2 1 1 2 3 |2 5 1 1 1 4 1 4 2 3 2 3 2 1 4 4 5 1 5 |2 1 3 1 1 1 1 1 1 1 1 6 1 2 2 |1 1 1 1 2 1 1 |1 1 1 1 1 |3 1 1 1 1 3 1 2 1 1 1 1 2 1 4 |1 2 1 1 2 1 1 1 1 |2 2 1 1 4 3 1 3 2 3 1 2 1 1 2 1 2 1 |1 1 1 1 1 1 1 1 |1 1 4 1 3 1 3 1 3 1 1 2 1 1 2 3 3 2 2 |1 1 4 1 1 2 2 1 3 1 1 1 3 4 1 1 2 2 2 |1 2 2 2 1 1 1 1 1 1 1 3 1 |1 1 2 2 1 1 1 1 3 3 1 1 1 1 2 1 |1 1 1 1 1 1 1 |2 1 3 3 1 2 5 4 1 6 1 4 4 3 5 2 1 1 |3 1 1 1 3 1 5 2 3 5 2 2 3 1 1 4 3 1 3 |2 1 1 2 3 1 2 1 2 1 2 2 1 2 1 1 |1 1 1 1 1 1 1 1 1 2 1 1 2 |1 1 1 1 1 |1 1 2 3 1 1 2 3 2 1 4 3 1 4 2 1 |1 1 1 1 1 1 1 1 |realPatrol = 1200|fitness = 861.6312530991447

第59个BestWave: 
1 2 1 2 6 6 2 2 1 1 1 1 2 2 1 |2 2 3 6 4 2 1 1 4 5 1 1 5 1 2 5 2 3 2 2 |1 1 1 1 1 1 1 1 |1 1 1 1 1 1 1 |3 1 1 1 1 1 2 1 1 2 1 1 1 1 1 2 |3 1 1 1 1 1 2 2 1 1 1 1 4 1 |3 1 2 1 1 1 2 1 4 3 1 2 2 1 2 1 |1 1 1 1 1 |1 1 1 1 1 1 2 |1 1 2 3 1 1 2 1 1 2 2 1 1 2 2 |1 1 1 3 1 3 1 1 1 1 2 1 1 1 1 |1 1 1 2 2 1 1 1 1 1 |1 1 1 1 1 |2 1 1 1 1 1 2 1 1 1 2 1 |1 1 2 1 5 1 1 2 1 2 1 2 4 1 4 1 |1 1 1 1 2 1 1 1 |1 1 1 1 1 1 1 1 2 1 4 1 1 1 2 1 1 |1 1 1 1 1 1 1 |3 1 1 1 1 1 3 1 3 1 1 1 1 |2 4 5 1 3 3 3 1 1 4 5 2 1 3 3 1 2 2 2 1 |1 1 4 3 4 1 3 1 2 1 1 1 2 1 1 2 |1 3 2 3 3 1 2 1 1 1 2 1 1 1 |1 1 1 1 2 1 1 1 1 |1 1 1 1 2 1 3 1 2 1 1 1 |1 1 1 1 4 1 1 2 1 3 1 1 2 4 |1 2 1 1 2 1 1 1 2 1 1 1 |1 1 2 1 1 1 3 3 1 1 2 1 2 3 |1 1 1 1 1 1 1 1 1 |1 1 1 2 1 1 1 1 2 1 1 1 1 |1 1 3 1 2 1 2 1 1 1 2 2 1 4 1 1 1 |1 5 1 1 3 1 1 1 1 1 1 1 2 1 1 |1 2 1 2 1 1 2 2 1 |3 1 1 1 1 1 1 2 1 1 1 1 |1 1 1 2 1 4 1 1 1 2 3 1 |1 3 4 3 1 2 3 2 2 1 2 1 3 3 2 4 2 |1 1 1 2 1 1 |3 1 2 3 1 1 2 3 3 1 3 1 1 2 |1 1 1 1 1 1 1 |1 1 1 1 1 |2 1 2 2 1 1 1 1 1 1 1 2 |1 1 2 1 1 2 2 4 2 1 2 1 2 1 2 1 4 3 1 |6 4 1 1 1 1 1 1 1 1 3 3 1 2 2 |3 1 1 1 1 1 1 |1 1 1 1 1 |3 3 2 1 1 1 2 2 3 1 1 1 1 1 1 |1 1 1 1 1 1 1 1 1 |1 1 1 1 2 2 1 1 1 2 1 2 1 2 1 2 1 1 |1 1 1 1 2 1 1 3 |3 1 5 1 4 1 4 1 3 1 2 2 1 1 1 3 1 1 2 |2 2 3 2 1 2 1 1 3 3 1 2 2 2 2 2 2 1 4 |1 1 1 2 2 2 1 1 1 1 1 1 1 |3 2 2 1 1 2 1 2 1 6 2 1 1 1 1 2 |1 1 1 1 1 1 1 |1 3 4 2 1 4 3 4 1 2 3 2 5 2 5 5 1 1 |2 2 5 3 1 3 1 1 3 4 1 1 3 1 3 6 1 1 1 |1 2 1 3 1 1 1 2 1 2 3 2 1 2 1 1 |1 1 1 1 1 3 1 2 1 1 1 1 2 |1 1 1 1 1 |1 1 2 1 2 1 3 1 1 1 1 2 2 1 3 1 |1 2 1 1 1 1 1 2 |realPatrol = 1200|fitness = 862.6373853688934

第60个BestWave: 
4 2 1 2 2 1 1 5 1 1 1 1 1 1 1 |2 1 2 3 4 2 1 2 2 5 4 1 5 1 3 5 3 1 2 1 |1 1 1 1 2 1 1 1 |2 1 1 1 1 1 1 |1 1 1 1 1 1 2 4 2 1 1 1 1 1 1 3 |1 1 1 2 1 1 1 3 1 1 2 1 1 1 |1 2 1 4 1 1 2 3 2 3 1 1 2 1 1 5 |1 1 1 1 1 |1 1 1 1 1 1 1 |3 1 2 1 1 1 1 2 1 1 1 1 1 1 1 |1 1 1 1 1 2 1 1 2 1 2 4 1 1 1 |1 1 1 1 1 1 2 1 1 1 |1 1 1 1 1 |1 1 1 1 1 2 1 1 1 1 1 1 |1 3 1 2 1 1 1 2 1 1 2 1 3 1 2 2 |2 1 1 1 1 2 1 1 |4 3 2 2 1 3 1 2 2 1 2 3 1 1 1 3 2 |1 1 1 1 1 1 1 |1 1 1 1 4 1 1 2 1 3 1 3 1 |2 6 1 1 2 2 3 1 2 1 2 2 2 2 4 2 2 1 1 2 |1 2 2 1 2 1 1 1 3 2 2 1 3 1 1 3 |2 1 1 1 2 1 1 2 1 1 3 1 2 2 |2 2 2 1 1 1 1 1 1 |4 1 1 2 1 1 1 1 2 1 2 1 |1 2 3 3 4 1 1 1 4 2 1 1 1 2 |1 1 2 1 1 2 4 1 2 1 1 1 |2 2 1 1 1 1 1 1 2 1 1 1 1 2 |1 1 1 1 1 1 2 1 1 |1 1 1 1 1 1 1 1 1 1 1 1 1 |1 2 2 2 1 2 1 5 1 1 1 3 2 1 4 3 1 |1 2 1 1 2 1 5 1 1 2 1 1 2 1 1 |1 1 2 1 2 1 1 1 1 |1 3 1 3 1 1 1 1 1 1 2 1 |2 2 1 2 1 2 1 1 1 4 3 1 |1 1 3 1 1 2 4 2 1 4 2 1 4 1 2 6 1 |2 2 2 1 1 1 |4 2 2 2 1 1 3 1 2 1 2 1 1 1 |1 1 1 1 1 1 1 |1 1 1 1 1 |1 1 4 2 1 1 1 2 1 1 1 2 |1 4 1 1 1 1 2 1 1 3 3 2 1 3 3 2 4 4 1 |2 1 3 2 1 2 2 1 2 1 3 5 1 2 1 |1 1 1 1 1 1 2 |1 1 1 1 1 |4 1 3 1 1 1 4 1 1 2 1 1 1 1 2 |1 2 2 1 1 1 1 2 1 |1 1 1 1 1 1 1 2 2 1 2 1 2 4 3 5 4 2 |1 1 1 1 1 1 2 1 |1 3 1 2 4 1 1 1 6 2 1 3 1 3 2 1 1 2 1 |2 2 2 1 1 1 2 1 1 1 3 2 1 1 2 1 1 1 1 |1 1 1 5 2 3 1 1 1 2 2 1 2 |1 1 1 1 2 2 1 1 1 2 1 1 2 1 2 3 |2 1 1 1 1 2 1 |2 4 5 1 2 2 4 1 2 1 3 4 4 5 3 6 1 2 |1 1 1 2 1 1 1 1 1 2 5 1 3 1 1 5 2 5 3 |1 1 1 1 4 1 2 1 4 3 1 1 1 1 1 1 |1 4 1 1 1 1 1 1 2 1 1 1 2 |1 1 1 1 2 |1 1 1 1 1 2 1 2 1 1 2 1 1 1 1 2 |1 1 1 1 1 1 1 1 |realPatrol = 1200|fitness = 864.7149595405704

最优解的最大适应度：869.2697529224658
最优解的最小适应度：856.152351156813
最优解的平均适应度：863.0342851311175
估计标准差值：3.237848595986201
最优解的最佳分配：
1 1 2 3 4 1 1 1 3 2 2 1 2 1 1 |2 1 3 1 5 1 1 1 1 4 6 1 3 3 1 1 1 2 1 1 |2 1 1 1 1 1 1 1 |1 1 1 1 2 1 1 |3 2 1 1 2 1 4 3 1 1 1 1 1 2 2 4 |1 1 1 2 1 1 1 2 1 1 1 1 1 2 |1 3 1 1 2 1 1 6 1 5 2 1 1 4 1 3 |1 1 1 1 1 |1 1 1 1 1 1 1 |1 1 2 3 1 1 1 1 2 1 1 1 1 3 1 |1 1 1 3 1 1 3 1 1 2 1 2 1 3 1 |2 1 1 1 1 2 1 1 1 3 |1 1 1 1 1 |1 2 1 1 1 1 2 2 1 1 1 1 |1 2 1 1 2 3 2 2 1 2 3 4 1 3 2 1 |1 1 1 1 1 2 1 1 |3 1 2 1 3 1 3 1 2 2 3 1 1 1 2 1 1 |1 1 1 1 1 1 1 |1 1 1 1 5 1 2 1 1 4 1 2 1 |1 4 2 1 4 1 5 1 3 5 3 1 2 1 1 2 2 2 1 2 |2 1 1 2 1 1 1 1 1 2 5 1 1 2 1 2 |2 1 1 1 1 1 1 2 5 1 3 1 1 1 |3 1 2 1 1 1 1 1 1 |2 1 3 1 2 1 2 1 1 1 2 2 |1 2 1 2 1 1 3 1 1 1 2 4 1 2 |1 2 1 2 2 1 2 2 1 1 1 1 |2 1 1 2 2 4 1 1 1 1 2 2 1 1 |1 1 1 1 1 2 1 1 1 |1 2 1 1 2 1 2 1 1 1 1 1 1 |1 2 1 2 1 1 3 3 1 1 1 1 1 1 1 1 4 |1 6 2 1 1 1 4 1 1 1 1 1 2 2 3 |1 1 1 1 2 1 1 1 1 |1 3 2 1 1 1 1 1 2 1 3 1 |1 2 1 2 1 2 1 1 1 3 1 1 |2 1 1 1 2 1 1 4 2 2 3 1 2 1 2 2 1 |1 1 1 1 1 1 |1 1 2 1 3 1 1 1 1 2 1 1 1 1 |1 1 1 1 2 1 1 |1 1 1 1 1 |1 1 2 1 2 1 1 1 2 2 1 1 |1 2 3 1 2 3 1 2 2 5 3 1 2 4 5 2 3 2 4 |2 1 1 1 1 1 2 1 2 2 2 2 1 1 1 |1 2 1 1 1 1 1 |1 1 1 1 1 |4 6 2 1 1 1 1 1 5 1 3 2 1 1 1 |1 1 1 1 1 2 1 1 1 |6 2 1 2 4 1 1 3 2 4 1 1 1 5 1 4 1 1 |1 1 1 1 1 1 2 1 |2 1 1 2 2 1 1 3 1 1 1 4 1 1 2 2 2 2 1 |1 1 5 3 1 2 2 1 1 3 2 2 2 3 1 4 1 1 1 |1 3 1 1 2 1 1 1 1 1 2 1 1 |1 1 1 1 2 1 1 1 1 2 1 2 1 1 1 1 |1 1 1 1 1 1 1 |1 2 3 2 5 1 5 2 1 1 6 3 3 4 3 2 1 1 |4 1 1 1 2 2 1 3 2 6 4 2 2 1 1 4 1 3 5 |1 1 4 2 1 1 1 3 5 2 3 2 2 2 1 1 |1 1 1 1 1 2 1 3 1 1 1 1 1 |1 1 1 1 1 |1 1 3 1 1 1 1 1 1 1 2 1 1 1 2 1 |1 1 1 1 1 1 1 1 |1200|realPatrol = 1200
WWO算法运行求解巡逻调度问题耗时：5小时，55分钟，53秒
