===============第1个全局最优解================
最佳代数：
641
最佳分配：
1 6 1 1 1 1 |1 1 1 6 1 1 1 6 1 1 1 1 1 1 5 |
最佳适应度：
1.1399973867803654

最大适应度：1.1399973867803654
最小适应度：1.1399973867803654
平均适应度：1.1399973867803654
估计标准差值：NaN
最佳分配：
1 6 1 1 1 1 |1 1 1 6 1 1 1 6 1 1 1 1 1 1 5 |
PSO算法运行求解巡逻调度问题耗时：0小时，0分钟，9秒
===============第1个全局最优解================
最佳代数：
78
最佳分配：
1 6 1 1 1 1 |1 1 1 6 1 1 1 6 1 3 1 1 1 1 3 |
最佳适应度：
1.161209989765603

最大适应度：1.161209989765603
最小适应度：1.161209989765603
平均适应度：1.161209989765603
估计标准差值：NaN
最佳分配：
1 6 1 1 1 1 |1 1 1 6 1 1 1 6 1 3 1 1 1 1 3 |
PSO算法运行求解巡逻调度问题耗时：0小时，0分钟，8秒
