0.7220511907817049 0.4140043757528079 0.13077780049779916 0.6318332233622506 0.3028077784942985 0.9726868718669925 0.4419259013726003 0.3915121840251919 0.11007162049944755 0.05516384008731134 0.19603924302136555 0.46167371893033626 0.16079718447601318 0.8399557886898311 0.07734717537745109 0.8835405357429015 0.30616437644778344 0.028162109191716335
0.5217642688954947 0.8167257880586902 0.2147488097022134 0.5979494663390167 0.4689359461297094 0.3163665872389921 0.9437248399724092 0.65642330928568 0.1607755876654213 0.9501020619219664 0.5261786330883366
0.9543209500368762 0.778569178207951 0.15773154840132936 0.25084048486951266 0.648367628286582 0.7731749677668757 0.5387614123526315 0.714716009352285 0.4589804813319198 0.7862338298975241 0.633859134314993 0.939202880262251
0.5372830498749571 0.544632788885357 0.2054821131167944 0.06632529271008498 0.7751107170777861 0.045727111725833505 0.9406335714413538 0.7736997585501768 0.8048416111813231 0.7770283101837758 0.994821007007524 0.8247668739727085 0.09247875369201786 0.031203348921469934 0.5608537918861334 0.4346802448599525
0.4774396118758984 0.4053073023501198 0.23911368648102482 0.8720393057339784 0.3959746002263463 0.49218441476407576 0.23736831637667533 0.15238468112082856 0.25204176671242007 0.4719247720117559
0.3080703009410445 0.8610450939086496 0.09980574746820088 0.29215139883090213 0.4093954925303432 0.4005318240220129 0.5957086629228816 0.24773965512633914 0.45302153370416864 0.6212221327296539 0.23527761675054448 0.3833340566706842 0.11683393570978694 0.40355503437727447 0.3604874923861797 0.5957285661774326 0.6143695166489496
0.4953829852837842 0.1575894840572273 0.8778158155519123 0.6148677431580222 0.3394803182907305 0.7128455896172071 0.7213861067511701 0.7682986017613392 0.7435043628746217 0.5645754786990901 0.26257115573089246 0.3686711738114946 0.4979376237429939 0.6143265610975125 0.44117875393739087 0.4263000863565635 0.3167087176250637 0.1878206725842718
0.10355273620256128 0.0255175046294914 0.8002983488806005 0.037608544370139135 0.5479195002082123 0.1785664234041203 0.5121803237364811
0.4840816306996355 0.021445313037766388 0.5690967779663 0.37643067953406284 0.6196443455393875 0.03943037585859133 0.4898086523083711 0.45725807898808074 0.23244112165554992 0.6392037823896042 0.8783471582005491 0.11006521805045809 0.6310634140343795 0.11436025432015974 0.13355266270823068 0.3284470847222809 0.8001269121165514 0.7689924774093484
0.17060425072046725 0.4222630594193568 0.19851480581510902 0.3365249460396136 0.8584682405545953 0.738591140010707 0.5174241005596543 0.10364285200054078 0.1663738022065997 0.6699784005981879 0.29413130778602764 0.3366367820789206 0.3777859705755543 0.832948554922131 0.4096108920546098 0.11524674703645378 0.0805315230965115 0.8442079939134131 0.04379410325416648
0.8677909070347957 0.5703566451151292 0.8524133374501359 0.22134714411461268 0.07100260062781115 0.5622556060705872
0.5597195968282821 0.12337789303422599 0.258575622580129 0.6094077887628736 0.3196239008592131 0.5464458582265191 0.17393152515121105 0.2834959838625218 0.47585155930382267 0.4596559921830576
0.3751735512842566 0.42255194138400454 0.08120153040894383 0.39345688072440554 0.3235806495055127 0.8032854060366031 0.6453757084199083 0.500045132564096 0.8113213676988679 0.534101581882165 0.8468609111125436 0.5549926999486117 0.06933074519559991 0.9326967542151947 0.4359159148935274 0.6628697051303377 0.8624947852296191 0.42824520991121634 0.023634549805304862
0.6262260975511116 0.6264255125825625 0.6827515057487964 0.9559142429984803 0.8573251499981991 0.37818621385688417 0.7891392097055423 0.7709538431197821 0.5354890614444934
0.17233947951503242 0.4750839202096658 0.2746371349082993 0.12981994053393223 0.7336424484485122 0.3714704926901279
0.9198283812327839 0.867403005922307 0.6186020288261374 0.3526656005387599 0.6832135973512911 0.7508763047133461 0.4799291167530726 0.28254428487727323 0.9268661430920461 0.46646971382413716 0.7406943372610905 0.21539521713314527 0.9611977899669748 0.5042688865660404 0.278689490226923 0.984451871309337 0.9813763573895188
0.9465527438540936 0.2961367644481009 0.37285799507111717 0.3206479758767402 0.7475813950759312 0.2954647629633951 0.3423730544863351 0.20129772186951597 0.25917912361019085 0.40838362937519523 0.9640597158817988 0.35721419697762147 0.6408606572554416 0.2029426863981803
0.30256777761012255 0.21119362984538947 0.29109088703143604 0.5916428466009614 0.031439885688987056 0.49522686313033526 0.6575480268761645 0.31300226252126584
0.3311121195245478 0.793056985871852 0.2489761071703816 0.959237131003488 0.1839687399991909 0.4812782710749608 0.12936770571879444
0.6239210808504402 0.5419324704647992 0.2981666061221294 0.3068093444256227 0.5856246342274711 0.37163289186119997 0.9582894266472781 0.554351419875971 0.7566132453071838 0.07019363394879458 0.8857374977501483 0.6387308292186318 0.06969549297544671 0.031114050256664375 0.3295542377616701 0.9046796939457893
0.04126414432659881 0.25459465654775637 0.09160702016301277 0.01789439513838277 0.7544620269098483 0.539965829355187 0.22975341485322676 0.12851896649559985 0.2332301062311681 0.6596275334067676 0.9676994216379982 0.38921378395722295 0.23575947199595795 0.054093097621638046 0.4874299470909408
0.5075342806846929 0.7145695988841081 0.9663534542532004 0.02051059931174385 0.3114367705836869 0.8700744781032963 0.8208385702379748 0.35091882297799687 0.8292574351439946 0.04507344769434802 0.22775097802810787 0.5343555390954987 0.011477194048421105 0.7191187213882261 0.7874815585199896 0.2272227382577724 0.26099015935165343 0.1541609596472192
0.08219133933193443 0.11262049745027006 0.4514341581870455 0.9662646168648469 0.9724531446028546 0.41082621633108446 0.39942198469647155 0.8025095675783073 0.946094957648415 0.5177620496523658 0.8362284364835968 0.7274603857979888 0.9140729679906553 0.45694027503526463 0.14764245660488517 0.8997846979626808
0.2543244336748429 0.028295413158693758 0.22728564715744354 0.9167417362401431 0.29911195862845436 0.1311697773236795 0.09872763183821422 0.7423374838130244 0.08436818485940079 0.05851395679613932 0.2651957240081618 0.4639572712007202 0.3709856793907649 0.14509582835459683
0.6825801301560703 0.47223716610431227 0.0678698938326098 0.614182341264761 0.3117786105289226 0.1098247721283519 0.9448834018849822 0.14476502460464968 0.36020279509376896
0.20650565042097685 0.2505580472268653 0.9849452828159455 0.32948587245260047 0.5409357451093919 0.9846368629843939 0.5765783379520617 0.3970855354686961 0.6029211433810332 0.19913052466494385 0.5416941569369454 0.3335675587790991 0.6848250750442693 0.0536343496906294 0.45257116743011855 0.22488495242291665 0.896258372413487 0.7011488473348158 0.6946338248349025 0.3499344858929606
0.2527233743588656 0.17958372781680437 0.11457720145062798 0.31807643425809584 0.5963321585459169 0.7914966254953856 0.4052916118848657 0.10914528219583332 0.9651088641364965 0.9904300989715923 0.5242681911556114 0.05975865579338646 0.39671198592397944
0.9064571905103073 0.6632107249459331 0.9244480506916452 0.15267620457794784 0.036232018506696856 0.7535616359784636 0.09828983257898645 0.07047438935225073 0.4439648401133766 0.9155703253769432 0.5693062156073778 0.37283934133346563 0.5593013909501985 0.5473887254832915 0.13393561506349783 0.28686057491983474 0.03608451285292783 0.3854745667840703 0.9273384178633648 0.51938565922088
0.5124116173067534 0.2283148557348847 0.15220831972330648 0.6802063384106215 0.27727447531630384 0.6321523053825888
0.915101885330583 0.4803985024976849 0.2323785722936617 0.36000443730167014 0.4980770355765972 0.6100114826554545 0.7794869044665039 0.013810404219367897 0.8856493418428864 0.16706530156873267 0.09381933256929496 0.8640228515975648