2.2396746078697567 2.220527731568896 3.6484581536113962 3.4608277078540586 2.355857443141722 3.697675628236961 1.8426956800956071 2.8271233296348113 3.5548090036771542 4.998411463534393 1.2575548101968141 1.858696356677756 2.079433402587929 0.7050777864781324 2.310586157972156 0.5564449916557843 0.5616870098840356 3.094211485763587
1.8101160216805408 4.8810354212512825 2.3239432832857387 0.8677889139961995 1.5661175805392498 0.8168394433458476 3.617610179618705 0.662439881098406 3.290696985566537 2.262800650337067 3.6239665691827194
1.8721705289319803 2.496219644609951 1.6317123049650808 4.374703666259217 3.9846806305385414 1.6269302000884514 3.7117571340885656 0.5978014196225823 2.9365426812828943 3.9533793777113093 2.4071433019932487 4.358141027974964
1.9383055338633701 4.818050780200542 3.9282892424046483 4.241646886387747 0.8070144582533404 3.645290199567619 0.8462425767323851 4.226772578897563 1.570689439500053 0.7189695358823374 0.6608863487577843 0.7977902426215213 2.4769784183549017 1.5872757910116964 4.657971962741454 4.780609801351778
4.046503775378971 4.075597890412735 0.8461309717314807 2.323752851688094 3.4603467809130137 4.27569081117738 2.671757963303266 4.404620764329165 0.8606640365202232 3.532126587265792
0.5070185313647686 3.214347149074372 3.0736063426826097 3.865503806296319 3.094224935323485 1.263287218616444 3.8345121992215074 3.955962229756298 1.708436391895157 4.553598198919499 3.30677185930329 2.2602633115962565 4.769377130935827 0.6853786155098109 2.037810488726179 0.5510240379463618 4.993630885083682
3.7984829011902783 1.9883146286032516 2.647651114991775 2.4285571929677463 2.3033950271040924 0.9041246874499733 1.3551046322477902 2.350489214578365 1.4214398752293596 1.0741457787892315 4.6388259974699695 2.0415095218474097 1.1371321028483488 2.9321761263818074 4.341997932311376 1.3814661089661513 0.7636033303877009 2.515731099114536
4.29476134889259 1.0048762777443296 1.9358222867068937 1.990739306215477 2.9740960695639442 4.475981554000245 0.9757137147748882
1.287415742595971 1.447778130098441 1.5294543349416188 2.218303384432942 1.3696637879134803 0.6761605142238725 2.9091190357939203 2.0486590898634636 4.278038421163593 4.351478893432851 0.7125417904225453 4.075670079925986 3.8445990762232434 2.325968678131291 1.9154519330446376 1.5605987814591575 1.3769108411879232 4.817283427342447
0.9067012372581404 3.425859389597276 4.147999090662621 1.4825401548676886 3.9118260483921996 4.3926242941291935 0.7092423685722772 1.6207709660269627 4.121268639471824 1.0346242790823732 1.863986120961381 1.197645367243703 4.167926553999402 4.789909140183384 2.6010873812631092 2.58603144086024 4.81793558893721 4.242348610519988 4.389651029113612
3.8812998113290456 4.848457911428348 4.77030213444122 3.9788930520159704 4.381228132945968 1.086733143960434
2.961155867772596 4.2303684886165485 1.3169471029623137 4.975763733323972 3.5073150347445945 4.533726595067769 4.183576919256959 4.813745533017326 3.631765800108808 1.521705598848542
1.5470335800556703 1.4867159851682672 1.4394602529157894 0.6052591495835224 3.9969425606495683 1.0768817556587347 3.454550459422219 4.295500754087749 4.474678370712008 1.6827011316414053 0.9828903543106938 3.3655853670559073 1.0302575259505797 1.6310329952505767 4.334245146138837 3.1326928150325233 1.152141177555391 3.4965308488897557 4.8492921537645834
2.0079558419981725 3.669964906819385 0.9689440431999718 0.6027649006975071 3.4704768923556575 0.8517911853782101 4.625106550090032 0.5959898418170396 0.7705010172497649
1.204689475895426 4.569127487524374 1.7095814857859863 1.956366153128817 1.1402807841931675 3.701664775640152
2.1602087084916866 3.250025279033026 1.0853391470135978 3.0671476919485863 3.694112803794015 1.3667371331157643 1.8016264083823248 2.806431857175715 4.254453797934477 3.085947827895936 1.128841392911772 1.2116033519142233 4.37957912469661 2.232436188807239 2.5798999493380457 3.7395168848718376 3.6249563687631055
0.7194704153113878 3.698715437525794 4.591137162429038 0.8527776329699475 4.939027287932726 2.3372342157544956 0.6048694761553275 3.800140649412573 4.058047895043314 4.520686421149133 3.2437995401220006 3.4192297693359213 3.1942561906957887 4.847844725498097
3.879131677035451 2.081064534464583 3.5002419807986787 2.4165411150308698 1.3850957055666442 2.3481541164594004 4.880311790437622 1.5737720072954644
1.7642124723074244 3.6507880188226864 2.9010343269137113 0.8644320207138426 4.116043168821384 4.846717393320349 4.933461577049433
1.8930465285291562 4.24741058132709 0.8046202999842197 4.682678619513533 4.918829732435148 3.597569561273981 4.328017883182632 2.51863920904643 2.375980259741702 1.41791780423116 4.9282018598419155 1.4211682307525095 4.648328620927349 3.8025758115544726 1.6622525523047833 2.8915626663666245
3.8302874279972157 1.7135264830618742 3.975371483965457 4.863399760599128 4.874508633844891 2.5819965867329024 1.2255232907257558 3.9659613386109474 1.4607374303450413 1.8963726385905948 2.8227737586607593 4.955108046471975 4.620055689527893 3.9061828959833163 4.68573343168811
4.728489682597567 0.6140439012221051 2.681541532422391 3.5031583783893807 4.584652462276395 1.7993443645733638 3.7679370680221242 4.090028941675667 1.7689053680879656 3.704691932737652 0.5673632924454415 3.94432596565552 2.37273266877461 0.8096860560058807 2.358526642355317 3.9432363428736217 4.318091657797235 0.54240787753599
4.541228201054409 4.965672372967647 3.9631103846604367 1.8064456814931311 1.753007620335913 4.091751793555746 4.811499090699086 4.406973096156295 1.459748110745139 2.9092850625710023 3.8944173854557524 1.0702291260975914 3.4661816379369825 2.352333153513395 0.620588326977626 1.841086648554508
2.0270934859270255 4.907544505858787 2.758126467237926 1.4993461418627625 3.365519082039431 4.950249158282457 1.7198490559983375 4.756979196951921 3.4203330384645816 1.414183762299309 3.972763335965294 1.8857508751976275 0.5523734832749668 2.456237898086647
0.6819749816316139 3.0774806051045314 2.735605489322149 2.750760085032438 3.1294388751465383 2.2576628843390485 1.9478164914868066 0.53672889289139 4.018772300872236
4.257245345176466 3.053949987964351 4.545490137174871 1.9887788473755053 0.6970730011505971 0.9444213484747372 2.45678059068295 4.510380181345577 0.6548388343361817 4.550624353082464 4.566403303012164 3.8343293760660915 3.165335323739738 4.110322990620626 3.400187680949866 4.790380754226751 3.8513873035161783 1.1967391750418843 1.0757657845282793 2.0125160340438386
1.4950502641212713 1.0568827966438377 3.7962100840089885 1.0793774299120154 2.6364936834303054 4.727035367823071 2.9577284587080146 1.614235656463959 1.8314409097097275 3.2062862807207333 4.9673775722941995 3.58461915355148 4.007125228357354
1.6726339149310165 1.9961516889772586 2.8781581347429985 2.431425175352892 3.8204019138557417 1.0378238623792617 4.7082489719234575 2.650172378827496 2.382585564683673 2.8045605020754203 2.0208162025626564 0.8535889215914563 0.7772287367135606 4.666600479343095 0.831755501060286 4.504384952524012 4.583048649384981 4.5351825525898555 3.3235621134859934 3.6972608730039513
4.206261181493263 1.2954274173721352 3.569203687976811 1.622387410886901 1.1479233537623528 0.6190229234713024
1.4314685842198895 4.173893607076416 1.7190998724650748 2.2253306635147836 4.506825635206171 3.6784767091046526 0.8797703054257142 0.9139283523981989 1.9442528024811607 1.9189535596955616 3.596635314008043 3.4616206245250654