0.7898923729707238 0.0889494963052073 0.837233638939745 0.3271445439295277 0.9201650477915024 0.8717843110055111 0.48585141011990374 0.9695216865322407 0.699531011832947 0.6808646940363592 0.01948314378146526 0.35057361121668174 0.45265641709681226 0.7656961695119605 0.9743407586221438
0.7015411828306125 0.8584791022801966 0.26895703459548465 0.6438325576266496 0.9227727190825166 0.7131162951698583 0.05366984872619184 0.8638867244448346 0.8589138070889406 0.7939526292976667 0.47596343324223706 0.9765655173616896 0.8590184413797244 0.18887312987155194 0.9189203734209003 0.3969457263349656 0.5607045519651932 0.7340488027111167 0.8795582525340082 0.1012772283608385
0.8113739419955188 0.2878139274868928 0.7197329253946272 0.45715734885499754 0.6405998335566995 0.9969918854124915 0.8926796618898751 0.578869594383003
0.7860577104492136 0.345532643004934 0.5500234754791358 0.9231356790974932 0.2208333193555754 0.29351820061735384 0.9093927337403583
0.10231659945017277 0.4425886140688808 0.8674731790239777 0.8702599622307622 0.4635734271277649 0.1149002426551173 0.5104860381175514 0.41531220717647593 0.8136600282504816 0.6781065484042743 0.4229026265765392 0.346517658166435 0.32987005445707307 0.30120858702724 0.05129638971066679 0.9091088420936438
0.8481974888199313 0.29776628947618666 0.5650512109770358 0.4229422353237349 0.09999445993806394 0.7373156314441256 0.6262107722231307 0.9391224348893309 0.2383226691482053 0.6296037483826032 0.7292542440633755 0.5803937210651247 0.3047934252567562 0.18189815852733432
0.1631515888636879 0.5066051605473981 0.09697962181288201 0.49977241626369023 0.9484324943028747 0.17154502555544407 0.38545662757538424 0.8091050008994158 0.19707136846091675 0.6546185998349497 0.9781913992194377 0.8615490009919621 0.7727467113220937 0.2002082982174697 0.4783493256114327 0.9074401469844496
0.9034765767319598 0.14910782877770817 0.6196242950978901 0.9990061394786361 0.8477623401512069
0.6401626692013664 0.920923386561751 0.772824970591428 0.7491921399821494 0.316176172550208 0.42964850903048407 0.15375117958644646
0.9829601691185692 0.0262567880703974 0.5499178117896065 0.622987872011587 0.16095238275875878 0.6370838017928019 0.6288562610029503 0.8506289671724477 0.6699291458401141 0.3380595460890017 0.060559657341880666 0.2978300056047204 0.9399044977303367 0.6199940021500926 0.8334982538905626
0.5457874773535103 0.33707697984597623 0.6438324459481289 0.11297617529090376 0.857915359477354 0.3276104927253272 0.9449900221280167 0.34579926746105616 0.04800443942420567 0.8851948474257948 0.8400970569464645 0.9495293006264516 0.5207335303044535 0.6566333570216174 0.09638655872251167
0.5836141579854461 0.9816735363571679 0.2857115590724725 0.43957113010355575 0.6342832433077237 0.39188401210315266 0.3262935467182846 0.7638586310194225 0.44938484788479144 0.4473486454868442
0.13097396979855988 0.3777464645479563 0.16331617005540824 0.055829936326057594 0.40168187795669963
0.9414120266118514 0.4358594983671171 0.19324447264840142 0.6233885280123269 0.21588231356257115 0.18208708216916683 0.958370118962993 0.9915142713516055 0.34071798989778085 0.8235346928930115 0.33859186197083446 0.3577610308946076
0.19568769454508458 0.033568468266530795 0.12047762493350903 0.41791491584418566 0.5128363297281032 0.36228144824429603 0.4072468343231456 0.668669415578809 0.02846577905144594 0.20835612589546085 0.5306533440313527 0.5387131404401712 0.08984972610900682 0.09711636047914399 0.9774508473726408 0.702206469673298
0.40899417712085767 0.6054666350275871 0.46044298785724075 0.05034061367752729 0.6654331700183822 0.4155784001289825 0.4911416031689754 0.3089276961126715
0.6219143289306159 0.13003378149541023 0.4252660536336614 0.41691416666283876 0.47088169222001536 0.4316725237751302 0.8237123018971132 0.38234081019301086 0.7059034417994325 0.4316146272866494 0.430205112705519 0.8085906603669201 0.7706199094511175 0.15884103679676895 0.8126179522335749 0.4147723471880935 0.05840250275880477
0.9943163856135973 0.9779037704663281 0.2597794659335338 0.6487168462860234 0.23192352775268793 0.7507271901547469 0.21994760023904525
0.45117378258283697 0.7574547165338439 0.7732218399156435 0.755298838546323 0.6554294504104866 0.12556652309456648 0.507818061734059 0.14911978735066722 0.884461147589913 0.9029547706899517 0.146796304245748 0.25006187900111304 0.3902981194639835
0.02404346876806432 0.9211160373749322 0.3150843795200088 0.665026823764941 0.7232055895683662 0.6571562197313228 0.5153780758617715 0.09581801861211803 0.8549463718013562 0.5232729269224707 0.5759143044285456 0.6108379221394945 0.5105790054432774 0.4885400974397483 0.502456395261549 0.743209116074576 0.21670970106130658 0.7136850147333262 0.30775245192054806 0.4526760528073552
0.9073239370726319 0.3590644387370686 0.6111959038520134 0.3093089296768885 0.9874276663707474 0.056548884992688696 0.21349684902348331 0.650443830709794 0.2820468333800461 0.25139135089306186 0.9298497518160816 0.031110874771081008 0.14992577758612652 0.21655323422960582 0.7417148938526621 0.2594411948839805
0.8564895963782354 0.1955443234445617 0.518648435062587 0.02197222872169083 0.8555476626835666 0.7506053552257558 0.8476223185750402 0.549385572967176 0.8938154036443425 0.7610200399879495 0.10796855445084969 0.5110145359175571 0.9066178620507306 0.811490655653548
0.08546302736391721 0.5664486577525314 0.9971139607567997 0.1528449446322973 0.9291326149828758 0.4647403726168932 0.18504195421235076 0.32686332768091725 0.33912533937402256
0.7760839234781143 0.3443364638586852 0.8937249909896907 0.5634259721705281 0.4473898045352064 0.5020044572720476 0.394467232605792 0.7753313211221892 0.4819177887904119 0.5133719133983353 0.7119370052672946 0.8024170954816537
0.9840596967478719 0.3012258981786731 0.9019847995863857 0.6412342588582457 0.7034780598669186 0.1484750075796438 0.9121098921836721 0.19016658484970522 0.808109658757487 0.7557396637495201 0.5574128033762726 0.025760888926652986 0.6830331876054146 0.5967572196924364
0.41354444719728434 0.595411397817755 0.6118779244432352 0.44564970838741963 0.8033632553188088 0.8315339309005264 0.19931564044118003 0.3209513837443306 0.3182200849065039 0.9793099077033128 0.3472306030668695 0.6018300053388356
0.48618795533864523 0.5517111210523087 0.3134028455629237 0.6921612671711885 0.5581367086556129 0.28183369714923473 0.14996763793291765 0.578026779549601 0.07832502032171587 0.4035765343532007 0.36952914023409644 0.47380669845804596 0.11914052540312495 0.9073923049091908
0.35960921129678936 0.09132435733288581 0.8397658997410733 0.11822003113795113 0.21110231138363944 0.11547535226781193 0.70588202351083 0.5777767048397107 0.31358558544286835
0.26843556026491633 0.39204148158687135 0.4431411698327222 0.9796978480016171 0.5928919738157871 0.10005448232148836 0.16800724075026227 0.7923543766888884 0.7327776334206078 0.28562523150010954 0.012112942437769952 0.09230472791425749 0.5877163147370182
0.32156172538058325 0.9381724230497382 0.38946803833250865 0.11479477551004995 0.7991524476133002 0.21414177005162888 0.9895958708499242 0.9983803040219192 0.509763242759591 0.4618440674303404 0.08811563043320877 0.6854877815831478 0.03635353711729597 0.2608595355648035 0.08549686546437028 0.2806756746346514 0.12944538696010147
0.7591550266296644 0.8731619253601867 0.24061227154746867 0.7741001536469762 0.5391833163218022 0.715826257134373 0.9943028718087593 0.7336668342409239 0.8101252389224428 0.24520731478517152 0.1505061405598703 0.052462167889697625 0.9035794126238178 0.1812810410684711 0.6590921907197911
0.7031269789671346 0.3213222632459266 0.6806921497607447 0.3280070628184553 0.10517450966322998 0.6097667226566852 0.1775406696721294 0.6621080801705167 0.399205548712174
0.2864419139692418 0.7595687509047602 0.6244213855425292 0.2764116989695111 0.8991962146139854 0.07276299005773318 0.8743477296381963 0.7653218938057819 0.9788953201082708 0.31956460969033806 0.691004912743745 0.1072690378862677
0.6011419670361958 0.060245501773558516 0.3532443526182019 0.438762497221495 0.24198799986817204 0.7535603055289375 0.4909168196871358 0.4628485094611576 0.11673985691294757 0.871525712069789 0.9946868663233515 0.642624959342477
0.13977714992181492 0.6241052834661693 0.9241074705599887 0.7083479645385122 0.6868098017576998 0.8426934403222628 0.35576619627138995 0.645027084636227 0.579192777186618 0.8765953638533699 0.3151011515889417 0.09005219588894663 0.9427975393129231 0.2841891808553862 0.7069596329052086 0.480229361657311 0.34150911591853667
0.5201351214385206 0.5811346617729765 0.834624001127055 0.9076718289668765 0.581861324152375 0.2399638449580526
0.15381938227183994 0.4687516702187685 0.5226084520339271 0.5156126185751188 0.8275939739328783 0.10111302165969574 0.5545561170359411 0.9148878218107358 0.6416064988989133 0.24812627313940208 0.253981179683496 0.3993405756380903 0.6094473242163804 0.41082897824884945
0.7610137150131945 0.3580162389119928 0.35937546481677185 0.045055804902643146 0.7593588675894518 0.8194966549691526 0.1752060463043611
0.8793342757356073 0.9563434918886238 0.8088547176630042 0.8281468916361654 0.7329108360265709
0.6808232652850715 0.6038028865483589 0.9109052594903477 0.5130284969207051 0.8958525425488334 0.052667436956853955 0.8570937484335407 0.6050196977266383 0.594570798723745 0.014856965181530027 0.5278617081035281 0.7179097863013211
0.08150021209953646 0.8022183243634841 0.393761729270483 0.8020443265226924 0.09737683819000509 0.7470855659196466 0.7831331052918495 0.20375937188857535 0.21375266839530135 0.9899266308264226 0.7887421456342544 0.8353075550704488 0.9339088335316232 0.4562799794984959 0.5020667428637566 0.196133125116543 0.4991105355444238 0.9391479177078305 0.349445782740071
0.6841579527367267 0.9939117934557912 0.5891751427355951 0.12633576371677466 0.42299613143676307 0.9610832882582052 0.27079132643281384 0.1451262213323931 0.4529580280828004 0.8857898548591459 0.9880328622186 0.6983614823170397 0.2503359823415679 0.43988359427672846 0.218984093184879
0.6228008500196991 0.7007816681168562 0.490606998498392 0.5326903283504475 0.24052033415985088 0.7785911228378793 0.9636153858772354
0.5469942157838469 0.5312182836861884 0.8644072091898183 0.7680306053387566 0.5600347549658159
0.6350337732906726 0.9892296626957292 0.7212286780474776 0.3021222868306276 0.9875203613823578 0.37269132842057623 0.5932410647846026 0.12836511619087576 0.7379396176798407 0.08831521415147194 0.6850150397234155 0.015773319113351905 0.9387474318618249 0.3679103644310478 0.4313312545227039
0.16160177888054564 0.2180431689064733 0.6213950389966729 0.6779166545368139 0.2324196437439313 0.21783498952521982 0.23715461770477375 0.15321878601129488 0.09580531947643932
0.24924673133811287 0.25154700134796637 0.5284228110874379 0.40866565538702065 0.9012505385882381 0.23436180416106625 0.324594975490818 0.5979651097135505 0.3021557613726278 0.9299208966957869 0.4233271058609097 0.49112546292223036 0.8929188588757991 0.9310752786430798 0.7069336632078004 0.43451859859119696 0.4283603678178733 0.08561029209960039
0.7561187931228194 0.7993243157905342 0.6365840863666896 0.38151341581799636 0.847083361282921 0.5645627232848697 0.8582901210608705 0.9791907505466058
0.03628166079912197 0.04733488649394536 0.5462571580704543 0.03503568405087016 0.9494663176074137 0.07021770519170564 0.8810412387775204 0.41176024241816805 0.5622739625623842 0.4953589770803384 0.6518970417369837 0.9765915268355565 0.4824077770448446 0.4641046121537041 0.21207405420208666 0.33881806702151757 0.12846295478363468 0.7599661947752036 0.34497423359589097
0.04323802253268323 0.13761888717699058 0.5113975257613136 0.3621793700147546 0.09581771095115868 0.7537871186288205 0.6191998179166947 0.31606468646350855 0.5623121493311714 0.1393568175377747 0.5814111858323512 0.7986124226107995 0.43972998836574845 0.32741985937008944 0.8162614784925794 0.11412301284226271 0.23434376632868675 0.02728531091566458 0.15118519437934544
0.7767923000739684 0.3684522366204062 0.634207991849219 0.9129849783244269 0.8445831917349289 0.11129487948490871 0.334559420070361 0.05102539299764995 0.14846587054097654 0.5973994181431992 0.13015838372715188 0.4718107545565198 0.9909350558407661
0.6582117237792625 0.8901575082987608 0.4994639016715333 0.6197342339294396 0.10011332243203136 0.47574626461097425 0.1824713631273455 0.3219254295745433 0.6338749426600843 0.6219842155634995 0.08259810100722237 0.26984036278418055 0.08722551990666053 0.6423186538291223 0.7870994590007848 0.36403178889133825
0.91353438874079 0.02476769727737295 0.09027005326618315 0.12911618862470145 0.3456102246116961 0.17436633380932962 0.8749688409888702
0.06635745350354633 0.774313937471141 0.7742745792943291 0.05904699088313135 0.28198782167698083 0.8270628428985752 0.7679377554454259 0.805579516241919 0.3825964111312967 0.15137283036309876 0.18686629762799364 0.319463829388595 0.8284370349791177 0.8333402249369474 0.5229683245357276 0.46629803821287413 0.06221609839775778 0.8304088731146925
0.25091974274710654 0.8624888571218327 0.5148176786157577 0.27189862484178495 0.22479859582454959 0.5982636527353907 0.8305070567548314 0.7795899830831667 0.714136208892204 0.9376732267305637 0.9424254427377379 0.7741651428561808 0.667654727840606 0.8417714396378297 0.7846473823666038 0.8214996253569992 0.40826179692123854 0.08294539346724178 0.7497192146856264
0.7556787217608235 0.9703646291748583 0.7698433607125116 0.6204306301734371 0.5231823294589922 0.5502426441621153 0.5435114867059865 0.051592810301254025 0.5249365668390851 0.16208327478484943 0.5261979957782765 0.03180589505621847 0.029874966075449233 0.046338668233296076 0.3948222949971993 0.026595037078998046
0.13528192142328838 0.6033005860877084 0.9013301210661728 0.4828777345535544 0.06551008648475856 0.7932190876693279 0.5920680944944451 0.6104971421556864 0.6416692370008108 0.1749054493178366 0.9479110223074425 0.10951526826563901 0.49057687868712746
0.6275630301326346 0.9061620084466959 0.4921053888847077 0.8616425887687689 0.015579052005290093
0.3942201878044643 0.4152183323037477 0.03542587325906865 0.333189177023382 0.5436730612058507 0.8847178371214237 0.7973631469576201 0.38529117843554445 0.5018198418215812 0.12338927893553235 0.07460340287494019 0.8722370840459488 0.6856696660751485 0.9341233438802367 0.35302200475299217 0.0501730053743194
0.2311827201660079 0.3056587497256348 0.7053016018436323 0.9144245027236304 0.48793467356801506 0.5915413652933937 0.04947385596485644 0.9715393529431938