3.4840205064334864 3.197337324890043 2.3204996032832854 0.6177424990735505 0.9659667387390323 1.8063685033131682 4.024672024552643 2.8606110278486465 1.4012337149753433 1.6689960605614251 4.704336819370752 1.985174304876157 4.309321850118755 4.678900082155602 4.691051426165018
1.7626100713764046 4.59188287968367 1.2090539418996396 2.4518579414532224 2.5615062925407432 2.926789265795182 4.024759076964808 1.2962832273753886 1.2202667582738784 0.6984524765084978 1.3019642375479141 4.16576806108314 0.5964333652895477 3.410879410594349 2.6398611744803953 0.670032617985036 3.198763338804132 3.6417686518243544 2.9474719020631373 4.3107612061705805
0.52518386856734 4.160893864965606 1.1527900279688232 4.811993551848002 4.275158618587227 4.854083860533812 4.830011451338852 3.1587403931223195
3.9785322760214012 4.065304487720578 2.065487524818735 1.8305933133210799 3.284585350356464 1.39366053860414 3.68625581861696
0.8054784020948471 3.184809221572605 4.859578331714473 2.3563521275600285 3.700207991634691 4.3008281899112575 1.1849972977189038 0.5055802468386925 1.9091112920191695 4.554926122642327 4.716088562827484 1.5930110958749921 3.7997815587766572 0.5547979274430832 1.2538353126856003 1.823209782549331
1.4258547442175467 3.3664289741546902 4.247752346975277 4.127032883320224 2.820737374041623 2.519418929168819 3.451086947593831 1.990812918364668 3.7433340778035786 2.5875974519676492 2.232035747868239 4.067844544026894 0.7570737714821605 3.514443857594878
2.7848280799853264 0.9343088428024547 2.736917992158152 3.5076045423770803 4.486967706659726 1.3581202084047628 2.315533995101644 2.309712772984519 1.6044925815757836 0.5336536943339204 4.399447583752541 4.963753272206331 2.955801101018583 3.8979061671974007 3.2087419703868596 0.8303701814375555
0.5064117894219311 4.884370763887656 3.8197505249731103 4.081804649714172 4.681964664674426
3.289747650613251 2.4191924671122047 4.192558439731732 3.4548377278223072 1.325590813796029 4.910331181083812 1.5704136925821357
2.480944066719494 2.9020844176777603 1.146988650756007 1.923100445310352 3.7375924789862034 3.7443685638276576 1.409627525281706 2.235688692570169 0.7407335512550334 2.5731788678991196 4.279216415651126 4.841689518651232 4.0004824962868675 2.291039467111718 0.8092251921227267
2.5068896878560394 3.9074986830160894 2.90284375686522 0.8438459155842013 1.7090995069844126 3.2296201575505776 2.265384201229746 2.98141989807665 2.8892808567884622 2.3380916330902757 3.2042343342755784 4.536051394873954 2.369933921839233 1.6757920562775488 3.058365299029222
3.9075174630772893 3.3851533740388002 4.826057840456146 4.312970812559403 2.5298403726675476 2.2434269717501465 3.8400151547798504 3.1592019698024685 1.5322638352933073 4.049034415182075
1.7327764557575116 1.5758572921604392 3.9128818417980664 1.1408135256384022 0.7644212694330493
1.3625487759068304 4.394794788844624 2.4680970737286643 4.780374375340091 3.966461140565857 2.207424501414507 3.512783114549025 3.9976105091125684 1.4355433102241186 4.311495316229334 3.5837873124963924 4.688054293837697
3.8998210633993993 0.5651957240833307 4.855534370235581 2.228614438760003 1.62948978005696 1.5111609668122659 4.39568415503174 3.9584776897455543 3.443546691189624 1.8491725783214972 1.6289439689161607 0.7086092874018562 1.0459417988413344 0.7478502478945689 2.7136073949511577 4.2458440104582795
1.2475770819431433 1.9401132267995127 4.66536778626996 3.2045206766458048 1.99195320234686 1.541819434469915 3.748990202377696 4.362305060136187
3.1398639470912055 3.230742938076724 1.1725877620284912 4.353658613179169 2.084258950222452 2.323930614094937 3.961529664822227 3.104357030343897 3.4602430782088565 3.395481456309599 0.5594218784822733 2.913525662982032 2.4871549630865184 3.3839223348503604 4.702134619813629 2.2058496797391047 2.32976269897732
1.1486056650466971 3.4375119247234807 2.5259377548595583 1.2938402635962047 3.647935996225712 1.3181825761055652 1.3492531246263393
3.677731918040326 3.3287354630175368 4.277804137540134 3.7395977482140967 0.6859885617866255 0.9356849033883419 2.5121033708559426 0.7918239259483841 2.9737554926540635 0.772535748673044 4.325240441795051 1.160263660177343 3.6313130889735477
1.9726609016331111 0.8693060870000988 1.288310431616009 1.7370216662360591 3.0655236048512524 3.5001736042416876 0.7226508488328434 4.003892725755995 4.557765209724972 1.096461547323373 1.1168376851165625 1.5201071104178263 2.882872004528137 4.1400225148675 1.2032105505632875 2.137023060774201 0.9117572625195729 2.1361601616325423 4.6396131668789655 3.1895655670685157
2.7581001013280146 2.0596849665580983 2.2179224253998564 2.4433589170167824 2.8569099585375817 1.4489572088384914 3.955093444642373 2.4505656625817727 4.242541727501919 4.534220760883948 3.0742459559238067 4.862113424019926 0.6032631447487194 0.8788234192756733 4.323253301054551 0.687843048205675
4.543481660134178 3.432322611385716 2.9713668448549786 3.0180802062800636 2.041865712370345 3.6430155877521355 3.1705960401151234 1.8202335121744024 1.8538507753714215 3.854090723172778 0.6678824186870923 3.102243129198186 3.570396761304455 2.1123828363056067
4.606548451763652 2.991051379231201 2.7113709590111443 2.75162486570121 1.86106516646205 2.1087403405153426 1.1015561064351096 2.1731242294602025 4.00787816392694
1.541579541552768 3.350039451556696 2.135951326288329 3.1468444983124275 4.6879468809194 2.5296160250974924 0.5860138638734241 4.352775821969529 1.339937347738557 3.6318448036527258 3.098799801751799 3.5546495744293773
1.5004434399729403 4.05552347958462 3.884108095812018 1.111242138267055 2.6625907828011974 0.7716035500385389 4.5027452352698525 1.2762511768455256 4.081634759907271 1.8959440769782705 2.97495139715012 4.123420743103864 1.4507707970177814 1.1928088056326125
4.318231164593216 1.8327445694445483 2.851784693463007 4.026638039526132 3.2382960732976414 4.022516644921256 2.389066462928284 4.477381870014893 2.71099002456427 2.0488147048758867 4.031233396451358 3.235560017821171
4.035351227341134 3.38394206930809 1.8784573095982764 4.497216870453679 2.608374991944845 0.8284224045526303 0.8455613478112998 4.386070974820839 2.6705773772715187 4.407329317122038 1.6010511446284734 4.440408825663812 4.598120525416481 3.3510542450431506
1.0304671865793176 1.9156556828703568 4.472041808832396 3.563052109384715 1.9987926853290339 3.0700569374065 3.1380464234478094 4.432675279948706 4.271124092074552
2.720533961184868 3.7813494950655326 4.259894958756151 2.613409141903092 0.6785322515958053 1.1802208429846364 0.9205258218350187 4.3357801879734295 1.7015577542673557 0.7691673808238818 1.2155127393116612 1.3598574370328103 2.3251017307153856
2.9380982751238482 3.1159029891078562 1.7883697417609858 2.8717842239014844 3.1173552875309145 3.8363193574019676 3.9305396405713773 1.5697979127381763 4.150148088364766 2.8440672700998433 0.7898989303247399 4.551115446453686 3.2337209347081126 0.53844732651589 1.6525519407588982 1.041425963659289 4.818488998574441
0.9154153121727178 0.6233739825342937 3.2983952569273916 3.790412836463604 1.0664187247242383 3.245232154867794 1.302598606411709 3.0260455791746965 4.347059020464211 2.7020355031001446 4.85635413325226 3.5019685359361574 2.491167694771213 4.550272609438235 3.099688285759346
1.560741801883676 3.838951537059118 0.9456651457018586 4.509792829889344 4.684033310519654 4.694054998919561 1.931662890095034 1.7105894994527515 1.700247822102542
1.6237011575144853 1.034731423636617 3.882394413713384 1.758763558683809 4.2685169679106085 3.167728385860977 2.728179414720377 4.635794898697242 3.4342139902118105 2.6771379761312173 1.8225570541062 0.9979323816767764
4.895986238077452 4.2825312401976205 4.242369063356051 1.638575098124948 1.958304772613136 1.6473423190901944 1.6536365831977218 1.419752006784361 2.3777284599911086 0.8888975214489319 4.0086356819912785 2.6972409073483963
2.7744183598021617 1.982608767226894 1.6889899376669648 2.880429190799358 2.6292330097025673 4.740337794888225 1.3159251715793727 1.480019494413777 0.8876002600313033 2.8461627852150757 4.537211079665658 0.5264684180138091 1.5687995725552564 1.3141258142892909 4.891818293692797 0.5999589204302482 1.609859235569988
2.1920108236116 0.8479483289820209 2.398738863749621 0.9569606758152363 1.3728018781975604 0.8078473983658873
1.7868208741886649 0.6540604441579505 1.9911925283840566 1.273694737534993 4.604322117035179 4.868381403069012 3.0763648647423136 1.9728582733850941 1.6941353220836506 1.4354912341132926 0.9042303520946458 2.5479426846664803 3.5971533812649525 1.1028764672190885
1.842420730687444 4.927304479728356 3.694934025037126 4.7002395771416285 1.9095421479972736 4.2050917426957355 4.733474655192302
4.967184634505513 1.7765509185923882 4.776366851981797 3.144676404013486 1.2245256760982826
0.522583082676078 4.592501762338517 0.8931140547798437 0.9841430568440181 1.6201684242531014 4.224787707730186 3.714886080456661 3.954128039326774 1.3654808056293113 4.950081333866391 4.082607062520921 1.7108999291112188
1.2881248677118684 3.3013113383381536 2.026011070325074 4.078043385359081 3.9719319213350537 1.957802064866224 2.561175038223021 2.972807391642826 4.193336286478195 2.4856198892596146 4.93302498575395 2.1555225748464895 3.3371232663437174 4.276530205107358 0.655578420719686 2.9446351397597192 0.6806920336055862 3.5756572416483925 0.9422843352605847
1.0406221011445684 2.3474445952464604 1.7325642824130538 2.554856635268093 1.6357448836243609 4.5175129234686455 2.7582297016589843 1.8631576336690272 1.4734120288441797 2.849758424414532 1.4212715876205744 0.5009748518355117 1.9608670925431513 4.012823644909947 2.9707754721858235
1.9229415132526027 1.8319809510280738 1.744992128616096 3.1302134130481747 1.9163893072832616 3.2031197311582673 0.962706087515304
1.767192149288936 4.1985800501849235 4.664378955127793 1.6158182070436045 3.6071485633197047
0.6345490232461284 1.300910119896049 1.2439980977726939 2.02561512329989 4.343702866601569 2.244639000522394 1.523188450882929 3.3233069540390203 1.024349086059963 2.5153606664714703 2.0036040761801845 3.9610340816715675 2.7144969147861593 4.522016725452927 2.2314870907669895
4.007324124741807 2.4245503365778855 4.159898829680683 3.5156828373036495 1.0306422705291247 4.622928878415156 2.957590662191985 2.747069762656311 4.3502261682117265
0.9291826143569704 0.6986519616983207 2.903978171548853 3.444805611402839 1.0708323262399997 3.3673621739624027 2.179951995857135 2.406856673723591 3.6899456329207503 2.6452876918600574 4.551557698286767 1.6215443519710497 4.4433764525580886 1.0159962543540833 4.063415168130719 0.8441352868833079 2.526623859444317 2.8189406657851905
2.1452260190661048 3.5474173312514217 3.2654313780415243 1.8303441455860667 3.391293195745505 3.3115404559280717 3.2615310513651434 1.1388657328503167
0.9268776599690973 2.1326994928843788 2.7493456047534544 1.2268877428963738 0.7577077357877076 4.834204458413976 1.3190000521313345 2.264459167003956 1.3490551077646364 4.273742827529761 3.987651772387399 4.172247110210476 3.609015671496212 2.754012842295548 2.25593339800758 0.512287108687665 1.456977663608092 2.4604125514869915 0.769215940755624
4.720891040843313 2.74273615502313 1.8690994263371428 2.5144298352363204 3.6067634498781214 4.4443073241874735 4.891487193817257 2.122346310868685 1.8991914854715146 3.3132212130791885 2.047125674627046 4.312503741161761 3.9461166517642443 0.9549165758749276 2.685915773710086 4.313375771441873 3.929963155762874 1.7288370892824783 2.7127366965454263
4.713911039871662 0.6902866106626104 4.827923741813827 1.4028203715690988 3.6542364295207364 0.9166278183228391 3.4504207645286886 1.2345837933682178 3.5430998464862133 1.6023919669307716 1.6082626115191312 2.208135967982426 3.0975392715397554
4.23114515731447 2.3257779910110403 3.862304025894602 3.9362989947899596 2.2004086707332235 3.2700500818473612 3.6507775639608 2.7226757388742002 4.474848882221316 0.7199879852879092 1.4888480989122785 2.94476097242783 3.9007005682233657 3.2250194441594116 1.6362262889707657 1.3414566776045367
2.5063313337418025 2.326280814277846 3.1385465339740146 2.2311762740366987 3.460041648529765 4.813283281225821 2.3104235378452427
1.5768043401422052 3.6555150966464818 0.6672529213284887 0.7063047222197913 2.5252717738028627 4.147772626183978 0.5986927705074135 0.6918648095712716 2.8930132001846225 1.3680528944576134 0.921186189214436 0.5983186727367349 0.6296122400564326 1.204729856525229 1.4160583296617104 0.5147839318902008 4.18109421929226 4.649197191684734
1.333236557179996 2.5496998688963277 4.391617626920658 3.270589694578164 3.7424972274415538 3.371317567746671 2.6277199023534403 2.8012783980151577 1.0962578906303904 0.5194020875170788 1.1828137568846098 4.0862667978531615 1.0901750739655147 4.365541525711974 3.7212844784811847 0.5739340054386419 3.7110260141761087 0.6878396997033676 1.0513308062807034
4.40300877948556 2.2427041648451227 1.117268334559173 4.373594566478612 1.4712287261715786 3.9606289754377353 3.2075880618585915 2.3386661681795027 0.6548266844640543 2.2824673030567197 1.5784983081954402 2.2607079806508756 2.5848054477889995 1.7587900261137412 3.482556823300227 3.176726607597466
2.0759020525115806 1.9811303077362779 3.7504129911595645 4.611433186253059 2.4472089174484633 1.7568870743132803 2.3760269266129947 3.406165378284549 4.069612152608566 1.250610727373769 2.513802976196807 1.7970081667632354 2.0245219380864956
3.719435731681127 2.3729415571983252 1.0820306576746603 4.260812308703155 1.4767666036100509
3.4108200905302795 2.700472117515657 2.5924546138395206 3.3028014862802797 3.8468419857943794 2.357739862854662 4.788017739788598 3.1830725684195804 1.840944500653672 4.969246481533227 0.8650285398095597 1.496905341967491 3.2068389962837816 1.6633962376625337 4.017124068585705 4.596547690851338
4.259057369289145 3.879441189609949 0.8699944282422797 4.114690634522088 4.825009736152108 2.719463581347283 4.4833082179306984 3.313201517920942