=============第1个最优解如下=============
最大目标值出现代数：
965
最大目标值为：
0.9194416623018216
最佳分配方案：
2 3 1 2 1 2 |2 2 1 3 1 2 2 3 1 3 1 2 1 2 3 |

===============第1个全局最优解================
最佳代数：
558
最佳分配：
1 6 1 1 1 1 |1 1 1 6 1 1 1 6 1 1 1 1 1 1 5 |
最佳适应度：
1.149349298360159

第1个BestWave: 
1 6 1 1 1 1 |1 1 1 6 1 1 1 6 1 1 1 1 1 1 5 |realPatrol = 40|fitness = 1.166423854964052

最大适应度：0.9194416623018216
最小适应度：0.9194416623018216
平均适应度：0.9194416623018216
估计标准差值：NaN
最佳分配：
2 3 1 2 1 2 |2 2 1 3 1 2 2 3 1 3 1 2 1 2 3 |
GA算法运行求解巡逻调度问题耗时：0小时，0分钟，6秒
最优解的最大适应度：1.166423854964052
最优解的最小适应度：1.166423854964052
最优解的平均适应度：1.166423854964052
估计标准差值：NaN
最优解的最佳分配：
1 6 1 1 1 1 |1 1 1 6 1 1 1 6 1 1 1 1 1 1 5 |40|realPatrol = 40
PWWO算法运行求解巡逻调度问题耗时：0小时，0分钟，6秒
最大适应度：1.149349298360159
最小适应度：1.149349298360159
平均适应度：1.149349298360159
估计标准差值：NaN
最佳分配：
1 6 1 1 1 1 |1 1 1 6 1 1 1 6 1 1 1 1 1 1 5 |
PSO算法运行求解巡逻调度问题耗时：0小时，0分钟，6秒
第1个BestWave: 
1 6 1 1 1 1 |1 1 1 6 1 1 1 6 1 3 1 1 1 1 3 |realPatrol = 40|fitness = 1.1112480136383418

最优解的最大适应度：1.1112480136383418
最优解的最小适应度：1.1112480136383418
最优解的平均适应度：1.1112480136383418
估计标准差值：NaN
最优解的最佳分配：
1 6 1 1 1 1 |1 1 1 6 1 1 1 6 1 3 1 1 1 1 3 |40|realPatrol = 40
WWO算法运行求解巡逻调度问题耗时：0小时，0分钟，6秒
===============第1个最优解如下===============
最佳适宜值为：
1.1323869369580444
最佳迁移代数为：
2999
最佳分配序列为：
1 6 1 1 1 1 |1 1 1 6 1 1 1 4 1 4 1 1 1 1 4 |num = 40

最大适应度：1.1323869369580444
最小适应度：1.1323869369580444
平均适应度：1.1323869369580444
估计标准差值：NaN
最佳分配：
1 6 1 1 1 1 |1 1 1 6 1 1 1 4 1 4 1 1 1 1 4 |num = 40
BBO算法运行求解巡逻调度问题耗时：0小时，0分钟，6秒
=============第1个最优解如下=============
最大目标值出现代数：
957
最大目标值为：
0.8984495883688339
最佳分配方案：
2 3 1 2 1 2 |2 2 1 3 1 2 2 3 1 3 2 1 1 2 3 |

最大适应度：0.8984495883688339
最小适应度：0.8984495883688339
平均适应度：0.8984495883688339
估计标准差值：NaN
最佳分配：
2 3 1 2 1 2 |2 2 1 3 1 2 2 3 1 3 2 1 1 2 3 |
GA算法运行求解巡逻调度问题耗时：0小时，0分钟，8秒
=============第1个最优解如下=============
最大目标值出现代数：
2452
最大目标值为：
0.9305468052987441
最佳分配方案：
2 3 1 2 1 2 |2 2 1 4 1 2 2 3 1 2 2 1 1 2 3 |

最大适应度：0.9305468052987441
最小适应度：0.9305468052987441
平均适应度：0.9305468052987441
估计标准差值：NaN
最佳分配：
2 3 1 2 1 2 |2 2 1 4 1 2 2 3 1 2 2 1 1 2 3 |
GA算法运行求解巡逻调度问题耗时：0小时，0分钟，7秒
