第1个BestWave: 
4 2 4 1 1 4 1 4 6 |1 1 1 2 2 1 |1 3 1 1 1 1 1 2 2 |1 1 1 1 1 6 1 1 1 1 3 |1 3 1 1 3 1 1 1 1 2 1 1 6 3 1 1 6 |realPatrol = 100|fitness = 12.30560863724783

最优解的最大适应度：12.30560863724783
最优解的最小适应度：12.30560863724783
最优解的平均适应度：12.30560863724783
估计标准差值：NaN
最优解的最佳分配：
4 2 4 1 1 4 1 4 6 |1 1 1 2 2 1 |1 3 1 1 1 1 1 2 2 |1 1 1 1 1 6 1 1 1 1 3 |1 3 1 1 3 1 1 1 1 2 1 1 6 3 1 1 6 |100|realPatrol = 100
WWO算法运行求解巡逻调度问题耗时：0小时，0分钟，10秒
第1个BestWave: 
4 1 4 1 1 4 1 3 6 |1 1 1 1 1 1 |1 5 1 1 1 1 1 2 3 |1 1 1 1 1 6 1 1 1 1 1 |1 4 1 1 2 1 2 2 1 1 1 2 5 5 1 1 6 |realPatrol = 100|fitness = 12.42876560600158

最优解的最大适应度：12.42876560600158
最优解的最小适应度：12.42876560600158
最优解的平均适应度：12.42876560600158
估计标准差值：NaN
最优解的最佳分配：
4 1 4 1 1 4 1 3 6 |1 1 1 1 1 1 |1 5 1 1 1 1 1 2 3 |1 1 1 1 1 6 1 1 1 1 1 |1 4 1 1 2 1 2 2 1 1 1 2 5 5 1 1 6 |100|realPatrol = 100
WWO算法运行求解巡逻调度问题耗时：0小时，0分钟，10秒
第1个BestWave: 
5 2 3 1 1 5 1 4 6 |1 1 2 1 1 1 |1 3 1 1 1 1 1 2 3 |1 1 1 1 1 6 1 1 1 1 3 |1 2 3 1 1 1 1 1 1 1 1 2 5 4 1 1 6 |realPatrol = 100|fitness = 12.525150851121857

最优解的最大适应度：12.525150851121857
最优解的最小适应度：12.525150851121857
最优解的平均适应度：12.525150851121857
估计标准差值：NaN
最优解的最佳分配：
5 2 3 1 1 5 1 4 6 |1 1 2 1 1 1 |1 3 1 1 1 1 1 2 3 |1 1 1 1 1 6 1 1 1 1 3 |1 2 3 1 1 1 1 1 1 1 1 2 5 4 1 1 6 |100|realPatrol = 100
WWO算法运行求解巡逻调度问题耗时：0小时，0分钟，11秒
第1个BestWave: 
6 1 4 1 1 3 1 5 6 |1 1 1 1 2 1 |1 4 1 1 1 1 1 3 1 |1 1 1 2 1 5 2 1 1 1 2 |1 5 1 1 2 1 1 1 1 1 1 2 6 1 1 1 6 |realPatrol = 100|fitness = 12.266656205244269

最优解的最大适应度：12.266656205244269
最优解的最小适应度：12.266656205244269
最优解的平均适应度：12.266656205244269
估计标准差值：NaN
最优解的最佳分配：
6 1 4 1 1 3 1 5 6 |1 1 1 1 2 1 |1 4 1 1 1 1 1 3 1 |1 1 1 2 1 5 2 1 1 1 2 |1 5 1 1 2 1 1 1 1 1 1 2 6 1 1 1 6 |100|realPatrol = 100
WWO算法运行求解巡逻调度问题耗时：0小时，0分钟，11秒
第1个BestWave: 
5 1 3 1 1 4 2 5 6 |1 1 1 1 2 1 |1 2 1 1 1 1 1 1 4 |1 1 1 1 1 6 1 1 1 1 3 |1 3 1 1 1 1 1 5 2 1 1 1 5 1 1 2 6 |realPatrol = 100|fitness = 12.323782220784967

最优解的最大适应度：12.323782220784967
最优解的最小适应度：12.323782220784967
最优解的平均适应度：12.323782220784967
估计标准差值：NaN
最优解的最佳分配：
5 1 3 1 1 4 2 5 6 |1 1 1 1 2 1 |1 2 1 1 1 1 1 1 4 |1 1 1 1 1 6 1 1 1 1 3 |1 3 1 1 1 1 1 5 2 1 1 1 5 1 1 2 6 |100|realPatrol = 100
WWO算法运行求解巡逻调度问题耗时：0小时，0分钟，12秒
第1个BestWave: 
6 1 3 1 1 3 1 5 5 |1 1 1 1 1 1 |2 3 1 1 1 1 1 1 2 |1 1 1 1 1 5 1 2 1 1 3 |1 4 4 1 3 1 1 3 1 1 1 1 6 1 1 1 6 |realPatrol = 100|fitness = 12.380696952320555

最优解的最大适应度：12.380696952320555
最优解的最小适应度：12.380696952320555
最优解的平均适应度：12.380696952320555
估计标准差值：NaN
最优解的最佳分配：
6 1 3 1 1 3 1 5 5 |1 1 1 1 1 1 |2 3 1 1 1 1 1 1 2 |1 1 1 1 1 5 1 2 1 1 3 |1 4 4 1 3 1 1 3 1 1 1 1 6 1 1 1 6 |100|realPatrol = 100
WWO算法运行求解巡逻调度问题耗时：0小时，0分钟，12秒
第1个BestWave: 
4 1 4 1 1 4 1 6 6 |1 1 1 1 1 1 |1 3 1 1 1 1 1 2 1 |1 2 1 1 1 5 1 2 1 1 4 |1 4 1 1 2 1 2 2 1 1 1 1 6 2 1 1 6 |realPatrol = 100|fitness = 12.287653806983302

最优解的最大适应度：12.287653806983302
最优解的最小适应度：12.287653806983302
最优解的平均适应度：12.287653806983302
估计标准差值：NaN
最优解的最佳分配：
4 1 4 1 1 4 1 6 6 |1 1 1 1 1 1 |1 3 1 1 1 1 1 2 1 |1 2 1 1 1 5 1 2 1 1 4 |1 4 1 1 2 1 2 2 1 1 1 1 6 2 1 1 6 |100|realPatrol = 100
WWO算法运行求解巡逻调度问题耗时：0小时，0分钟，12秒
第1个BestWave: 
5 1 4 2 1 4 1 5 6 |1 1 1 1 2 1 |1 4 1 1 1 1 1 1 4 |1 1 1 1 2 5 1 1 1 1 3 |1 2 1 1 1 1 1 1 1 2 1 1 6 3 1 1 6 |realPatrol = 100|fitness = 12.594090055119711

最优解的最大适应度：12.594090055119711
最优解的最小适应度：12.594090055119711
最优解的平均适应度：12.594090055119711
估计标准差值：NaN
最优解的最佳分配：
5 1 4 2 1 4 1 5 6 |1 1 1 1 2 1 |1 4 1 1 1 1 1 1 4 |1 1 1 1 2 5 1 1 1 1 3 |1 2 1 1 1 1 1 1 1 2 1 1 6 3 1 1 6 |100|realPatrol = 100
WWO算法运行求解巡逻调度问题耗时：0小时，0分钟，11秒
第1个BestWave: 
6 1 3 1 1 5 1 3 6 |1 1 1 1 3 1 |1 4 1 1 1 1 1 2 1 |1 1 1 1 1 6 1 2 1 1 2 |1 5 2 1 1 1 2 1 2 2 1 1 5 2 1 1 5 |realPatrol = 100|fitness = 12.489004876043301

最优解的最大适应度：12.489004876043301
最优解的最小适应度：12.489004876043301
最优解的平均适应度：12.489004876043301
估计标准差值：NaN
最优解的最佳分配：
6 1 3 1 1 5 1 3 6 |1 1 1 1 3 1 |1 4 1 1 1 1 1 2 1 |1 1 1 1 1 6 1 2 1 1 2 |1 5 2 1 1 1 2 1 2 2 1 1 5 2 1 1 5 |100|realPatrol = 100
WWO算法运行求解巡逻调度问题耗时：0小时，0分钟，11秒
第1个BestWave: 
6 1 4 1 1 3 1 3 6 |1 1 1 1 1 1 |1 3 1 1 1 1 1 2 4 |1 1 1 1 1 4 1 1 1 1 4 |1 5 1 1 2 1 1 3 1 1 1 1 6 3 1 1 6 |realPatrol = 100|fitness = 12.536840442015048

最优解的最大适应度：12.536840442015048
最优解的最小适应度：12.536840442015048
最优解的平均适应度：12.536840442015048
估计标准差值：NaN
最优解的最佳分配：
6 1 4 1 1 3 1 3 6 |1 1 1 1 1 1 |1 3 1 1 1 1 1 2 4 |1 1 1 1 1 4 1 1 1 1 4 |1 5 1 1 2 1 1 3 1 1 1 1 6 3 1 1 6 |100|realPatrol = 100
WWO算法运行求解巡逻调度问题耗时：0小时，0分钟，11秒
