第1个BestWave: 
6 1 4 1 1 5 1 5 6 |2 1 1 1 1 1 |1 2 1 1 1 1 1 1 4 |1 1 2 1 1 2 3 1 1 1 3 |1 2 1 1 1 1 1 2 2 4 1 1 5 2 1 2 5 |realPatrol = 100|fitness = 12.015234780849475

第2个BestWave: 
5 1 4 1 1 5 1 3 5 |1 1 1 1 1 1 |1 3 1 1 1 1 1 1 4 |1 1 1 1 1 2 1 1 1 1 1 |1 6 2 1 2 1 3 2 2 3 1 2 6 2 1 1 6 |realPatrol = 100|fitness = 12.121893594882273

第3个BestWave: 
5 1 2 1 2 5 1 2 5 |1 1 1 1 1 1 |1 2 1 1 1 1 1 2 4 |1 1 1 1 1 6 2 3 1 1 4 |1 3 2 1 1 1 1 2 1 3 1 3 4 3 1 2 4 |realPatrol = 100|fitness = 11.7642841775911

第4个BestWave: 
6 1 3 1 1 4 1 4 6 |1 1 1 1 1 1 |1 3 1 1 1 2 2 1 2 |1 1 1 1 1 2 2 2 1 1 2 |1 4 3 1 2 1 1 2 1 2 1 2 6 5 1 1 4 |realPatrol = 100|fitness = 12.098183519678313

第5个BestWave: 
6 1 3 1 1 4 1 4 4 |1 1 1 1 1 1 |1 6 2 1 1 1 1 4 1 |1 1 1 1 1 6 2 1 1 1 2 |1 3 1 1 1 1 3 1 1 1 2 1 6 2 1 2 5 |realPatrol = 100|fitness = 11.976787819063274

第6个BestWave: 
5 1 4 1 2 4 1 2 6 |1 1 1 1 2 1 |1 3 1 1 1 1 1 1 3 |2 1 1 1 1 4 1 3 1 2 2 |1 4 3 1 2 1 1 3 1 2 1 1 5 1 1 1 6 |realPatrol = 100|fitness = 12.200841367583923

第7个BestWave: 
4 1 2 1 1 4 2 3 6 |1 1 1 1 2 1 |1 1 2 1 1 1 1 1 4 |2 1 1 1 1 5 1 1 1 1 4 |1 4 3 2 2 1 1 3 1 1 1 1 5 4 1 1 5 |realPatrol = 100|fitness = 11.97439109532204

第8个BestWave: 
5 1 1 1 1 5 2 4 4 |1 1 1 1 1 1 |1 3 1 1 1 1 1 3 2 |1 1 1 1 1 6 1 1 1 1 4 |1 3 2 1 1 2 1 4 1 1 1 2 6 4 1 1 5 |realPatrol = 100|fitness = 12.153520640372548

第9个BestWave: 
5 1 4 2 1 3 1 3 6 |1 1 1 1 1 1 |2 4 1 1 1 1 1 2 1 |1 1 1 1 1 1 1 1 1 1 4 |1 3 5 1 1 1 2 2 2 3 1 1 6 2 2 1 6 |realPatrol = 100|fitness = 11.85084266215207

第10个BestWave: 
6 1 1 1 1 4 1 2 5 |1 1 1 1 2 1 |1 2 1 1 1 1 2 2 2 |1 1 1 1 1 5 1 1 3 1 4 |1 5 3 1 5 1 1 3 1 1 1 1 4 3 1 1 5 |realPatrol = 100|fitness = 12.236913174510976

第11个BestWave: 
5 1 1 2 1 4 2 4 5 |1 1 1 1 1 1 |1 4 1 1 1 1 1 1 2 |1 1 1 1 1 4 1 1 1 1 4 |1 4 1 1 3 1 1 2 2 2 1 2 6 4 1 1 6 |realPatrol = 100|fitness = 12.123184666072593

第12个BestWave: 
4 1 3 2 1 4 1 4 5 |1 2 1 1 1 1 |1 2 1 1 1 1 1 2 3 |1 1 2 1 1 4 1 1 1 1 3 |1 5 1 1 2 1 1 5 1 1 2 2 6 2 1 1 5 |realPatrol = 100|fitness = 12.077770269684871

第13个BestWave: 
5 1 3 1 1 3 1 6 5 |1 1 1 1 1 1 |1 3 1 1 2 1 1 5 2 |1 1 1 1 1 1 2 4 1 1 1 |1 3 3 2 2 1 1 1 1 2 1 1 6 3 1 1 6 |realPatrol = 100|fitness = 12.045119210038798

第14个BestWave: 
3 2 2 1 1 3 1 4 6 |1 1 1 1 1 1 |1 5 1 1 1 1 1 3 3 |1 1 1 1 1 2 1 2 1 1 1 |1 4 2 1 3 1 2 1 2 3 1 2 6 3 1 2 6 |realPatrol = 100|fitness = 11.921714148870564

第15个BestWave: 
6 2 5 1 2 2 1 2 6 |1 1 1 1 1 1 |1 2 1 1 1 1 2 1 3 |1 1 1 1 1 5 1 2 1 1 2 |1 3 4 1 1 1 2 2 1 1 1 1 5 4 1 3 5 |realPatrol = 100|fitness = 11.94381281757983

第16个BestWave: 
5 1 4 1 1 3 1 2 5 |1 1 1 1 1 1 |1 5 1 1 1 1 1 2 2 |1 1 1 1 1 4 2 1 2 1 1 |1 3 2 3 1 1 1 3 2 3 2 4 4 2 1 1 6 |realPatrol = 100|fitness = 12.053126825733637

第17个BestWave: 
6 1 1 1 1 4 1 4 5 |1 1 1 1 1 1 |1 2 1 1 2 1 1 1 6 |1 1 2 1 1 6 1 2 1 1 1 |1 2 3 1 3 1 1 1 1 2 1 1 6 4 1 2 5 |realPatrol = 100|fitness = 12.234938428366894

第18个BestWave: 
5 1 1 1 1 6 1 3 6 |1 1 1 1 1 1 |1 4 1 1 1 1 1 1 1 |1 1 1 1 1 5 2 1 1 1 1 |1 4 3 1 1 1 4 1 1 1 2 4 6 2 1 2 6 |realPatrol = 100|fitness = 12.144637063090165

第19个BestWave: 
4 1 3 1 3 6 1 6 6 |1 1 1 1 1 1 |1 1 1 1 1 1 1 1 1 |1 2 1 1 1 6 1 1 1 1 1 |1 3 3 1 5 1 1 1 2 1 1 2 5 2 1 1 6 |realPatrol = 100|fitness = 12.023421316661569

第20个BestWave: 
6 1 2 2 1 6 1 2 5 |2 2 1 1 1 1 |1 3 1 1 1 1 1 3 5 |2 1 1 2 1 3 2 1 1 1 3 |1 3 1 1 2 1 1 2 1 1 1 1 4 2 2 1 6 |realPatrol = 100|fitness = 12.078941190512651

第21个BestWave: 
6 1 4 1 2 5 1 4 6 |1 2 1 1 1 1 |1 3 1 1 1 1 1 1 3 |2 1 1 1 1 2 1 1 2 1 1 |1 2 5 1 1 1 1 4 1 2 1 1 4 4 1 1 5 |realPatrol = 100|fitness = 12.001946492902546

第22个BestWave: 
5 1 3 1 1 3 1 6 6 |1 2 1 1 1 1 |3 1 1 1 1 1 1 3 2 |1 2 1 1 1 6 1 1 1 1 2 |1 4 1 1 1 1 1 1 1 2 3 1 6 2 1 1 6 |realPatrol = 100|fitness = 12.139162571032013

第23个BestWave: 
5 1 2 1 2 5 1 2 6 |1 1 1 2 1 1 |1 5 2 1 1 1 1 1 4 |1 1 1 1 1 3 1 2 2 1 3 |1 3 1 1 3 1 1 1 1 1 3 2 6 2 1 1 5 |realPatrol = 100|fitness = 11.986397263448941

第24个BestWave: 
4 1 6 1 1 4 1 3 5 |1 1 1 1 1 1 |2 1 1 1 1 1 1 2 5 |1 2 1 1 1 3 2 1 1 1 4 |1 2 3 2 1 2 2 1 1 2 1 1 6 2 1 1 6 |realPatrol = 100|fitness = 12.013672626973296

第25个BestWave: 
5 1 3 1 2 6 1 3 6 |1 1 1 1 1 1 |1 2 1 1 1 1 1 2 1 |1 1 1 1 1 3 4 1 1 1 5 |1 1 3 2 2 1 1 1 2 2 1 1 6 3 1 1 6 |realPatrol = 100|fitness = 11.980669538650556

第26个BestWave: 
5 1 4 1 2 4 1 3 5 |1 1 1 1 2 1 |1 4 1 1 1 1 1 1 2 |1 1 1 1 1 3 1 1 1 1 1 |1 5 3 2 1 1 4 2 2 2 1 1 5 3 1 2 5 |realPatrol = 100|fitness = 11.818614633161673

第27个BestWave: 
4 1 5 1 1 5 1 4 5 |1 1 1 1 1 2 |1 2 1 1 1 1 1 1 3 |1 1 1 1 1 4 2 1 2 1 4 |1 4 1 2 1 2 2 1 1 3 1 1 5 2 1 1 6 |realPatrol = 100|fitness = 12.031809115500273

第28个BestWave: 
6 1 4 1 3 6 1 4 6 |1 1 1 1 1 1 |1 6 1 1 1 1 1 1 1 |1 1 1 1 1 2 1 2 1 1 2 |1 3 1 2 1 1 2 1 2 1 1 1 6 4 1 1 5 |realPatrol = 100|fitness = 12.334873208314175

第29个BestWave: 
5 2 2 1 1 4 1 5 4 |1 1 1 1 1 1 |1 3 1 1 1 1 1 1 1 |2 1 1 1 1 4 1 1 1 1 5 |1 3 3 1 5 1 1 1 1 2 1 2 6 3 1 1 6 |realPatrol = 100|fitness = 12.242219286310913

第30个BestWave: 
4 1 5 2 1 5 1 4 5 |2 1 1 1 3 1 |1 1 1 1 1 1 1 1 1 |1 1 1 1 1 5 2 2 3 2 2 |1 3 2 1 2 1 1 2 1 2 1 1 4 3 1 1 6 |realPatrol = 100|fitness = 11.957457875941337

第31个BestWave: 
5 1 3 1 1 5 1 4 5 |1 1 1 2 1 1 |1 3 1 1 1 1 4 1 1 |1 1 2 1 2 6 1 1 2 1 2 |1 3 3 1 1 1 2 1 1 1 1 2 6 1 1 1 6 |realPatrol = 100|fitness = 12.05717069016983

第32个BestWave: 
5 2 3 1 1 5 1 5 4 |1 1 1 1 1 1 |1 3 1 1 1 1 1 2 1 |1 3 1 1 1 4 1 1 1 2 4 |1 2 1 2 1 1 2 3 2 1 1 1 5 4 1 1 6 |realPatrol = 100|fitness = 12.068614431908825

第33个BestWave: 
6 1 3 1 2 3 1 5 6 |1 1 1 1 1 1 |1 2 1 1 1 2 1 2 4 |1 1 1 1 1 4 1 2 1 1 3 |1 1 1 1 2 1 4 2 1 1 1 3 5 2 1 1 6 |realPatrol = 100|fitness = 12.07313865723191

第34个BestWave: 
3 1 3 1 1 5 1 5 6 |1 1 1 1 2 1 |1 5 1 1 1 1 3 1 2 |1 1 1 1 1 5 3 2 1 2 1 |1 2 2 1 1 2 1 1 2 3 1 1 6 1 1 1 5 |realPatrol = 100|fitness = 11.87598889732757

第35个BestWave: 
5 1 3 1 3 3 1 2 6 |1 1 1 1 4 1 |1 4 1 1 1 1 1 2 1 |1 1 1 1 1 5 1 1 1 2 4 |1 2 3 1 2 1 1 1 1 1 1 1 5 4 1 2 6 |realPatrol = 100|fitness = 12.112077057700699

第36个BestWave: 
4 1 3 1 1 3 1 4 4 |1 1 1 1 1 1 |1 5 1 1 1 1 2 1 1 |1 1 1 1 1 3 1 1 1 1 4 |1 4 5 1 3 1 2 2 1 1 1 3 6 3 1 1 6 |realPatrol = 100|fitness = 12.092831452170245

第37个BestWave: 
5 2 4 1 1 6 1 2 6 |1 1 1 1 1 1 |1 4 1 1 1 1 3 1 1 |2 1 1 1 1 4 2 1 1 1 4 |1 3 1 1 1 1 2 3 2 1 2 1 5 1 1 1 6 |realPatrol = 100|fitness = 11.936327726535847

第38个BestWave: 
6 1 2 1 1 1 1 4 6 |1 1 1 1 2 1 |1 3 1 1 2 1 1 3 3 |1 1 1 2 2 6 2 1 1 1 1 |1 3 1 2 1 1 1 1 1 2 1 3 6 3 1 1 6 |realPatrol = 100|fitness = 11.798880485769763

第39个BestWave: 
6 1 1 1 1 4 1 5 6 |1 1 1 1 1 1 |1 4 1 1 1 1 1 3 1 |1 1 1 1 1 2 2 3 1 1 2 |1 4 2 1 1 1 5 3 1 1 1 2 5 1 2 1 6 |realPatrol = 100|fitness = 11.897469398587733

第40个BestWave: 
6 1 1 1 1 3 1 2 6 |1 1 1 1 2 1 |2 3 1 1 1 1 1 1 5 |1 1 1 1 1 2 3 1 1 1 1 |1 3 3 2 5 1 2 3 1 1 2 1 5 3 1 1 6 |realPatrol = 100|fitness = 11.850155735029533

第41个BestWave: 
6 1 3 1 1 6 1 4 4 |1 1 1 1 1 1 |1 3 1 2 1 1 1 1 2 |1 1 1 1 1 4 1 1 1 1 2 |1 6 1 1 1 1 4 3 1 1 2 1 5 4 1 2 4 |realPatrol = 100|fitness = 12.097511417380462

第42个BestWave: 
4 1 4 1 2 4 1 3 6 |1 1 1 1 1 1 |1 2 1 1 1 1 1 1 1 |2 1 1 1 1 5 1 3 2 1 3 |1 3 2 3 1 1 2 2 1 1 1 2 5 4 1 1 6 |realPatrol = 100|fitness = 12.225072337471804

第43个BestWave: 
6 1 4 1 1 5 1 2 4 |1 1 1 1 1 1 |1 4 1 1 1 1 1 1 3 |1 1 2 2 2 4 1 1 1 1 4 |1 3 1 3 1 1 1 3 1 1 1 3 6 2 1 1 5 |realPatrol = 100|fitness = 12.038974979865324

第44个BestWave: 
5 1 3 1 1 5 1 3 6 |1 1 1 1 1 1 |1 3 1 1 1 1 1 1 1 |1 1 1 1 1 4 1 1 1 2 3 |1 4 3 1 3 2 3 2 1 1 1 1 5 4 2 1 5 |realPatrol = 100|fitness = 11.965309805350833

第45个BestWave: 
5 1 2 1 1 4 1 2 6 |1 1 1 1 2 1 |1 4 1 2 1 1 1 2 2 |1 1 2 1 1 3 1 2 2 1 2 |1 5 1 1 2 1 1 2 1 3 1 2 4 5 1 1 6 |realPatrol = 100|fitness = 11.88689005703267

第46个BestWave: 
5 1 3 1 2 4 1 4 4 |1 1 1 1 2 1 |1 1 1 1 1 1 1 1 5 |1 1 2 1 1 6 1 1 1 1 2 |1 6 1 1 1 1 2 1 2 1 1 2 5 2 1 3 6 |realPatrol = 100|fitness = 11.903538231073949

第47个BestWave: 
6 1 1 1 1 3 1 2 6 |2 1 1 1 2 1 |1 4 2 1 1 1 1 3 1 |1 1 1 1 1 5 1 1 1 1 2 |1 3 3 1 1 1 1 2 2 1 1 3 6 5 1 1 6 |realPatrol = 100|fitness = 11.989325199314857

第48个BestWave: 
4 1 2 2 1 4 1 3 5 |1 1 1 1 1 1 |1 3 1 1 2 1 1 1 2 |1 1 1 2 1 6 1 1 1 1 4 |1 3 3 3 3 1 2 1 1 1 1 3 5 1 2 1 6 |realPatrol = 100|fitness = 11.937526032998715

第49个BestWave: 
6 1 2 1 1 4 2 4 6 |1 1 2 1 1 1 |1 4 1 1 1 1 1 1 1 |1 1 1 1 1 6 2 1 1 1 2 |1 4 3 2 4 1 4 1 1 1 1 1 5 1 1 1 4 |realPatrol = 100|fitness = 12.062582039564651

第50个BestWave: 
3 3 4 1 1 6 1 2 6 |1 1 1 1 1 1 |1 5 1 1 1 1 1 1 1 |1 1 1 1 1 4 2 1 1 1 3 |1 3 4 1 1 1 3 3 1 1 1 1 5 2 1 3 5 |realPatrol = 100|fitness = 12.042829515808197

第51个BestWave: 
6 1 3 1 2 5 1 4 6 |1 1 1 1 1 1 |2 4 1 1 1 1 1 2 4 |1 1 2 1 1 1 2 1 1 1 1 |1 2 1 1 2 1 1 4 1 1 1 2 5 2 1 3 6 |realPatrol = 100|fitness = 12.202935747565542

第52个BestWave: 
5 1 1 1 1 4 1 6 6 |1 1 1 1 1 1 |1 4 1 1 1 1 3 1 3 |1 1 1 1 2 5 2 1 1 1 1 |1 4 1 1 1 1 4 3 2 1 1 1 5 2 1 2 4 |realPatrol = 100|fitness = 12.014599340560283

第53个BestWave: 
6 1 2 1 1 4 1 3 6 |3 1 1 1 1 2 |1 2 1 1 1 1 1 1 3 |1 1 1 1 1 5 1 3 1 1 2 |1 1 3 2 4 1 2 1 3 1 1 1 5 1 2 1 6 |realPatrol = 100|fitness = 11.984900955457963

第54个BestWave: 
5 1 2 2 1 4 1 3 6 |1 1 1 1 1 1 |2 2 1 1 1 1 1 2 2 |1 1 1 1 1 4 1 1 1 1 6 |1 3 2 2 1 2 1 3 1 1 1 4 5 3 1 1 5 |realPatrol = 100|fitness = 12.211249848571128

第55个BestWave: 
5 1 2 1 1 3 1 4 5 |1 1 1 2 1 1 |1 6 1 1 1 1 1 1 2 |1 2 1 1 1 4 2 2 2 1 2 |1 3 2 1 2 1 1 3 1 3 1 1 5 3 1 1 6 |realPatrol = 100|fitness = 12.282462120606171

第56个BestWave: 
5 1 2 1 3 5 1 5 6 |2 2 1 2 1 1 |1 4 1 1 1 1 1 1 1 |1 1 1 1 1 4 1 1 1 1 3 |1 2 2 1 1 1 1 3 2 1 1 1 6 2 1 2 6 |realPatrol = 100|fitness = 12.046747245311291

第57个BestWave: 
5 1 3 1 2 5 1 1 6 |1 1 1 1 1 1 |1 3 2 1 1 1 2 1 2 |1 1 1 2 1 5 1 2 2 1 1 |1 3 1 2 3 1 1 3 1 1 1 2 5 4 1 1 6 |realPatrol = 100|fitness = 12.063685142656517

第58个BestWave: 
3 1 2 1 1 5 1 3 5 |1 1 1 1 2 1 |1 5 1 1 1 1 1 2 5 |1 1 1 1 1 3 1 2 1 1 2 |1 5 1 3 3 1 1 2 1 1 1 2 6 1 2 1 6 |realPatrol = 100|fitness = 12.165309493333272

第59个BestWave: 
5 1 2 2 2 6 1 4 5 |1 1 1 1 1 1 |1 2 1 1 1 1 1 1 2 |1 1 1 1 1 6 1 1 2 2 5 |2 3 1 1 1 1 3 2 1 1 1 1 4 3 1 1 6 |realPatrol = 100|fitness = 11.975443871260092

第60个BestWave: 
3 1 3 1 1 5 1 3 6 |1 1 1 2 2 1 |1 1 1 1 1 1 1 4 1 |1 1 2 1 1 4 2 2 2 1 3 |1 4 1 2 1 1 1 3 2 1 2 1 6 2 1 1 6 |realPatrol = 100|fitness = 12.065917532819759

最优解的最大适应度：12.334873208314175
最优解的最小适应度：11.7642841775911
最优解的平均适应度：12.041197447121476
估计标准差值：0.12306156992614443
最优解的最佳分配：
6 1 4 1 3 6 1 4 6 |1 1 1 1 1 1 |1 6 1 1 1 1 1 1 1 |1 1 1 1 1 2 1 2 1 1 2 |1 3 1 2 1 1 2 1 2 1 1 1 6 4 1 1 5 |100|realPatrol = 100
WWO算法运行求解巡逻调度问题耗时：0小时，1分钟，18秒
