第1个BestWave: 
6 1 4 1 2 4 1 3 5 |1 1 1 1 1 1 |1 3 1 1 1 1 1 1 2 |1 1 1 1 1 6 1 2 1 1 2 |1 5 1 1 3 2 1 1 1 1 1 2 6 3 1 1 6 |realPatrol = 100|fitness = 12.35051917312575

第2个BestWave: 
5 1 4 1 1 6 1 4 6 |1 1 1 1 1 2 |1 5 1 1 1 1 1 1 2 |2 1 1 1 1 5 1 2 1 1 1 |1 3 1 1 1 1 3 4 1 1 1 1 4 2 1 1 6 |realPatrol = 100|fitness = 12.22777770996374

第3个BestWave: 
6 1 3 1 1 4 1 4 6 |1 3 1 1 2 1 |1 6 1 1 1 1 2 2 2 |1 1 1 1 1 5 1 1 1 1 2 |1 3 1 1 2 1 1 3 1 2 1 1 4 1 1 1 6 |realPatrol = 100|fitness = 12.366434308174307

第4个BestWave: 
6 1 3 1 2 4 1 4 6 |1 1 1 1 1 1 |1 3 1 1 1 1 1 1 2 |1 1 1 1 1 6 1 2 1 1 2 |1 5 1 1 3 1 1 2 1 1 1 2 6 3 1 1 5 |realPatrol = 100|fitness = 12.443238251236247

第5个BestWave: 
6 1 3 1 1 3 1 4 6 |1 1 1 1 1 1 |1 3 1 1 1 1 2 1 2 |1 1 1 1 1 3 1 1 1 1 6 |1 3 4 1 1 1 2 3 1 1 1 2 6 2 1 1 6 |realPatrol = 100|fitness = 12.375100163527996

第6个BestWave: 
5 1 3 1 1 5 1 4 6 |1 1 1 1 1 1 |1 3 1 1 1 1 1 1 6 |1 1 2 1 1 4 1 2 1 1 4 |1 5 2 1 1 1 1 1 1 1 1 2 5 1 1 1 6 |realPatrol = 100|fitness = 12.310900685891163

第7个BestWave: 
6 1 3 1 1 3 1 2 6 |1 1 1 1 2 1 |1 5 1 1 1 1 2 1 2 |1 1 1 1 1 5 2 1 1 1 4 |1 4 1 1 1 1 2 1 1 4 1 1 6 2 1 1 6 |realPatrol = 100|fitness = 12.268258561179008

第8个BestWave: 
6 1 2 1 1 5 1 4 5 |1 1 1 1 1 1 |1 4 1 1 1 1 3 1 3 |1 1 1 1 1 5 1 1 1 1 3 |1 4 1 2 1 1 2 3 1 1 1 1 6 2 1 1 6 |realPatrol = 100|fitness = 12.576119466542705

第9个BestWave: 
6 2 3 1 1 4 1 4 5 |1 1 1 1 1 1 |1 4 1 1 1 1 1 1 1 |1 1 2 1 1 4 2 1 1 1 4 |1 4 1 2 2 1 1 2 1 1 1 1 6 4 1 1 6 |realPatrol = 100|fitness = 12.359630779850246

第10个BestWave: 
6 1 3 1 1 5 1 4 5 |1 1 1 1 1 1 |1 3 1 1 1 1 1 1 3 |1 1 1 1 1 6 2 1 1 1 3 |1 2 1 1 1 1 1 2 1 1 1 2 6 5 2 1 6 |realPatrol = 100|fitness = 12.468050185729878

第11个BestWave: 
6 1 2 1 1 5 1 4 5 |1 1 1 1 1 1 |1 5 1 1 1 1 1 1 1 |1 1 1 1 1 5 1 1 1 1 4 |1 6 5 1 1 1 1 1 1 1 1 1 6 2 1 1 6 |realPatrol = 100|fitness = 12.339412379840066

第12个BestWave: 
5 1 4 1 1 5 1 3 6 |1 1 1 1 3 1 |1 3 1 1 1 1 1 3 2 |1 1 1 1 1 5 1 3 1 1 2 |1 4 1 1 1 1 1 2 2 2 1 1 6 2 1 1 5 |realPatrol = 100|fitness = 12.386454656154282

第13个BestWave: 
4 1 3 1 1 4 1 5 6 |1 1 1 1 2 1 |1 4 1 1 1 1 1 1 5 |1 1 1 1 1 3 1 2 1 1 3 |1 4 2 2 1 1 2 1 1 1 1 1 6 2 2 1 6 |realPatrol = 100|fitness = 12.379805468354823

第14个BestWave: 
5 1 4 1 2 5 2 3 6 |1 1 1 1 1 1 |1 4 1 1 1 1 1 2 3 |1 1 1 1 1 3 2 1 1 1 5 |1 2 2 1 1 1 1 2 1 1 1 1 6 3 1 1 6 |realPatrol = 100|fitness = 12.319578458080162

第15个BestWave: 
6 1 4 1 1 4 1 3 6 |1 1 1 1 3 2 |1 3 1 1 1 2 1 1 1 |1 1 1 1 1 5 1 2 1 1 4 |1 3 1 1 1 1 1 2 1 2 1 2 6 2 1 1 6 |realPatrol = 100|fitness = 12.307103564544015

第16个BestWave: 
6 1 4 1 1 4 1 5 4 |1 1 1 1 3 1 |1 3 1 1 1 1 1 2 3 |1 1 1 1 1 5 1 2 1 1 1 |1 3 1 1 2 1 2 2 1 2 1 2 5 3 1 1 6 |realPatrol = 100|fitness = 12.339970024747592

第17个BestWave: 
6 1 3 1 1 6 1 3 5 |1 1 1 1 2 1 |1 5 1 1 1 1 1 2 3 |1 1 1 1 1 5 1 1 1 1 4 |1 1 1 1 1 1 2 3 2 1 1 2 5 2 1 1 6 |realPatrol = 100|fitness = 12.495378172950769

第18个BestWave: 
6 1 3 1 3 5 1 5 6 |1 1 1 1 2 2 |1 4 1 1 1 1 1 1 2 |1 1 1 1 1 5 1 1 1 1 3 |1 3 2 1 1 1 2 1 1 1 1 2 5 3 1 1 4 |realPatrol = 100|fitness = 12.376010813565895

第19个BestWave: 
6 1 4 1 2 4 1 4 6 |1 1 1 1 1 1 |1 2 1 1 1 1 1 1 2 |1 1 1 1 1 6 2 2 1 1 2 |1 4 1 1 2 1 3 2 1 1 1 2 6 1 1 1 6 |realPatrol = 100|fitness = 12.205839109890235

第20个BestWave: 
4 1 2 1 1 5 1 5 6 |1 1 1 1 1 1 |1 3 1 1 1 1 3 2 4 |2 1 1 1 1 5 1 2 1 1 2 |1 5 1 1 2 1 1 2 1 1 1 1 6 1 1 1 6 |realPatrol = 100|fitness = 12.284748445531436

第21个BestWave: 
5 1 3 1 1 4 1 5 6 |1 1 1 1 2 1 |1 3 1 1 1 1 1 1 4 |2 1 1 1 1 5 1 1 1 1 4 |1 2 1 1 3 1 1 1 1 1 1 2 6 2 1 2 6 |realPatrol = 100|fitness = 12.439098018681182

第22个BestWave: 
6 1 4 1 1 3 1 4 6 |1 1 1 1 1 1 |1 4 1 1 1 1 2 1 4 |1 1 1 1 1 5 1 1 1 1 2 |1 6 1 2 1 1 2 2 1 1 1 1 5 3 1 1 5 |realPatrol = 100|fitness = 12.37754515420088

第23个BestWave: 
5 1 2 1 1 6 1 4 6 |1 1 1 1 4 1 |1 5 1 1 1 1 1 1 2 |1 1 1 1 1 4 1 2 1 1 2 |1 2 1 2 2 1 1 2 2 2 1 1 5 3 1 1 6 |realPatrol = 100|fitness = 12.325195577216615

第24个BestWave: 
4 1 5 1 1 5 1 4 6 |1 1 1 1 2 1 |1 3 1 1 1 1 1 1 1 |1 1 1 1 1 5 1 1 1 1 3 |1 2 1 1 3 1 1 2 1 1 1 3 6 4 2 1 6 |realPatrol = 100|fitness = 12.347500864127813

第25个BestWave: 
5 1 2 1 1 4 1 5 6 |1 1 1 1 2 1 |1 6 1 1 1 1 1 2 1 |1 1 1 1 2 5 1 1 1 1 3 |1 4 1 1 1 1 1 2 1 1 1 1 6 4 1 1 6 |realPatrol = 100|fitness = 12.48570570649956

第26个BestWave: 
6 2 4 1 1 5 1 2 6 |1 1 1 1 1 1 |1 4 1 1 1 1 1 1 3 |1 1 1 1 1 4 1 1 1 1 4 |1 3 2 1 1 1 1 2 2 1 2 1 6 3 1 1 6 |realPatrol = 100|fitness = 12.365860535018632

第27个BestWave: 
5 1 1 1 1 5 1 5 6 |1 1 1 1 1 1 |1 3 1 1 1 1 1 1 1 |2 1 1 1 1 6 1 1 1 1 4 |1 3 2 2 1 1 2 2 1 1 1 3 6 3 1 1 6 |realPatrol = 100|fitness = 12.530244232341762

第28个BestWave: 
6 1 2 1 1 4 1 5 6 |1 1 1 1 1 2 |1 5 1 1 1 1 1 2 2 |1 1 1 1 1 3 2 1 1 1 3 |1 4 1 1 1 1 2 3 1 1 1 2 5 3 1 1 6 |realPatrol = 100|fitness = 12.607993708528932

第29个BestWave: 
5 1 4 1 1 3 1 4 6 |1 1 1 1 1 1 |1 5 1 1 1 1 1 1 1 |1 1 1 1 1 5 2 1 1 1 2 |1 4 3 1 1 1 4 3 1 1 1 1 6 2 1 1 6 |realPatrol = 100|fitness = 12.293786017201226

第30个BestWave: 
5 1 4 1 2 5 1 3 5 |1 1 1 1 1 1 |1 5 1 1 1 1 1 2 3 |1 1 1 1 1 5 1 1 1 1 2 |1 4 4 1 1 1 1 1 2 1 1 1 6 2 1 1 6 |realPatrol = 100|fitness = 12.511883487500057

第31个BestWave: 
6 1 5 1 1 5 1 1 6 |1 1 1 1 1 1 |1 5 1 1 1 1 1 2 5 |1 1 1 1 1 4 3 1 1 1 1 |1 4 2 1 1 1 1 2 1 1 1 1 6 2 1 1 6 |realPatrol = 100|fitness = 12.432699948037667

第32个BestWave: 
5 1 4 1 1 4 1 3 6 |1 1 1 1 1 1 |1 5 1 1 1 1 1 1 3 |1 1 1 1 1 6 1 1 2 1 3 |1 3 1 1 1 1 1 1 2 2 1 2 4 5 1 1 6 |realPatrol = 100|fitness = 12.2099279190077

第33个BestWave: 
6 1 1 1 1 6 1 5 5 |1 1 1 1 1 1 |1 3 1 1 2 1 1 2 3 |1 1 1 1 1 6 1 1 1 1 5 |1 2 1 1 2 1 1 3 1 1 1 1 6 2 1 1 6 |realPatrol = 100|fitness = 12.469124129439713

第34个BestWave: 
6 1 3 2 1 6 1 5 6 |1 1 1 2 1 1 |1 2 1 1 1 1 1 1 4 |1 1 1 1 1 5 1 1 1 1 3 |1 2 2 1 1 1 1 3 1 1 1 3 6 1 1 1 5 |realPatrol = 100|fitness = 12.585496452046442

第35个BestWave: 
6 1 5 1 1 5 1 3 6 |1 1 1 1 1 1 |1 5 1 2 1 1 2 1 2 |1 1 1 1 1 4 1 1 1 1 5 |1 2 2 1 2 1 2 1 1 1 1 1 6 1 1 1 6 |realPatrol = 100|fitness = 12.338144410653529

第36个BestWave: 
6 1 4 1 1 3 1 4 6 |1 1 1 1 1 1 |1 5 1 1 1 1 1 1 2 |1 1 1 1 1 5 1 1 1 1 5 |1 3 1 1 2 1 1 2 1 1 2 1 6 1 2 2 6 |realPatrol = 100|fitness = 12.565500183379845

第37个BestWave: 
6 1 4 1 1 4 1 3 5 |1 2 1 1 3 1 |2 4 1 1 1 1 1 2 3 |1 1 3 1 1 4 1 1 1 1 3 |1 3 1 2 2 1 1 1 1 1 1 1 5 2 1 1 6 |realPatrol = 100|fitness = 12.452832191267762

第38个BestWave: 
6 1 6 1 1 4 1 3 6 |1 1 1 1 2 1 |1 5 1 1 1 1 1 1 1 |1 1 1 1 1 6 2 1 1 1 3 |1 3 1 2 1 1 1 2 1 1 2 3 5 1 1 1 5 |realPatrol = 100|fitness = 12.268790337759475

第39个BestWave: 
5 1 5 1 1 5 1 4 6 |1 1 1 1 1 1 |1 5 1 1 1 1 1 1 1 |1 1 1 1 1 4 2 2 1 1 4 |1 3 2 1 1 1 3 1 1 1 1 3 5 2 1 1 5 |realPatrol = 100|fitness = 12.304063926789834

第40个BestWave: 
5 1 5 1 1 4 1 4 6 |1 1 1 1 2 1 |1 3 1 1 1 1 1 1 2 |1 1 1 1 1 6 1 1 1 1 3 |1 4 1 1 3 1 1 1 1 1 1 1 5 4 2 1 6 |realPatrol = 100|fitness = 12.326494957642595

第41个BestWave: 
5 1 4 1 1 5 1 6 5 |1 1 1 1 1 1 |1 4 1 1 1 1 1 1 2 |1 1 1 1 1 4 1 1 1 2 2 |1 3 1 1 2 1 1 3 1 1 1 2 6 4 1 1 6 |realPatrol = 100|fitness = 12.26251488399928

第42个BestWave: 
6 1 5 1 1 3 1 4 6 |1 1 1 1 1 1 |1 5 1 1 1 1 1 2 2 |1 1 1 1 1 4 1 3 1 1 2 |1 3 2 1 1 1 1 2 1 1 1 1 6 3 1 2 6 |realPatrol = 100|fitness = 12.264648243494355

第43个BestWave: 
6 1 2 1 1 6 1 5 6 |1 1 1 1 2 1 |1 4 1 1 1 1 1 1 2 |1 1 1 1 1 2 2 1 1 1 4 |1 4 1 2 1 1 1 1 1 2 1 3 5 2 1 2 6 |realPatrol = 100|fitness = 12.314308796404331

第44个BestWave: 
5 1 3 1 1 5 1 4 6 |1 1 1 1 2 1 |1 4 1 1 1 1 1 3 2 |1 1 1 1 1 5 1 1 1 1 5 |1 4 1 1 2 1 1 2 1 1 1 3 4 2 1 1 5 |realPatrol = 100|fitness = 12.538820322495205

第45个BestWave: 
6 1 4 1 1 4 1 5 6 |1 1 1 1 1 1 |1 3 1 1 1 1 1 4 4 |1 1 1 1 1 4 2 2 1 1 2 |1 4 2 1 1 1 1 1 1 1 2 1 5 2 1 1 5 |realPatrol = 100|fitness = 12.288339973079012

第46个BestWave: 
6 1 5 1 1 4 1 2 4 |1 1 1 1 2 1 |1 3 1 1 1 1 1 1 4 |1 1 1 1 1 4 1 1 1 1 4 |1 5 3 1 1 1 1 3 1 1 2 1 6 2 1 1 6 |realPatrol = 100|fitness = 12.317506266632513

第47个BestWave: 
6 1 4 1 1 3 1 4 6 |1 1 1 1 1 1 |2 4 1 1 1 1 1 1 4 |1 1 1 1 1 6 1 1 1 1 2 |1 2 2 1 1 1 3 1 1 1 1 2 5 4 1 1 6 |realPatrol = 100|fitness = 12.469325627747441

第48个BestWave: 
5 1 4 1 1 5 1 5 6 |1 1 1 1 1 1 |1 4 1 1 1 1 1 1 2 |1 1 1 1 1 4 1 1 1 1 4 |1 1 4 1 2 1 1 1 1 2 1 2 5 4 1 1 6 |realPatrol = 100|fitness = 12.308151002405065

第49个BestWave: 
5 1 2 1 2 5 1 4 6 |1 1 1 1 2 1 |1 3 1 1 1 1 1 1 4 |1 1 1 1 1 4 1 1 1 1 2 |1 3 3 1 2 1 1 2 2 1 1 3 6 2 1 1 6 |realPatrol = 100|fitness = 12.343592195757788

第50个BestWave: 
4 1 3 1 2 4 1 3 6 |1 1 1 1 2 1 |1 3 1 1 1 1 1 2 3 |1 1 1 1 1 5 1 2 1 1 5 |1 5 3 1 3 1 1 1 1 1 1 1 6 1 1 1 5 |realPatrol = 100|fitness = 12.399096993763846

第51个BestWave: 
5 1 2 1 1 4 1 5 5 |1 1 1 1 1 1 |1 4 1 1 1 1 1 1 3 |1 1 1 1 1 5 1 1 1 1 4 |1 5 1 1 1 1 5 3 1 1 1 1 5 3 1 1 5 |realPatrol = 100|fitness = 12.10277176808931

第52个BestWave: 
6 1 3 1 1 3 1 4 6 |1 1 1 1 1 1 |1 3 1 1 1 1 2 1 1 |1 1 1 1 1 6 2 1 1 1 5 |1 5 3 1 1 1 1 2 1 1 1 2 6 2 1 1 5 |realPatrol = 100|fitness = 12.278187946685852

第53个BestWave: 
6 1 3 1 3 4 1 4 5 |1 1 1 1 1 1 |1 4 1 1 1 1 1 1 3 |1 1 2 1 1 5 1 1 1 1 1 |1 4 2 1 1 1 2 3 1 1 1 1 6 3 1 1 6 |realPatrol = 100|fitness = 12.543585227566355

第54个BestWave: 
6 2 4 1 1 5 1 4 6 |1 1 1 1 2 1 |1 3 1 1 1 1 1 2 1 |1 1 1 1 1 4 2 1 1 1 2 |1 4 3 1 1 1 1 3 1 1 1 1 6 3 1 1 5 |realPatrol = 100|fitness = 12.447864545281904

第55个BestWave: 
6 1 5 2 1 5 1 3 6 |1 1 1 1 1 1 |1 5 1 1 1 1 1 1 2 |1 1 1 1 1 4 1 1 1 2 1 |1 5 1 1 1 1 1 3 1 1 1 1 6 2 1 2 6 |realPatrol = 100|fitness = 12.428567543119968

第56个BestWave: 
6 2 4 1 1 3 1 3 6 |1 1 1 1 2 1 |2 4 1 1 1 1 1 1 3 |1 1 1 1 1 3 1 1 1 1 2 |1 6 2 1 3 1 1 1 1 1 1 1 6 3 1 1 6 |realPatrol = 100|fitness = 12.26475336754454

第57个BestWave: 
6 1 5 1 1 3 1 4 6 |1 1 1 1 1 1 |1 3 1 1 1 1 1 1 5 |1 1 1 1 1 5 1 1 1 1 3 |1 5 1 1 3 1 1 2 1 1 1 1 4 3 1 1 6 |realPatrol = 100|fitness = 12.294032213443794

第58个BestWave: 
5 1 5 1 1 5 1 3 6 |1 1 1 1 2 1 |1 4 1 1 1 1 2 1 1 |1 1 1 2 1 6 1 1 1 1 3 |1 3 1 3 1 1 1 1 1 1 1 2 6 2 1 1 6 |realPatrol = 100|fitness = 12.294335559515957

第59个BestWave: 
5 1 5 1 3 4 1 4 5 |1 1 1 1 2 1 |1 3 1 1 1 1 1 1 1 |1 1 1 1 1 5 1 2 1 1 3 |1 4 1 1 3 1 1 1 1 1 1 2 6 3 1 1 6 |realPatrol = 100|fitness = 12.559900308180497

第60个BestWave: 
4 1 2 1 3 4 1 5 6 |1 1 1 1 1 1 |1 4 1 1 1 1 1 1 2 |1 1 1 1 1 4 1 1 1 1 5 |1 2 3 1 1 1 1 3 1 1 1 2 6 4 1 1 6 |realPatrol = 100|fitness = 12.369890476074085

最优解的最大适应度：12.607993708528932
最优解的最小适应度：12.10277176808931
最优解的平均适应度：12.375140189958381
估计标准差值：0.10763798063689266
最优解的最佳分配：
6 1 2 1 1 4 1 5 6 |1 1 1 1 1 2 |1 5 1 1 1 1 1 2 2 |1 1 1 1 1 3 2 1 1 1 3 |1 4 1 1 1 1 2 3 1 1 1 2 5 3 1 1 6 |100|realPatrol = 100
WWO算法运行求解巡逻调度问题耗时：0小时，9分钟，33秒
