第1个BestWave: 
5 1 3 1 3 3 1 3 6 |1 1 1 1 1 1 |1 4 1 1 1 1 1 2 2 |1 1 1 1 1 2 1 3 1 1 6 |1 1 2 1 4 1 1 1 2 1 1 3 6 1 1 2 6 |realPatrol = 100|fitness = 12.03780706826431

第2个BestWave: 
6 1 1 1 1 4 1 4 6 |1 1 1 1 1 1 |1 2 1 1 1 1 3 1 2 |1 1 1 1 1 5 1 1 2 1 4 |1 3 3 1 2 1 1 2 1 1 1 2 5 4 1 2 6 |realPatrol = 100|fitness = 12.324661422528683

第3个BestWave: 
5 1 4 1 1 5 1 5 4 |1 1 1 1 2 1 |1 3 1 1 1 1 1 1 3 |2 1 1 1 1 2 1 2 1 1 2 |1 5 2 1 1 1 3 2 1 1 1 1 6 3 2 1 6 |realPatrol = 100|fitness = 12.095363258681514

第4个BestWave: 
5 1 1 1 1 6 1 4 5 |1 1 1 1 2 1 |1 2 1 1 1 1 1 1 4 |1 1 1 1 1 6 2 1 3 1 1 |1 5 2 1 4 1 1 1 2 1 1 1 5 2 1 1 6 |realPatrol = 100|fitness = 12.249791506771418

第5个BestWave: 
6 1 3 1 1 5 1 6 6 |1 1 1 1 1 1 |1 4 1 1 1 1 1 1 1 |1 2 1 1 1 6 1 1 1 1 3 |1 1 1 2 4 1 2 2 1 1 1 1 6 1 2 1 5 |realPatrol = 100|fitness = 12.369207602368439

第6个BestWave: 
5 1 3 1 1 6 1 3 4 |1 1 1 1 1 1 |2 4 1 1 1 1 1 1 2 |1 1 2 1 1 5 1 2 2 1 2 |1 4 2 1 3 1 1 1 2 2 1 2 6 1 1 1 6 |realPatrol = 100|fitness = 12.140224592867657

第7个BestWave: 
5 2 2 1 1 4 1 6 6 |1 1 2 1 1 1 |1 5 1 1 1 1 1 1 1 |1 1 1 2 1 5 1 1 1 1 2 |1 5 1 1 1 1 1 2 1 1 2 2 6 2 1 1 6 |realPatrol = 100|fitness = 12.321916994267733

第8个BestWave: 
3 1 3 1 1 3 2 3 6 |1 1 1 1 2 1 |1 4 1 1 2 1 1 2 5 |1 1 1 1 1 5 1 1 2 1 4 |1 2 3 2 1 1 1 3 1 1 1 1 5 3 1 1 5 |realPatrol = 100|fitness = 11.885932454883402

第9个BestWave: 
4 1 3 1 1 4 1 5 6 |1 1 1 1 1 1 |1 2 1 1 1 1 1 1 4 |1 1 1 2 1 5 1 2 1 1 5 |1 3 2 3 1 1 2 1 1 1 1 1 5 3 1 1 6 |realPatrol = 100|fitness = 12.347644378923595

第10个BestWave: 
4 1 2 1 1 6 1 4 6 |1 1 1 1 1 1 |1 3 1 1 1 1 1 1 1 |1 1 1 1 1 5 1 1 2 1 3 |1 4 1 1 1 2 4 1 1 1 1 2 5 6 1 1 6 |realPatrol = 100|fitness = 12.030398580520075

第11个BestWave: 
5 1 6 1 1 4 1 3 6 |1 1 1 1 1 1 |1 4 1 1 2 1 1 4 3 |1 1 1 1 1 3 1 1 1 2 2 |1 4 2 1 1 1 1 3 2 1 1 1 4 1 1 2 6 |realPatrol = 100|fitness = 12.089120546091067

第12个BestWave: 
5 1 4 1 1 5 1 3 6 |1 1 1 1 1 1 |1 1 1 1 1 1 1 2 3 |1 1 1 1 1 5 1 1 1 1 2 |2 6 2 2 1 2 1 1 1 2 1 1 6 3 1 1 6 |realPatrol = 100|fitness = 12.099463398342271

第13个BestWave: 
6 1 3 1 1 3 1 4 5 |2 1 1 2 1 1 |1 4 1 1 1 1 1 1 3 |1 1 1 1 1 2 2 1 1 1 4 |1 4 3 1 2 1 2 1 2 2 1 1 5 3 1 1 6 |realPatrol = 100|fitness = 12.23788321638953

第14个BestWave: 
6 1 4 1 3 4 1 4 5 |1 1 1 1 1 1 |1 4 2 1 1 1 1 3 1 |1 1 1 1 1 3 1 1 1 1 2 |1 2 1 1 2 1 3 3 1 1 2 2 6 2 1 1 6 |realPatrol = 100|fitness = 12.251162631851708

第15个BestWave: 
5 1 2 1 1 4 1 3 6 |1 1 1 1 1 1 |1 2 1 2 1 1 1 4 2 |1 1 1 1 1 4 2 1 1 1 2 |1 3 2 1 3 1 1 3 2 1 1 5 5 3 1 1 5 |realPatrol = 100|fitness = 11.951928898893748

第16个BestWave: 
6 1 1 1 2 5 1 3 6 |1 1 1 1 1 1 |1 4 1 1 1 1 1 1 1 |1 1 3 1 1 5 2 2 1 1 2 |1 1 1 2 4 1 3 2 1 1 1 3 5 2 1 1 6 |realPatrol = 100|fitness = 12.025802515156286

第17个BestWave: 
6 1 5 1 2 5 1 1 4 |1 1 1 1 2 1 |2 3 1 1 1 1 1 1 2 |1 1 1 1 1 6 1 1 2 1 4 |1 1 1 5 1 1 1 2 1 1 1 1 5 4 1 1 6 |realPatrol = 100|fitness = 12.313786577519744

第18个BestWave: 
5 1 6 1 1 1 1 4 6 |1 1 1 1 1 1 |1 3 1 1 1 1 1 1 4 |1 1 1 1 1 6 1 1 1 1 3 |1 2 3 1 1 1 2 4 1 2 1 1 6 1 1 2 6 |realPatrol = 100|fitness = 12.328029770984127

第19个BestWave: 
5 1 4 1 1 4 1 2 6 |1 1 1 1 1 1 |1 2 1 1 1 1 1 1 1 |1 1 1 1 1 6 1 1 1 1 5 |1 4 4 2 2 1 3 2 1 2 2 1 5 1 1 1 6 |realPatrol = 100|fitness = 11.9915856009467

第20个BestWave: 
5 1 2 1 1 5 1 4 5 |1 1 1 1 1 1 |1 5 1 1 1 1 1 1 2 |1 1 1 1 1 6 1 1 1 1 4 |1 5 2 1 2 1 1 1 1 1 1 2 6 3 1 1 6 |realPatrol = 100|fitness = 12.477455019837587

第21个BestWave: 
5 1 3 1 1 4 1 5 5 |1 1 1 1 1 1 |1 5 1 1 1 1 1 1 5 |1 1 1 2 1 2 1 1 1 1 1 |1 5 1 1 1 1 2 3 1 1 1 1 5 5 1 2 6 |realPatrol = 100|fitness = 12.101010928229275

第22个BestWave: 
6 1 2 1 1 5 1 3 5 |1 1 1 1 2 1 |1 3 1 1 1 1 2 1 3 |2 1 1 1 1 3 2 1 1 1 5 |1 1 2 1 4 1 4 1 1 1 1 2 5 2 1 1 6 |realPatrol = 100|fitness = 12.2029612241608

第23个BestWave: 
4 1 3 1 1 5 1 1 6 |1 1 1 1 2 2 |1 2 1 1 1 1 1 1 3 |1 1 1 1 1 4 1 2 1 1 5 |1 3 2 2 3 1 1 1 1 1 1 3 6 4 1 1 6 |realPatrol = 100|fitness = 12.266717782845737

第24个BestWave: 
3 1 2 1 1 5 1 4 6 |1 1 1 2 1 1 |1 5 1 1 1 1 1 1 2 |1 1 1 1 1 4 1 1 1 1 5 |1 3 1 1 3 1 1 5 1 1 1 1 5 4 1 1 6 |realPatrol = 100|fitness = 12.191130510531648

第25个BestWave: 
4 1 5 1 2 6 1 2 5 |1 1 1 1 1 1 |1 4 1 1 1 1 1 1 2 |1 1 1 1 1 3 1 2 1 1 5 |1 4 2 1 2 1 2 3 1 1 1 2 5 2 1 2 5 |realPatrol = 100|fitness = 12.239262123251894

第26个BestWave: 
6 1 4 1 1 5 1 1 6 |1 1 1 1 2 1 |1 3 1 1 1 1 1 1 1 |1 1 1 1 1 6 1 1 2 2 3 |1 2 2 1 1 1 2 5 3 1 1 1 6 2 1 1 5 |realPatrol = 100|fitness = 12.209088366753504

第27个BestWave: 
5 1 2 1 1 4 1 2 6 |1 1 1 1 1 1 |1 5 1 1 1 1 2 1 4 |2 1 1 1 1 6 2 3 1 1 4 |1 3 2 2 3 1 1 2 1 1 1 1 3 1 1 1 6 |realPatrol = 100|fitness = 11.947060957868143

第28个BestWave: 
5 1 4 1 1 5 1 5 5 |1 1 1 1 2 1 |1 1 1 1 1 1 1 1 3 |1 1 1 1 1 4 1 1 1 1 5 |1 1 2 1 1 1 2 4 1 4 1 1 6 1 2 1 6 |realPatrol = 100|fitness = 12.161322093056452

第29个BestWave: 
6 1 3 1 2 4 1 4 6 |1 2 1 1 1 1 |1 2 1 1 1 1 2 1 2 |1 1 1 1 1 3 1 1 1 1 2 |2 2 2 1 2 1 2 5 1 1 1 1 6 5 1 1 5 |realPatrol = 100|fitness = 12.228082431714714

第30个BestWave: 
5 1 3 1 1 4 1 4 5 |1 1 1 1 2 1 |1 1 1 1 1 1 1 1 1 |1 1 1 1 1 6 2 2 1 1 1 |1 5 3 2 1 1 2 4 1 1 1 1 6 4 1 1 6 |realPatrol = 100|fitness = 12.193979245878362

第31个BestWave: 
5 2 2 1 1 4 1 4 6 |1 1 1 1 3 1 |1 4 1 1 1 1 3 1 4 |1 1 1 1 1 1 1 1 1 1 4 |1 2 3 1 1 1 1 3 1 1 2 2 6 2 1 1 6 |realPatrol = 100|fitness = 12.166517695603119

第32个BestWave: 
4 1 3 1 1 4 1 4 5 |1 1 1 1 2 1 |1 5 1 1 1 1 1 1 3 |1 1 1 1 1 6 1 1 1 1 2 |1 3 1 1 1 1 1 5 1 2 2 1 5 4 1 1 6 |realPatrol = 100|fitness = 12.38553140164543

第33个BestWave: 
5 1 3 1 1 4 1 4 6 |1 1 1 1 1 1 |1 3 1 1 1 2 1 1 1 |1 1 1 1 1 6 1 2 2 1 4 |1 4 1 2 1 1 1 1 3 1 1 3 5 2 1 1 6 |realPatrol = 100|fitness = 12.133907067478706

第34个BestWave: 
6 1 1 1 2 6 1 5 6 |1 1 2 1 1 2 |1 5 1 2 1 1 1 3 3 |1 1 1 1 1 5 1 1 1 1 1 |1 2 1 1 2 1 1 3 1 1 1 1 5 1 1 1 6 |realPatrol = 100|fitness = 12.255087459752865

第35个BestWave: 
6 1 3 1 2 3 2 3 6 |1 1 1 1 1 3 |1 3 1 1 1 1 1 2 2 |1 1 1 1 1 6 1 1 1 1 3 |1 4 1 1 1 1 3 3 1 2 1 1 6 2 1 1 4 |realPatrol = 100|fitness = 12.349089468073716

第36个BestWave: 
6 1 3 1 1 4 1 4 4 |1 1 1 1 1 1 |1 2 1 1 1 1 1 3 3 |1 1 2 1 1 6 1 1 1 1 4 |1 1 2 1 5 1 1 2 1 1 1 2 6 1 1 2 6 |realPatrol = 100|fitness = 12.004970981850498

第37个BestWave: 
5 1 1 1 1 6 1 3 6 |1 1 1 1 1 1 |1 3 1 1 1 1 1 1 2 |1 1 1 1 1 3 1 1 1 1 4 |1 2 2 1 2 1 1 4 1 4 1 4 6 3 1 1 6 |realPatrol = 100|fitness = 12.242266095552539

第38个BestWave: 
5 1 4 1 2 3 1 3 6 |1 1 1 1 1 1 |1 3 1 1 1 1 2 1 5 |1 1 1 1 1 6 1 2 1 1 1 |1 3 1 2 1 1 1 2 2 1 3 1 5 3 1 1 6 |realPatrol = 100|fitness = 12.229422607257163

第39个BestWave: 
5 1 3 1 1 5 1 4 6 |1 1 1 1 1 1 |1 2 1 1 1 2 1 1 2 |1 1 3 1 1 6 1 1 1 1 3 |1 3 4 1 2 1 2 2 1 1 1 1 6 2 1 1 5 |realPatrol = 100|fitness = 12.29984717131132

第40个BestWave: 
6 1 4 1 1 5 1 5 6 |1 1 1 1 3 1 |1 2 1 2 2 1 1 1 2 |1 1 1 1 1 4 2 1 1 1 1 |1 2 1 1 5 1 2 2 1 1 1 1 5 2 1 1 6 |realPatrol = 100|fitness = 12.302677634455948

第41个BestWave: 
6 1 1 1 1 4 1 4 6 |1 1 1 1 2 1 |1 4 1 1 1 1 1 1 2 |2 1 1 1 1 3 1 2 1 1 3 |1 3 2 3 2 2 2 1 2 1 1 2 6 2 1 1 6 |realPatrol = 100|fitness = 11.95416782150399

第42个BestWave: 
5 1 3 1 2 3 1 5 5 |1 1 1 1 1 1 |2 2 1 1 1 1 1 2 3 |1 1 1 1 1 6 2 1 1 1 6 |1 4 1 1 1 1 1 1 1 1 1 1 5 2 3 1 6 |realPatrol = 100|fitness = 12.309758333414955

第43个BestWave: 
5 1 1 1 1 5 1 5 6 |1 2 1 1 1 1 |1 3 1 1 1 1 1 2 2 |1 1 1 1 1 5 1 1 1 1 2 |1 3 2 1 2 1 1 5 3 1 1 1 6 1 1 2 6 |realPatrol = 100|fitness = 12.11342020820403

第44个BestWave: 
4 1 3 1 3 5 1 4 5 |1 1 1 1 1 1 |1 6 1 1 1 1 1 3 1 |1 1 1 1 1 4 1 1 1 1 5 |1 1 4 1 1 1 2 1 1 1 1 1 6 3 1 1 6 |realPatrol = 100|fitness = 12.238229035050715

第45个BestWave: 
6 1 3 1 1 5 1 5 4 |1 1 1 1 1 1 |1 3 2 1 1 1 1 2 1 |1 1 1 1 1 4 1 1 1 1 4 |1 5 2 1 1 1 1 6 1 1 1 1 5 2 1 1 6 |realPatrol = 100|fitness = 12.507114554540369

第46个BestWave: 
5 1 3 1 2 4 1 3 6 |1 1 1 1 1 1 |1 4 1 1 1 1 1 1 1 |1 1 1 1 1 4 1 1 1 1 4 |2 5 1 1 2 1 3 3 2 1 1 1 5 3 2 1 5 |realPatrol = 100|fitness = 12.154319752764643

第47个BestWave: 
6 1 2 1 2 4 1 1 5 |1 1 1 1 1 1 |1 4 1 1 2 1 1 4 3 |1 1 1 1 1 6 1 1 1 2 2 |1 5 1 3 1 1 1 2 1 1 1 1 6 2 1 1 6 |realPatrol = 100|fitness = 12.050090442085681

第48个BestWave: 
6 1 2 1 2 4 1 3 5 |1 1 1 1 1 1 |1 3 1 1 1 1 1 1 2 |1 2 1 1 1 5 1 1 2 1 4 |1 3 1 1 2 1 1 1 1 1 1 5 6 5 1 1 5 |realPatrol = 100|fitness = 12.192251013741444

第49个BestWave: 
6 1 3 1 2 4 1 4 5 |1 1 1 1 1 1 |1 3 1 1 1 1 1 1 1 |1 1 1 2 1 3 1 1 1 1 3 |1 4 1 2 3 1 2 4 1 1 1 2 6 3 1 1 6 |realPatrol = 100|fitness = 12.182867534615431

第50个BestWave: 
5 1 2 1 1 5 1 3 5 |1 1 1 1 1 1 |1 2 1 1 1 1 1 2 3 |2 1 1 1 1 5 1 1 1 1 5 |1 5 3 1 2 1 5 1 1 1 1 1 5 1 1 1 6 |realPatrol = 100|fitness = 12.257364287830574

第51个BestWave: 
6 1 2 1 1 4 1 3 6 |1 1 1 1 1 1 |1 2 1 1 2 1 1 1 1 |1 1 1 1 1 5 1 1 1 1 4 |1 4 1 3 2 1 2 1 1 2 1 4 5 4 1 1 6 |realPatrol = 100|fitness = 12.141020350235266

第52个BestWave: 
3 1 6 1 1 4 1 3 5 |1 1 1 1 1 1 |1 4 1 1 1 1 1 1 1 |2 1 1 1 1 6 1 1 1 1 6 |1 3 3 1 1 1 3 1 1 1 1 1 5 4 1 1 6 |realPatrol = 100|fitness = 12.14885834454136

第53个BestWave: 
6 1 4 1 1 4 1 3 5 |1 1 1 1 2 1 |1 5 2 1 1 1 1 1 3 |1 1 1 1 2 5 1 1 1 1 1 |1 3 3 1 2 1 3 2 1 1 1 2 5 1 1 1 6 |realPatrol = 100|fitness = 12.251572661707128

第54个BestWave: 
6 1 3 1 1 4 1 1 6 |2 1 1 1 1 1 |1 4 1 1 1 1 1 2 1 |1 1 1 1 1 6 1 3 1 1 1 |1 5 3 1 1 1 2 1 1 2 1 2 6 4 1 1 5 |realPatrol = 100|fitness = 11.940038568608282

第55个BestWave: 
5 1 2 1 2 3 1 5 6 |1 1 1 1 2 2 |1 2 1 1 1 1 1 1 2 |1 1 1 1 1 6 1 2 2 1 3 |1 4 1 1 2 1 2 4 2 1 1 1 5 1 1 1 6 |realPatrol = 100|fitness = 12.280590113025541

第56个BestWave: 
4 1 3 1 1 6 1 3 5 |1 1 1 2 2 1 |1 2 1 1 1 1 1 1 4 |1 1 1 1 1 4 2 2 1 1 1 |1 4 1 1 4 2 2 2 1 1 1 2 6 2 1 1 6 |realPatrol = 100|fitness = 12.03421933652709

第57个BestWave: 
4 1 5 1 1 5 2 3 5 |1 1 1 1 1 2 |1 3 1 1 1 1 1 3 2 |1 1 1 1 1 5 1 2 1 1 2 |1 2 1 1 1 1 3 3 1 1 2 1 6 3 1 2 5 |realPatrol = 100|fitness = 12.131711850450952

第58个BestWave: 
5 1 6 1 1 5 1 2 6 |1 1 1 1 1 1 |1 5 1 1 1 2 1 1 4 |1 1 1 1 1 1 1 2 1 1 5 |1 3 3 1 1 1 1 2 1 1 1 2 6 2 1 1 5 |realPatrol = 100|fitness = 12.333955318490101

第59个BestWave: 
5 1 4 1 1 3 1 4 6 |2 1 1 1 1 1 |1 5 1 1 1 1 1 1 1 |1 1 1 1 1 5 2 1 1 1 5 |1 4 5 2 1 1 1 1 1 1 1 3 4 1 1 1 5 |realPatrol = 100|fitness = 12.100665951782261

第60个BestWave: 
5 1 2 1 2 5 1 6 5 |1 1 1 1 1 2 |1 2 1 1 1 1 1 1 2 |2 1 1 1 1 5 1 1 2 1 2 |1 3 4 1 2 1 2 2 1 1 1 1 5 3 1 1 6 |realPatrol = 100|fitness = 12.231774041966613

最优解的最大适应度：12.507114554540369
最优解的最小适应度：11.885932454883402
最优解的平均适应度：12.187218146740802
估计标准差值：0.1344309851816332
最优解的最佳分配：
6 1 3 1 1 5 1 5 4 |1 1 1 1 1 1 |1 3 2 1 1 1 1 2 1 |1 1 1 1 1 4 1 1 1 1 4 |1 5 2 1 1 1 1 6 1 1 1 1 5 2 1 1 6 |100|realPatrol = 100
WWO算法运行求解巡逻调度问题耗时：0小时，2分钟，27秒
