第1个BestWave: 
5 1 3 1 1 2 2 5 6 |1 1 1 1 2 1 |1 2 1 1 1 1 1 1 4 |2 2 2 1 1 1 1 1 1 2 1 |1 3 3 1 3 1 1 1 1 3 1 2 6 3 2 1 6 |realPatrol = 100|fitness = 11.635464554805342

第2个BestWave: 
6 1 2 1 1 5 1 6 5 |1 1 1 1 1 1 |1 3 1 2 1 1 2 1 2 |1 1 1 2 1 3 1 1 1 1 1 |1 2 1 1 2 1 4 3 1 3 1 4 6 1 2 1 4 |realPatrol = 100|fitness = 11.95009710157031

第3个BestWave: 
5 1 3 1 1 2 1 3 6 |2 1 1 1 1 1 |1 2 1 1 1 1 1 2 2 |1 3 2 1 1 4 1 1 1 1 5 |1 1 3 1 1 1 3 3 3 1 1 3 5 2 1 1 6 |realPatrol = 100|fitness = 11.912045868301009

第4个BestWave: 
3 1 1 1 2 3 1 6 5 |1 1 1 1 2 1 |1 2 1 1 1 1 2 1 3 |1 1 2 1 1 2 1 1 1 2 3 |2 3 2 3 2 1 1 1 1 2 1 2 6 4 1 3 6 |realPatrol = 100|fitness = 11.675200866629453

第5个BestWave: 
4 1 3 1 2 3 1 3 5 |1 1 1 1 1 1 |1 5 1 2 1 1 3 1 1 |1 1 1 1 1 3 2 2 1 1 1 |1 3 1 1 4 1 3 4 1 1 1 2 3 4 1 3 6 |realPatrol = 100|fitness = 11.85346067446359

第6个BestWave: 
4 2 1 1 2 5 2 5 5 |1 1 1 1 1 1 |1 1 1 1 1 1 1 1 5 |1 1 1 1 1 1 1 4 1 2 2 |1 4 2 1 3 1 1 3 1 2 1 1 6 4 1 1 5 |realPatrol = 100|fitness = 11.732623149322075

第7个BestWave: 
3 1 4 1 3 4 1 3 4 |1 1 1 1 2 1 |1 2 1 1 1 1 2 1 3 |2 1 1 1 1 5 1 1 1 1 1 |1 4 1 1 1 1 3 3 2 3 1 1 6 5 1 1 5 |realPatrol = 100|fitness = 11.835323045739921

第8个BestWave: 
4 1 4 1 1 4 2 4 3 |1 1 2 2 1 1 |1 4 1 1 1 1 1 2 1 |2 1 1 1 1 6 1 1 1 1 2 |1 3 1 4 4 1 2 1 1 2 1 1 6 1 1 1 6 |realPatrol = 100|fitness = 11.955201998017973

第9个BestWave: 
4 1 2 1 1 5 2 1 6 |1 1 1 2 1 1 |1 5 1 1 1 1 1 4 3 |1 1 1 1 1 4 1 1 1 1 2 |3 5 1 1 1 1 1 1 1 1 1 5 4 1 1 3 6 |realPatrol = 100|fitness = 11.785006013562228

第10个BestWave: 
5 1 4 2 1 4 1 2 5 |2 1 1 1 1 1 |1 1 1 1 1 1 2 5 1 |1 1 1 1 1 6 1 1 1 1 2 |1 5 2 2 1 1 2 1 1 1 1 2 4 5 1 1 6 |realPatrol = 100|fitness = 11.820763504511476

第11个BestWave: 
6 1 5 1 1 2 1 5 5 |1 1 1 1 1 1 |1 3 1 1 1 1 2 2 6 |1 1 1 1 1 2 4 1 1 1 2 |1 2 2 2 1 2 1 2 2 1 1 1 4 3 1 1 6 |realPatrol = 100|fitness = 11.92508680817715

第12个BestWave: 
4 1 1 1 1 3 1 4 5 |1 1 1 1 1 1 |1 4 1 1 1 1 1 1 3 |2 1 1 1 1 6 1 1 1 2 1 |1 2 1 1 4 2 1 3 2 3 1 5 5 1 1 2 6 |realPatrol = 100|fitness = 11.730709230871968

第13个BestWave: 
5 1 1 1 1 3 2 4 4 |1 1 1 1 1 1 |1 3 1 1 1 1 1 1 3 |2 3 1 1 1 6 1 1 1 1 4 |1 5 2 2 5 1 1 1 1 1 1 1 4 2 1 2 6 |realPatrol = 100|fitness = 11.704290962680926

第14个BestWave: 
4 1 1 1 1 6 1 4 6 |1 1 1 1 1 1 |1 1 1 1 1 1 1 1 2 |1 1 1 1 1 4 1 2 1 1 1 |1 2 6 3 3 1 1 1 2 4 1 1 5 2 3 2 6 |realPatrol = 100|fitness = 11.458503499513863

第15个BestWave: 
6 2 4 1 1 5 1 3 3 |1 1 1 1 1 1 |1 1 1 1 1 1 2 1 1 |1 1 1 1 1 2 2 1 1 1 4 |1 4 5 2 1 1 1 2 2 2 1 3 6 2 1 2 6 |realPatrol = 100|fitness = 11.682839267132636

第16个BestWave: 
5 1 3 1 2 4 1 5 5 |1 1 1 1 3 1 |2 2 2 1 1 1 4 1 1 |1 1 1 1 1 5 1 1 1 1 1 |1 3 1 3 1 2 1 1 1 1 1 4 4 3 1 1 6 |realPatrol = 100|fitness = 11.707061505398455

第17个BestWave: 
4 1 3 1 2 3 1 3 5 |1 1 2 1 2 1 |1 1 1 1 1 1 1 1 5 |1 1 2 1 1 5 1 1 1 1 1 |1 4 4 1 1 1 3 2 1 2 2 3 6 1 1 2 5 |realPatrol = 100|fitness = 11.617176513616002

第18个BestWave: 
4 1 3 1 1 4 1 3 6 |1 1 1 1 2 1 |1 4 1 1 1 1 1 1 2 |1 1 1 2 1 5 2 1 3 1 3 |1 4 2 2 1 1 2 1 3 1 2 1 6 1 1 1 5 |realPatrol = 100|fitness = 11.983341917512478

第19个BestWave: 
6 1 1 1 1 6 1 1 5 |1 3 1 1 1 1 |2 3 1 1 1 1 1 2 1 |1 1 2 1 1 6 2 1 1 2 3 |1 4 2 2 1 1 1 5 1 1 1 1 4 4 1 1 4 |realPatrol = 100|fitness = 11.783968861314596

第20个BestWave: 
2 1 2 1 1 6 1 4 6 |1 1 2 2 1 2 |1 4 1 1 1 1 1 2 1 |2 1 1 1 1 2 1 2 1 1 1 |2 3 5 3 1 1 1 2 1 1 3 2 5 2 1 1 6 |realPatrol = 100|fitness = 11.469190836180204

第21个BestWave: 
5 1 1 1 2 3 1 2 6 |1 2 1 1 1 1 |1 3 1 1 2 1 1 1 3 |1 1 1 1 1 6 1 1 2 1 2 |2 5 2 1 1 1 1 3 3 1 1 2 4 5 1 2 4 |realPatrol = 100|fitness = 11.69676774716067

第22个BestWave: 
2 1 2 1 3 3 1 3 6 |1 1 1 1 1 1 |1 2 1 1 1 2 1 1 5 |1 1 1 1 1 3 1 1 1 1 5 |1 2 2 2 1 1 2 3 1 2 2 4 6 3 1 1 6 |realPatrol = 100|fitness = 11.880272859308102

第23个BestWave: 
5 1 4 1 2 6 1 3 5 |1 1 1 1 3 1 |1 3 1 1 1 1 1 1 2 |1 1 1 1 1 3 1 2 2 2 1 |1 3 1 1 2 1 1 1 1 1 2 1 6 6 1 1 6 |realPatrol = 100|fitness = 11.937050151354377

第24个BestWave: 
4 1 1 1 1 3 4 2 5 |1 1 1 1 2 1 |1 5 1 1 1 1 1 1 2 |1 1 1 1 1 3 2 3 1 1 4 |1 5 1 2 2 1 1 4 1 3 1 2 4 2 1 1 6 |realPatrol = 100|fitness = 11.756483952885308

第25个BestWave: 
5 1 2 1 3 5 1 4 4 |1 1 2 1 1 1 |3 2 1 1 1 1 1 1 2 |1 1 1 1 1 5 1 1 1 1 2 |1 3 3 1 4 1 2 1 1 1 1 4 5 3 1 2 4 |realPatrol = 100|fitness = 11.759954373855487

第26个BestWave: 
6 1 4 1 1 5 1 3 6 |1 1 1 1 3 1 |1 4 3 1 1 1 3 1 3 |1 1 1 1 1 1 1 1 1 2 1 |1 3 1 1 2 2 1 2 3 1 1 1 3 4 1 1 6 |realPatrol = 100|fitness = 11.812177589197274

第27个BestWave: 
4 1 3 1 1 2 1 1 6 |1 1 1 1 1 1 |1 2 2 1 1 1 1 1 1 |1 1 1 1 1 4 3 1 1 3 3 |1 4 3 3 2 1 1 2 1 1 1 5 5 4 1 2 6 |realPatrol = 100|fitness = 11.587955420417495

第28个BestWave: 
6 1 2 2 1 4 1 3 4 |1 1 1 1 1 1 |2 5 1 1 1 1 3 2 2 |1 1 1 1 1 4 1 1 1 1 2 |2 3 1 1 2 1 1 2 3 1 1 1 6 2 3 1 6 |realPatrol = 100|fitness = 11.902485648077294

第29个BestWave: 
6 1 4 2 2 4 1 1 4 |1 1 2 1 1 1 |1 3 2 1 1 1 3 1 1 |1 1 1 1 1 5 1 1 1 1 3 |1 4 2 1 2 2 2 4 1 1 1 1 4 4 1 1 5 |realPatrol = 100|fitness = 11.683431094113233

第30个BestWave: 
6 1 2 1 1 3 1 3 5 |1 1 2 1 1 2 |2 1 1 1 1 1 2 2 4 |1 1 1 1 1 4 2 1 1 1 1 |1 4 3 1 5 1 1 4 1 1 1 2 4 3 1 1 5 |realPatrol = 100|fitness = 11.607606167292822

第31个BestWave: 
5 1 2 2 1 4 1 6 4 |1 1 1 2 1 2 |1 2 1 2 1 1 2 2 1 |1 1 1 1 3 5 3 2 1 1 2 |1 2 3 1 2 1 2 2 1 1 1 1 5 1 1 1 6 |realPatrol = 100|fitness = 11.873025215741714

第32个BestWave: 
6 1 4 2 1 4 1 1 4 |1 1 1 1 3 1 |2 2 1 1 1 1 1 2 1 |1 1 2 1 1 4 2 1 1 2 3 |1 4 1 1 2 2 2 2 1 3 1 1 5 3 2 1 5 |realPatrol = 100|fitness = 11.682048685340884

第33个BestWave: 
5 1 1 1 4 3 3 4 4 |1 1 1 1 1 1 |1 2 1 1 1 1 2 2 2 |1 1 2 1 1 4 3 2 1 1 4 |1 5 1 1 3 1 1 2 1 3 1 1 5 2 1 1 4 |realPatrol = 100|fitness = 11.633058426300217

第34个BestWave: 
5 1 1 1 2 4 1 5 5 |1 1 1 1 1 1 |1 1 1 1 1 1 1 1 4 |1 1 1 1 1 2 1 1 1 2 2 |1 5 1 1 3 2 4 2 1 3 2 2 5 4 1 1 5 |realPatrol = 100|fitness = 11.621586467484494

第35个BestWave: 
5 1 2 1 1 4 1 6 4 |1 1 1 1 1 1 |1 3 1 1 1 1 1 1 3 |1 1 1 1 1 2 2 1 1 1 1 |1 3 1 4 4 1 2 3 1 2 1 3 6 4 1 2 4 |realPatrol = 100|fitness = 11.854677407031332

第36个BestWave: 
5 1 6 1 1 2 1 3 5 |1 1 1 1 5 1 |1 2 1 2 1 2 2 1 1 |1 1 1 1 1 4 2 1 1 1 3 |2 1 2 1 1 1 1 2 1 3 3 1 6 4 1 1 4 |realPatrol = 100|fitness = 11.704273793779324

第37个BestWave: 
3 1 2 1 1 3 1 5 4 |1 1 1 3 4 1 |2 1 1 1 1 1 2 2 2 |1 1 1 2 1 4 1 1 1 1 2 |1 3 2 2 6 1 1 3 1 1 1 1 4 5 1 1 5 |realPatrol = 100|fitness = 11.567337467639337

第38个BestWave: 
5 1 4 1 1 4 1 4 5 |1 1 1 1 2 1 |1 3 1 1 1 1 1 2 2 |3 1 1 1 1 3 2 1 2 1 2 |1 1 1 1 2 2 6 2 1 1 2 2 4 1 2 1 6 |realPatrol = 100|fitness = 11.798829451122389

第39个BestWave: 
3 1 1 1 2 3 1 4 5 |1 1 1 1 2 1 |1 5 1 1 1 1 3 4 3 |1 1 1 1 1 2 1 1 1 1 3 |2 3 4 2 1 2 1 2 1 1 2 1 4 4 1 1 6 |realPatrol = 100|fitness = 11.73488609813259

第40个BestWave: 
4 1 2 1 2 5 2 2 4 |1 1 1 1 1 2 |1 5 1 2 1 1 1 1 2 |1 1 1 1 1 4 1 3 1 1 2 |1 4 2 1 2 1 3 1 2 3 1 1 6 2 1 2 5 |realPatrol = 100|fitness = 11.75217372362106

第41个BestWave: 
2 1 1 1 1 3 1 3 6 |1 1 1 1 2 1 |2 5 1 1 1 1 1 1 5 |1 2 1 1 2 6 3 1 1 1 2 |1 3 2 3 1 1 2 1 1 1 2 2 5 1 1 2 6 |realPatrol = 100|fitness = 11.714920262497513

第42个BestWave: 
5 1 5 1 1 4 1 4 4 |1 1 1 1 1 2 |1 3 1 2 1 2 1 1 1 |1 1 1 1 1 3 1 2 1 1 4 |1 2 4 1 2 1 2 1 1 1 1 3 5 1 2 3 6 |realPatrol = 100|fitness = 11.775592518844165

第43个BestWave: 
5 1 2 3 1 4 1 4 5 |1 1 1 1 1 1 |1 2 1 1 1 1 1 1 1 |1 1 1 1 1 5 2 1 1 1 4 |2 2 2 3 2 1 2 2 1 4 3 1 3 3 1 1 6 |realPatrol = 100|fitness = 11.644941678690913

第44个BestWave: 
5 1 1 1 1 4 1 4 6 |2 2 1 1 3 1 |1 4 1 1 1 1 2 3 2 |1 1 3 1 1 1 1 1 1 1 1 |1 1 2 1 1 1 3 3 1 2 1 3 5 2 1 3 6 |realPatrol = 100|fitness = 11.790392810102025

第45个BestWave: 
5 1 1 1 1 4 1 2 5 |1 1 1 1 2 1 |1 5 1 1 1 1 3 4 4 |1 1 1 1 1 4 3 3 2 1 2 |1 1 1 1 1 1 1 2 1 3 1 1 6 2 1 1 6 |realPatrol = 100|fitness = 12.056083405829215

第46个BestWave: 
6 1 1 1 1 4 1 5 6 |1 1 1 1 1 1 |1 5 1 1 1 1 1 1 2 |1 1 2 2 1 3 1 2 1 1 3 |2 3 2 2 1 1 2 2 1 1 1 2 5 4 2 1 4 |realPatrol = 100|fitness = 12.065030987704022

第47个BestWave: 
4 1 3 1 1 5 1 3 5 |2 1 1 1 1 1 |1 1 1 1 1 1 1 2 2 |2 1 1 1 1 2 2 1 1 1 2 |1 1 4 1 2 1 2 4 3 2 1 4 6 2 2 1 6 |realPatrol = 100|fitness = 11.762544481620546

第48个BestWave: 
4 1 5 1 1 2 1 2 5 |1 1 1 1 1 1 |1 3 1 1 1 1 1 1 5 |2 1 1 1 1 3 1 1 1 2 1 |1 6 4 1 1 1 1 6 1 2 1 1 6 2 1 2 5 |realPatrol = 100|fitness = 11.816396687224728

第49个BestWave: 
4 1 2 1 2 3 1 2 4 |1 1 2 2 1 1 |1 3 1 1 1 1 1 1 3 |1 1 1 2 1 6 2 4 2 1 1 |1 4 2 1 3 1 1 3 1 1 1 3 4 2 1 2 6 |realPatrol = 100|fitness = 11.740183563087779

第50个BestWave: 
3 1 5 1 1 4 1 1 5 |1 2 1 1 2 1 |1 3 1 1 1 2 1 3 4 |1 1 2 1 1 4 1 1 1 2 3 |1 1 1 1 4 2 3 1 1 1 1 1 6 3 1 1 6 |realPatrol = 100|fitness = 11.76480313756788

第51个BestWave: 
6 1 2 1 1 4 2 5 5 |1 1 1 2 1 2 |2 5 1 1 1 1 1 1 2 |1 1 1 1 2 1 1 1 1 1 2 |1 3 1 2 3 1 2 2 2 1 2 2 4 3 2 1 5 |realPatrol = 100|fitness = 11.663679298730587

第52个BestWave: 
5 1 1 1 1 5 1 1 5 |2 1 1 1 1 1 |1 3 1 1 1 1 1 1 4 |1 1 1 1 1 6 1 2 1 2 4 |1 1 1 2 1 1 4 3 1 2 3 1 6 1 1 2 6 |realPatrol = 100|fitness = 11.636197576046676

第53个BestWave: 
6 1 4 1 1 1 1 4 4 |1 1 2 1 1 1 |2 2 2 1 1 1 2 1 3 |1 1 1 1 1 6 2 1 1 1 2 |1 2 1 1 2 1 1 3 2 1 1 5 5 3 1 2 5 |realPatrol = 100|fitness = 11.680626028595821

第54个BestWave: 
4 1 1 1 1 4 1 4 5 |1 1 1 1 3 1 |1 1 2 1 1 1 1 3 1 |1 1 1 1 1 1 1 3 2 1 4 |1 3 3 2 3 2 2 3 1 1 2 1 6 3 1 1 6 |realPatrol = 100|fitness = 11.728857471582973

第55个BestWave: 
5 2 4 1 1 3 1 2 2 |1 3 1 1 1 1 |4 5 1 1 1 1 1 3 4 |1 1 1 1 1 4 1 1 1 1 1 |1 5 1 1 1 1 4 3 1 1 1 2 4 1 2 1 6 |realPatrol = 100|fitness = 11.656179494980204

第56个BestWave: 
4 1 1 1 1 6 2 6 6 |1 1 1 1 1 1 |1 2 1 1 1 2 1 1 2 |1 1 1 1 1 4 1 1 3 1 3 |1 4 2 2 2 1 1 3 1 2 1 1 6 1 1 1 6 |realPatrol = 100|fitness = 11.876090250916395

第57个BestWave: 
4 1 5 1 1 4 1 4 3 |1 1 1 1 1 1 |1 2 1 1 1 1 1 3 2 |1 1 3 1 2 5 1 2 2 1 2 |1 3 1 2 3 1 2 2 2 1 1 3 5 1 1 1 6 |realPatrol = 100|fitness = 11.982574248088957

第58个BestWave: 
5 1 5 1 1 4 2 2 5 |1 1 1 1 1 1 |1 4 1 1 1 1 1 1 4 |1 1 1 1 1 5 1 2 1 1 2 |1 2 4 1 1 1 4 2 1 1 1 4 3 4 1 1 4 |realPatrol = 100|fitness = 11.71947766016815

第59个BestWave: 
4 1 2 1 1 5 1 3 6 |1 1 1 1 1 1 |1 3 1 2 1 1 1 1 3 |1 1 1 1 1 2 2 1 1 1 3 |1 3 3 1 2 2 4 3 2 2 1 2 3 4 2 1 5 |realPatrol = 100|fitness = 11.848271121959291

第60个BestWave: 
4 1 2 1 1 3 1 3 5 |1 1 1 1 2 1 |1 5 1 1 1 2 1 1 1 |1 1 2 1 1 4 2 1 1 1 1 |1 4 2 1 1 1 3 2 3 2 2 2 6 4 1 1 6 |realPatrol = 100|fitness = 11.85283499941771

最优解的最大适应度：12.065030987704022
最优解的最小适应度：11.458503499513863
最优解的平均适应度：11.763985260047214
估计标准差值：0.12930018925300893
最优解的最佳分配：
6 1 1 1 1 4 1 5 6 |1 1 1 1 1 1 |1 5 1 1 1 1 1 1 2 |1 1 2 2 1 3 1 2 1 1 3 |2 3 2 2 1 1 2 2 1 1 1 2 5 4 2 1 4 |100|realPatrol = 100
WWO算法运行求解巡逻调度问题耗时：0小时，0分钟，43秒
