===============第1个最优解如下===============
最佳适宜值为：
113.8786388195388
最佳迁移代数为：
119999
最佳分配序列为：
1 1 1 1 1 1 1 1 1 1 1 1 1 6 1 6 4 1 |1 1 1 4 1 2 1 2 1 1 1 |3 1 1 1 1 2 1 5 1 1 1 1 |1 1 1 1 6 1 4 1 1 3 6 3 1 1 1 1 |1 1 1 1 1 1 1 1 3 1 |4 1 1 1 1 1 1 1 1 1 1 1 1 4 1 6 1 |1 1 1 1 1 4 2 1 2 1 1 1 2 1 1 1 1 1 |1 1 2 1 1 1 3 |2 1 1 1 1 3 1 1 1 1 2 1 1 1 1 1 2 1 |1 1 1 1 1 1 2 1 1 3 1 1 1 1 1 1 1 1 1 |1 1 1 1 1 3 |1 1 1 1 1 1 1 1 1 1 |1 1 1 5 1 5 1 1 1 1 6 1 1 4 1 1 5 1 1 |1 1 4 6 1 4 1 6 2 |1 1 1 1 6 1 |1 1 3 1 1 1 1 1 1 1 4 1 1 1 1 1 1 |6 1 1 1 1 1 3 1 1 1 1 1 1 1 |1 1 1 1 1 1 1 1 |1 1 1 6 1 1 1 |1 1 1 1 1 1 1 1 1 1 1 1 1 1 1 1 |1 1 1 1 1 1 1 1 1 1 1 1 1 1 1 |1 6 1 1 1 2 1 1 1 1 2 1 1 2 1 1 1 4 |1 1 1 1 2 1 1 1 2 1 1 3 1 1 4 1 |1 1 1 2 1 1 1 1 1 1 1 1 2 1 |6 1 1 1 1 1 2 2 1 |1 1 1 1 6 6 1 1 3 1 1 1 1 1 1 1 1 2 5 1 |1 1 1 1 1 1 1 1 1 1 1 1 1 |3 1 1 1 1 4 1 1 1 1 1 3 4 1 1 1 1 1 1 1 |1 1 1 1 1 6 |3 1 1 1 1 1 6 1 1 1 1 1 |num = 600

===============第2个最优解如下===============
最佳适宜值为：
105.04426766549972
最佳迁移代数为：
119999
最佳分配序列为：
1 1 1 1 1 1 2 2 2 1 1 2 1 2 1 6 3 1 |1 1 1 4 1 2 1 2 1 1 1 |2 1 1 1 1 3 1 4 1 1 1 1 |1 2 1 1 3 1 2 1 2 2 3 3 1 1 1 1 |1 1 2 1 1 1 1 1 4 1 |4 2 1 1 1 2 1 1 1 1 1 1 1 2 1 5 1 |1 1 1 1 1 3 1 1 3 2 1 1 1 1 1 1 2 1 |1 1 2 1 1 1 1 |2 1 1 1 3 2 1 1 1 1 3 1 1 1 1 1 4 1 |3 1 1 1 1 1 3 1 1 2 1 1 1 1 1 1 1 2 1 |1 1 1 1 1 3 |1 1 1 1 1 1 1 1 1 2 |1 2 1 4 1 2 4 1 1 1 2 1 2 1 1 1 3 1 1 |1 1 4 6 1 2 1 5 2 |1 1 2 1 3 1 |2 1 3 1 1 1 2 1 1 2 4 2 1 2 1 1 1 |6 1 1 2 1 1 3 1 1 1 1 1 1 1 |1 1 1 1 1 1 1 1 |1 1 1 4 1 1 1 |3 2 2 1 1 1 1 1 1 1 1 2 1 1 1 1 |1 1 1 1 1 2 1 1 2 3 2 1 1 1 1 |1 5 1 1 1 2 1 1 2 1 2 1 1 2 3 2 1 3 |1 1 1 1 2 1 1 1 3 1 1 2 1 1 4 2 |1 1 1 2 1 1 1 1 1 1 1 3 2 1 |3 1 1 1 1 1 2 2 1 |1 1 1 1 6 6 1 1 3 1 1 1 1 1 1 1 1 2 5 1 |1 1 1 2 1 1 1 1 2 2 1 1 1 |3 1 1 1 1 4 1 1 1 1 1 2 3 1 1 1 1 1 1 1 |1 1 1 1 2 6 |3 1 1 1 1 1 3 1 1 1 1 1 |num = 600

===============第3个最优解如下===============
最佳适宜值为：
109.40939468606857
最佳迁移代数为：
119999
最佳分配序列为：
1 1 1 1 1 1 1 1 1 1 1 2 1 5 1 4 3 1 |1 1 1 3 1 1 1 4 1 2 1 |3 1 1 1 1 1 1 6 1 1 1 1 |1 1 1 1 5 1 4 1 1 2 4 2 1 1 1 1 |1 1 2 1 1 1 1 1 4 1 |3 1 1 1 1 1 1 1 1 1 1 1 1 4 1 6 1 |1 1 2 1 1 3 2 1 2 2 1 1 2 1 1 1 2 1 |1 1 1 1 1 1 2 |1 1 1 1 3 2 1 1 1 1 3 1 1 1 1 1 2 1 |1 1 1 1 1 1 2 1 1 3 1 1 1 1 1 1 1 1 1 |1 1 1 1 1 3 |1 1 1 1 1 1 1 1 1 1 |1 2 1 6 1 3 1 1 1 2 4 1 2 3 1 1 4 1 1 |1 1 2 6 1 3 1 4 1 |1 1 1 1 5 1 |2 1 5 1 1 1 1 1 1 1 3 1 1 1 1 1 1 |6 1 1 2 1 1 4 1 1 1 1 1 1 1 |1 1 1 1 1 1 1 1 |1 1 1 6 1 1 1 |3 1 3 1 1 1 1 1 1 1 1 2 1 1 1 1 |1 1 1 1 1 1 1 1 1 2 1 1 1 1 1 |1 5 1 1 1 2 1 1 1 1 2 1 1 1 1 1 1 3 |1 1 1 2 2 1 1 1 3 1 1 2 1 1 3 1 |1 1 1 1 1 1 1 1 1 1 1 1 2 1 |6 1 1 2 1 1 3 2 1 |1 1 1 1 4 6 1 1 6 1 1 1 1 1 1 1 1 3 5 1 |2 1 1 3 2 1 1 1 1 1 1 1 1 |4 1 1 1 1 3 1 1 1 1 1 1 2 1 2 1 1 1 1 1 |1 1 1 2 4 6 |4 1 1 1 1 1 4 1 1 1 1 1 |num = 600

===============第4个最优解如下===============
最佳适宜值为：
107.08456678409944
最佳迁移代数为：
119999
最佳分配序列为：
1 1 1 1 1 1 1 1 1 1 1 2 1 4 1 5 3 1 |1 1 1 5 1 4 1 4 1 2 1 |2 2 1 1 1 1 1 4 1 1 2 1 |1 1 1 1 2 1 4 1 1 3 4 1 1 1 1 1 |1 1 2 2 1 1 1 1 3 1 |1 1 1 1 1 2 1 1 2 1 1 1 1 4 1 4 1 |1 1 1 1 1 5 2 1 1 3 1 1 3 1 1 1 2 1 |1 1 3 1 1 1 3 |2 1 1 1 2 2 1 1 1 1 2 1 1 1 1 1 2 1 |2 1 1 1 1 1 2 1 1 2 1 1 1 1 1 1 1 1 1 |1 1 1 1 1 2 |1 1 1 1 1 1 1 1 1 2 |2 2 1 6 1 2 1 1 1 3 6 1 1 1 1 1 1 1 1 |1 1 3 6 1 1 1 6 1 |1 2 1 1 3 1 |1 1 3 1 1 2 1 1 1 1 3 2 1 1 1 1 1 |6 1 1 2 1 1 4 1 1 1 1 1 1 1 |1 1 1 1 1 1 1 2 |1 1 1 2 1 1 1 |3 1 1 1 1 1 1 1 2 2 1 2 1 1 1 1 |1 2 1 1 1 1 2 1 2 1 2 1 1 1 1 |1 5 1 1 1 1 1 1 1 1 1 1 1 3 2 1 1 4 |1 1 1 2 3 1 1 1 3 1 1 3 1 1 1 2 |1 1 1 1 1 1 1 1 1 2 1 1 2 1 |5 2 1 1 1 1 3 3 1 |1 1 1 1 4 5 1 1 6 1 1 1 1 1 1 1 1 2 4 1 |1 1 1 2 1 1 1 2 1 1 1 1 1 |3 1 1 1 1 3 1 1 1 1 1 2 4 1 2 1 1 1 1 1 |1 1 1 1 3 6 |4 1 1 1 1 1 5 1 2 1 1 1 |num = 600

===============第5个最优解如下===============
最佳适宜值为：
112.8233694120727
最佳迁移代数为：
119999
最佳分配序列为：
1 1 1 1 1 1 1 1 1 1 1 1 1 6 1 5 1 1 |1 1 1 6 1 4 1 6 1 1 1 |3 1 1 1 1 2 1 6 1 1 1 1 |1 1 1 1 6 1 5 1 1 2 6 4 1 1 1 1 |1 1 1 1 1 1 1 1 4 1 |5 1 1 1 1 1 1 1 1 1 1 1 1 4 1 6 1 |1 1 1 1 1 5 1 1 1 2 1 1 3 1 1 1 2 1 |1 1 2 1 1 1 1 |1 1 1 1 1 1 1 1 1 1 4 1 1 1 1 1 2 1 |1 1 1 1 1 1 2 1 1 3 1 1 1 1 1 1 1 1 1 |1 1 1 1 1 3 |1 1 1 1 1 1 1 1 1 1 |1 1 1 3 1 3 1 1 1 1 6 1 1 3 1 1 3 1 1 |1 1 6 6 1 3 1 6 3 |1 1 1 1 4 1 |1 1 3 1 1 1 1 1 1 1 5 1 1 1 1 1 1 |6 1 1 1 1 1 3 1 1 1 1 1 1 1 |1 1 1 1 1 1 1 1 |1 1 1 3 1 1 1 |1 1 1 1 1 1 1 1 1 1 1 1 1 1 1 1 |1 1 1 1 1 1 1 1 1 1 1 1 1 1 1 |1 6 1 1 1 1 1 1 1 1 2 1 1 3 1 1 1 2 |1 1 1 1 3 1 1 1 3 1 1 4 1 1 1 1 |1 1 1 3 1 1 1 1 1 1 1 1 3 1 |6 1 1 1 1 1 2 2 1 |1 1 1 1 6 6 1 1 3 1 1 1 1 1 1 1 1 2 4 1 |1 1 1 2 1 1 1 1 1 1 1 1 1 |5 1 1 1 1 3 1 1 1 1 1 2 5 1 1 1 1 1 1 1 |1 1 1 1 1 6 |4 1 1 1 1 1 6 1 1 1 1 1 |num = 600

===============第6个最优解如下===============
最佳适宜值为：
110.33642008150773
最佳迁移代数为：
119999
最佳分配序列为：
1 1 1 1 1 1 1 1 1 1 1 1 1 6 1 5 3 1 |1 1 1 6 2 3 1 2 1 1 1 |3 1 1 1 1 1 1 3 1 1 1 1 |2 1 1 1 5 1 3 1 2 2 6 1 1 1 1 1 |1 1 2 1 1 1 1 1 3 1 |4 1 1 1 1 2 1 1 1 1 1 1 1 3 1 6 1 |1 1 1 1 1 4 3 1 4 4 1 1 3 1 1 1 5 1 |1 1 4 1 1 1 1 |1 1 1 1 1 1 1 1 1 1 1 1 1 1 1 1 2 1 |1 1 1 1 1 1 2 1 1 2 1 1 1 1 1 1 1 1 1 |1 1 1 1 1 3 |1 1 1 1 1 1 1 1 1 1 |1 3 1 6 1 3 1 1 1 1 2 1 1 2 1 1 3 1 1 |1 1 4 6 1 1 1 5 1 |1 1 1 1 4 1 |1 1 4 1 1 1 1 1 1 2 5 1 1 1 1 1 1 |6 1 1 1 1 1 3 1 1 1 1 1 1 1 |1 1 1 1 1 1 1 1 |1 1 1 6 1 1 1 |3 1 1 1 1 1 1 1 1 1 1 1 1 1 1 1 |1 1 1 1 1 1 1 1 1 2 2 1 1 1 1 |1 6 1 1 1 1 1 1 1 1 3 1 1 3 2 1 1 3 |1 1 1 1 2 1 1 1 1 1 1 4 1 1 1 2 |1 1 1 2 1 1 1 1 1 1 1 2 2 1 |6 1 1 1 1 1 2 1 1 |1 1 1 1 6 6 1 1 4 1 1 1 1 1 1 1 1 2 4 1 |1 1 1 2 1 1 1 1 2 1 1 1 1 |2 1 1 1 1 4 1 1 1 2 2 3 4 1 1 1 1 1 1 1 |1 1 1 1 2 4 |6 1 1 1 1 1 5 1 2 1 1 1 |num = 600

===============第7个最优解如下===============
最佳适宜值为：
108.85801173856494
最佳迁移代数为：
119999
最佳分配序列为：
1 2 1 1 1 1 1 1 1 1 1 1 1 3 1 6 4 1 |1 1 1 5 1 2 1 5 1 2 1 |1 1 1 1 1 1 1 4 1 1 1 1 |2 1 1 1 2 1 5 1 1 3 5 2 1 1 1 1 |1 1 1 1 1 1 1 1 2 1 |3 1 1 1 1 2 1 1 1 1 1 1 1 4 1 4 1 |1 1 1 1 1 4 2 2 1 1 1 2 3 1 1 2 3 1 |1 1 2 1 1 1 5 |2 1 1 1 2 1 1 1 1 1 4 1 1 1 1 1 2 1 |1 1 1 2 1 1 2 1 1 4 1 1 1 1 1 1 1 1 1 |1 1 1 1 1 4 |1 1 1 1 1 1 1 1 1 1 |1 1 1 5 1 5 1 1 1 2 4 1 1 3 1 1 4 1 1 |1 1 5 6 1 3 1 3 1 |1 1 1 1 4 1 |2 1 5 1 1 1 1 1 1 1 4 1 1 1 1 1 1 |6 1 1 2 1 1 1 1 1 1 1 1 1 1 |1 1 1 1 1 1 1 1 |1 1 1 2 1 1 1 |3 1 2 1 1 1 1 1 1 1 1 1 1 1 1 1 |1 1 1 1 1 1 1 1 1 1 1 1 1 1 1 |1 5 1 1 1 2 1 1 2 1 2 1 1 2 1 1 1 5 |1 1 1 3 4 1 1 1 2 1 1 4 1 1 2 2 |1 1 1 3 1 1 1 1 1 1 1 1 2 1 |4 1 1 1 1 1 3 2 1 |1 1 1 1 6 5 1 1 4 1 1 1 1 1 1 1 1 2 2 1 |1 1 1 1 1 1 1 1 3 1 1 1 1 |2 1 1 1 1 6 1 1 1 1 1 2 5 1 2 1 1 1 1 1 |1 1 1 1 1 6 |3 1 1 1 1 1 4 1 2 1 1 1 |num = 600

===============第8个最优解如下===============
最佳适宜值为：
111.48683005307679
最佳迁移代数为：
119999
最佳分配序列为：
1 1 1 1 1 1 1 1 1 1 1 1 1 4 1 6 3 1 |1 1 1 6 1 2 1 3 1 2 1 |1 1 1 1 1 3 1 5 1 1 1 1 |1 1 1 1 6 1 4 1 2 2 4 3 1 1 1 1 |1 1 2 1 1 1 1 1 3 1 |4 1 1 1 1 1 1 1 1 1 1 1 1 3 1 5 1 |1 1 1 1 1 3 2 1 2 1 1 1 2 1 1 1 3 1 |1 1 1 1 1 1 2 |3 1 1 1 1 4 1 1 1 1 4 1 1 1 1 1 1 1 |1 1 1 1 1 1 2 1 1 3 1 1 1 1 1 1 1 1 1 |1 1 1 1 1 1 |1 1 1 1 1 1 1 1 1 1 |1 1 1 5 1 5 1 1 1 1 5 1 1 3 1 1 5 1 1 |1 1 3 6 1 4 1 6 2 |1 1 1 1 6 1 |1 1 4 1 1 1 1 1 1 1 4 1 1 1 1 1 1 |6 1 1 2 1 1 4 1 1 1 1 1 1 1 |1 1 1 1 1 1 1 1 |1 1 1 5 1 1 1 |1 1 3 1 1 1 1 1 1 1 1 1 1 1 1 1 |1 1 1 1 1 1 1 1 1 1 1 1 1 1 1 |1 5 1 1 1 2 1 1 1 1 2 1 1 1 1 1 1 3 |1 1 1 1 3 1 1 1 3 1 1 3 1 1 3 3 |1 1 1 4 1 1 1 1 1 1 1 1 3 1 |4 1 1 1 1 1 3 2 1 |1 1 1 1 3 6 1 1 3 1 1 1 1 1 1 1 1 2 4 1 |1 1 1 1 1 1 1 1 1 1 1 1 1 |4 1 1 1 1 5 1 1 1 1 1 2 6 1 1 1 1 1 1 1 |1 1 1 1 3 5 |3 1 1 1 1 1 6 1 1 1 1 1 |num = 600

===============第9个最优解如下===============
最佳适宜值为：
107.77214456558632
最佳迁移代数为：
119999
最佳分配序列为：
1 1 1 1 1 1 1 1 1 1 1 1 1 6 1 6 2 1 |1 2 1 5 1 2 1 5 1 2 1 |1 1 1 1 1 3 1 4 1 1 1 1 |1 1 1 1 4 1 4 1 1 4 5 3 1 1 1 1 |1 1 1 3 1 1 1 1 2 1 |2 1 1 1 1 3 1 1 2 1 1 1 1 3 1 3 1 |1 1 1 1 1 4 3 1 1 1 1 2 2 1 1 1 2 1 |1 1 2 1 1 1 2 |1 2 1 1 2 3 1 1 1 1 3 1 1 1 1 1 3 1 |1 1 1 1 1 1 1 1 1 2 1 1 1 1 1 1 1 1 1 |1 1 1 1 1 2 |1 1 1 2 1 1 1 1 1 2 |1 2 1 4 1 6 1 1 1 1 4 1 1 3 1 1 2 1 1 |2 3 4 6 1 2 1 6 3 |2 1 2 1 3 1 |1 1 4 1 1 1 1 1 1 1 4 2 1 1 1 1 1 |4 1 1 2 1 1 2 1 1 1 1 1 1 1 |1 1 1 1 1 1 1 1 |1 1 1 6 1 1 1 |2 1 2 1 1 1 1 1 1 1 1 1 1 1 1 2 |1 1 1 1 1 1 1 1 2 1 2 1 1 1 1 |1 5 2 1 1 1 1 1 1 1 2 1 1 2 2 1 1 2 |1 1 1 1 3 1 1 1 2 1 1 3 1 1 2 1 |1 1 1 3 1 1 1 1 1 1 1 2 2 1 |5 1 1 1 1 1 1 3 1 |1 1 1 1 6 5 1 1 5 1 1 1 1 1 1 2 1 2 3 1 |1 2 1 1 1 1 1 1 1 1 1 1 1 |2 1 1 1 1 3 1 1 1 1 2 2 5 1 1 1 1 1 1 1 |1 2 1 2 1 6 |3 1 1 1 1 1 3 1 2 1 1 1 |num = 600

===============第10个最优解如下===============
最佳适宜值为：
111.25156023010659
最佳迁移代数为：
119999
最佳分配序列为：
1 2 1 1 1 1 1 1 1 1 1 1 1 5 1 5 4 1 |1 1 1 4 1 3 1 4 1 2 1 |3 1 1 1 1 3 1 6 1 1 1 1 |1 1 1 1 5 1 5 1 3 4 6 4 1 1 1 1 |1 1 1 2 1 1 1 1 3 1 |2 1 1 1 1 1 1 1 1 1 1 1 1 2 1 4 1 |1 1 1 1 1 3 2 1 3 1 1 1 5 1 1 1 2 1 |1 1 2 1 1 1 2 |1 1 1 1 1 1 1 1 1 1 2 1 1 1 1 1 1 1 |1 1 1 2 1 1 2 1 1 1 1 1 1 1 1 1 1 1 1 |1 1 1 1 1 2 |1 1 1 1 1 1 1 1 1 1 |1 2 1 5 1 6 1 1 1 1 3 1 1 3 1 1 4 1 1 |1 1 4 6 1 2 1 6 3 |1 1 1 1 4 1 |1 1 3 1 1 1 1 1 1 1 3 1 1 1 1 1 1 |6 1 1 2 1 1 3 1 1 1 1 1 1 1 |1 1 1 1 1 1 1 1 |1 1 1 6 1 1 1 |1 1 2 1 1 1 1 1 1 1 1 2 1 1 1 1 |1 1 1 1 1 1 1 1 1 2 1 1 1 1 1 |1 6 1 1 1 1 1 1 1 1 3 1 1 3 1 1 1 3 |1 1 1 1 2 1 1 1 3 1 1 5 1 1 2 1 |1 1 1 2 1 1 1 1 1 1 1 1 2 1 |6 1 1 1 1 1 2 1 1 |1 1 1 1 3 6 1 1 6 1 1 1 1 1 1 1 1 2 2 1 |1 1 1 1 1 1 1 1 1 1 1 1 1 |5 1 1 1 1 5 1 1 1 2 1 3 2 1 1 1 1 1 1 1 |1 1 1 3 1 6 |3 1 1 1 1 1 6 1 2 1 1 1 |num = 600

===============第11个最优解如下===============
最佳适宜值为：
111.6419577387446
最佳迁移代数为：
119999
最佳分配序列为：
1 1 1 1 1 1 1 1 1 1 1 1 1 5 1 6 4 1 |1 1 1 5 1 3 1 5 1 1 1 |1 1 1 1 1 2 1 6 1 1 1 1 |1 1 1 1 5 1 5 1 1 3 6 3 1 1 1 1 |1 1 1 1 1 1 1 1 3 1 |4 1 1 1 1 1 1 1 1 1 1 1 1 4 1 6 1 |1 1 1 1 1 3 1 1 1 3 1 1 2 1 1 1 2 1 |1 1 2 1 1 1 2 |2 1 1 1 1 3 1 1 1 1 3 1 1 1 1 1 2 1 |1 1 1 1 1 1 4 1 1 3 1 1 1 1 1 1 1 1 1 |1 1 1 1 1 1 |1 1 1 1 1 1 1 1 1 1 |1 2 1 3 1 4 1 1 1 1 3 1 1 2 1 1 4 1 1 |1 1 5 6 1 3 1 5 1 |1 1 1 1 5 1 |1 1 4 1 1 1 1 1 1 1 5 1 1 1 1 2 1 |6 1 1 2 1 1 3 1 1 1 1 1 1 1 |1 1 1 1 1 1 1 1 |1 1 1 5 1 1 1 |1 1 2 1 1 1 1 1 2 1 1 1 1 1 1 1 |1 1 1 1 1 1 1 1 1 1 1 1 1 1 1 |1 5 1 1 1 1 1 1 3 1 3 1 1 4 2 1 1 3 |1 1 1 1 3 1 1 1 5 1 1 3 1 1 2 1 |1 1 1 3 1 1 1 1 1 1 1 1 2 1 |4 1 1 1 1 1 1 3 1 |1 1 1 1 6 6 1 1 3 1 1 1 1 1 1 1 1 1 4 1 |1 1 1 1 1 1 1 1 1 1 1 1 1 |4 1 1 1 1 3 1 1 1 1 1 2 5 1 1 1 1 1 1 1 |1 1 1 2 2 4 |5 1 1 1 1 1 5 1 1 1 1 1 |num = 600

===============第12个最优解如下===============
最佳适宜值为：
109.96605833375753
最佳迁移代数为：
119999
最佳分配序列为：
1 1 1 1 1 1 2 1 1 1 2 1 1 6 1 6 5 1 |1 1 1 4 1 2 1 5 1 1 1 |1 1 1 1 1 2 1 5 1 1 1 1 |1 1 1 1 4 1 5 1 1 5 5 3 1 1 1 1 |1 1 1 1 1 1 1 1 3 1 |3 1 1 1 1 1 1 1 1 1 1 1 1 4 1 5 1 |1 1 1 1 1 4 3 1 1 2 1 1 1 1 1 2 4 1 |1 1 3 1 1 1 2 |2 1 2 1 2 2 1 1 1 1 2 1 1 1 1 1 1 1 |2 1 1 1 1 1 2 1 1 3 1 1 1 1 1 1 1 1 1 |1 1 1 1 1 2 |1 1 1 1 1 1 1 1 1 1 |1 2 1 4 1 5 1 1 1 1 3 1 1 2 1 1 3 1 1 |1 1 6 6 1 3 1 2 3 |3 1 1 1 3 1 |1 1 2 1 1 1 1 1 1 1 1 1 1 1 1 1 1 |6 1 1 2 1 1 5 1 1 1 1 1 1 1 |1 1 1 1 1 1 1 1 |1 1 1 4 1 1 1 |1 1 2 1 1 1 1 1 1 1 1 3 1 1 1 1 |1 1 1 1 1 1 1 1 1 1 1 1 1 1 1 |1 5 1 1 1 1 1 1 2 1 3 1 1 2 2 1 1 2 |1 1 1 2 2 1 1 1 1 1 1 3 1 1 3 1 |1 1 1 1 1 1 1 1 1 1 1 1 5 1 |6 1 1 1 1 1 1 3 1 |1 1 1 1 6 3 1 1 4 1 1 1 1 1 1 1 1 2 6 1 |1 1 1 1 2 1 1 1 1 1 1 1 1 |2 1 1 1 1 6 1 1 1 1 1 3 4 1 2 1 1 1 1 1 |1 1 1 3 3 6 |3 1 1 1 1 1 4 1 1 1 1 1 |num = 600

===============第13个最优解如下===============
最佳适宜值为：
112.58599289644107
最佳迁移代数为：
119999
最佳分配序列为：
1 1 1 1 1 1 1 1 1 1 1 1 1 4 1 6 3 1 |1 1 1 6 1 4 1 3 1 1 1 |2 1 1 1 1 2 1 5 1 1 1 1 |1 1 1 1 6 1 6 1 1 3 6 3 1 1 1 1 |1 1 2 2 1 1 1 1 2 1 |3 1 1 1 1 1 1 1 1 1 1 1 1 3 1 6 1 |1 1 1 1 1 6 1 1 2 2 1 1 3 1 1 1 1 1 |1 1 2 1 1 1 2 |1 1 1 1 1 3 1 1 1 1 3 1 1 1 1 1 3 1 |1 1 1 1 1 1 3 1 1 2 1 1 1 1 1 1 1 1 1 |1 1 1 1 1 3 |1 1 1 1 1 1 1 1 1 1 |1 1 1 4 1 2 1 1 1 1 6 1 2 2 1 1 5 1 1 |1 1 4 6 1 1 1 4 2 |1 1 1 1 4 1 |1 1 6 1 1 1 1 1 1 1 4 1 1 1 1 1 1 |5 1 1 1 1 1 4 1 1 1 1 1 1 1 |1 1 1 1 1 1 1 1 |1 1 1 6 1 1 1 |1 1 2 1 1 1 1 1 1 1 1 1 1 1 1 1 |1 1 1 1 1 1 1 1 1 1 1 1 1 1 1 |1 6 1 1 1 3 1 1 2 1 2 1 1 4 1 1 1 2 |1 1 1 1 1 1 1 1 2 1 1 3 1 1 1 2 |1 1 1 3 1 1 1 1 1 1 1 1 3 1 |6 1 1 1 1 1 2 3 1 |1 1 1 1 5 6 1 1 5 1 1 1 1 1 1 1 1 2 5 1 |1 1 1 1 1 1 1 1 1 1 1 1 1 |3 1 1 1 1 4 1 1 1 1 1 4 5 1 1 1 1 1 1 1 |1 1 1 1 1 5 |3 1 1 1 1 1 4 1 2 1 1 1 |num = 600

===============第14个最优解如下===============
最佳适宜值为：
111.81917760657934
最佳迁移代数为：
119999
最佳分配序列为：
1 1 1 1 1 1 1 1 1 1 1 1 1 5 1 6 4 1 |1 1 1 5 1 3 1 4 1 2 1 |1 1 1 1 1 3 1 6 1 1 1 1 |1 1 1 1 4 1 4 1 1 4 6 4 1 1 1 1 |1 1 2 1 1 1 1 1 2 1 |4 1 1 1 1 1 1 1 1 1 1 1 1 2 1 6 1 |1 1 1 1 1 2 1 1 1 2 1 1 2 1 1 1 2 1 |1 1 2 1 1 1 2 |3 1 1 1 1 3 1 1 1 1 3 1 1 1 1 1 6 1 |1 1 1 1 1 1 2 1 1 4 1 1 1 1 1 1 1 1 1 |1 1 1 1 1 2 |1 1 1 1 1 1 1 1 1 1 |1 1 1 3 1 3 1 1 1 1 6 1 1 3 1 1 2 1 1 |1 1 6 6 1 3 1 6 1 |1 1 1 1 5 1 |1 1 2 1 1 1 1 1 1 1 5 1 1 1 1 1 1 |6 1 1 1 1 1 5 1 1 1 1 1 1 1 |1 1 1 1 1 1 1 1 |1 1 1 5 1 1 1 |1 1 3 1 1 1 1 1 1 1 1 2 1 1 1 1 |1 1 1 1 1 1 1 1 1 1 1 1 1 1 1 |1 6 1 1 1 1 1 1 1 1 2 1 1 3 1 1 1 1 |1 1 1 1 3 1 1 1 4 1 1 4 1 1 2 2 |1 1 1 2 1 1 1 1 1 1 1 1 3 1 |6 1 1 1 1 1 2 2 1 |1 1 1 1 4 6 1 1 4 1 1 1 1 1 1 1 1 1 5 1 |1 1 1 1 1 1 1 1 1 2 1 1 1 |2 1 1 1 1 5 1 1 1 1 1 2 5 1 2 1 1 1 1 1 |1 1 1 2 2 5 |3 1 1 1 1 1 4 1 1 1 1 1 |num = 600

===============第15个最优解如下===============
最佳适宜值为：
112.00603981457128
最佳迁移代数为：
119999
最佳分配序列为：
1 1 1 1 1 1 1 1 1 1 1 1 1 4 1 6 3 1 |1 1 1 6 1 2 1 5 1 1 1 |1 1 1 1 1 3 1 6 1 1 1 1 |1 1 1 1 4 1 4 1 1 2 6 2 1 1 1 1 |1 1 1 1 1 1 1 1 3 1 |4 1 1 1 1 1 1 1 1 1 1 1 1 5 1 5 1 |1 1 1 1 1 4 1 1 1 2 1 1 3 1 1 1 3 1 |1 1 1 1 1 1 2 |2 1 1 1 1 4 1 1 1 1 3 1 1 1 1 1 3 1 |1 1 1 1 1 1 2 1 1 1 1 1 1 1 1 1 1 1 1 |1 1 1 1 1 4 |1 1 1 1 1 1 1 1 1 1 |1 1 1 6 1 3 1 1 1 1 4 1 1 3 1 1 3 1 1 |1 1 6 6 1 3 1 6 3 |1 1 1 1 5 1 |2 1 5 1 1 1 1 1 1 1 5 1 1 1 1 1 1 |6 1 1 2 1 1 3 1 1 1 1 1 1 1 |1 1 1 1 1 1 1 1 |1 1 1 5 1 1 1 |1 1 2 1 1 1 1 1 1 1 1 1 1 1 1 1 |1 1 1 1 1 1 1 1 1 1 1 1 1 1 1 |1 4 1 1 1 2 1 1 1 1 2 1 1 2 1 1 1 3 |1 1 1 1 2 1 1 1 2 1 1 6 1 1 3 1 |1 1 1 2 1 1 1 1 1 1 1 1 2 1 |6 1 1 1 1 1 4 2 1 |1 1 1 1 4 6 1 1 3 1 1 1 1 1 1 1 1 1 6 1 |1 1 1 1 1 1 1 1 1 1 1 1 1 |3 1 1 1 1 3 1 1 1 1 2 2 5 1 1 1 1 1 1 1 |1 1 1 1 1 6 |4 1 1 1 1 1 6 1 1 1 1 1 |num = 600

===============第16个最优解如下===============
最佳适宜值为：
108.53880762458716
最佳迁移代数为：
119999
最佳分配序列为：
1 1 1 1 1 1 1 1 1 1 1 1 1 4 1 6 3 1 |1 1 1 3 1 4 1 3 1 2 1 |1 1 1 1 1 1 1 6 1 1 1 1 |1 1 1 1 5 1 4 1 2 5 3 2 1 1 1 1 |1 1 2 1 1 1 1 1 4 1 |3 1 1 1 1 1 1 1 1 1 1 1 1 3 1 5 1 |1 1 1 1 1 4 3 1 1 2 1 1 2 1 1 1 2 1 |1 1 1 1 1 1 2 |3 1 1 1 1 3 1 1 1 1 4 1 1 1 1 1 3 1 |2 1 1 1 1 1 1 2 1 4 1 1 1 1 1 1 1 1 1 |1 1 1 1 1 4 |1 1 1 1 1 1 1 1 1 2 |2 3 1 3 1 2 1 1 1 2 5 1 1 2 1 1 5 1 1 |1 1 3 6 1 4 1 5 2 |1 1 1 1 5 1 |1 1 3 1 1 2 1 1 1 1 3 1 1 1 1 1 1 |3 1 1 3 1 1 4 1 1 1 2 1 1 1 |1 1 1 1 1 1 1 1 |1 1 1 3 1 1 1 |1 1 1 1 1 1 1 1 1 1 1 1 1 1 1 1 |1 2 1 1 1 1 2 1 2 2 1 1 1 1 1 |1 6 1 1 1 3 1 1 1 1 2 1 1 3 3 1 1 4 |1 1 1 1 2 1 1 1 3 1 1 3 1 1 5 2 |1 1 1 3 1 1 1 1 1 1 1 1 2 1 |5 1 1 1 1 1 2 3 1 |1 1 1 1 6 6 1 1 3 1 1 1 1 1 1 1 1 2 5 1 |1 1 1 1 1 1 1 1 2 1 1 1 1 |4 2 1 1 1 4 1 1 1 1 2 1 3 1 1 1 1 1 1 1 |1 1 1 1 1 4 |1 1 1 1 1 1 3 1 1 1 1 1 |num = 600

===============第17个最优解如下===============
最佳适宜值为：
111.54340504761885
最佳迁移代数为：
119999
最佳分配序列为：
1 1 1 1 1 1 1 1 1 1 1 1 1 5 1 6 3 1 |1 1 1 5 1 3 1 4 1 1 1 |1 1 1 1 1 2 1 5 1 1 1 1 |1 1 1 1 4 1 4 1 3 3 6 2 1 1 1 1 |1 1 1 1 1 1 1 1 3 1 |2 1 1 1 1 1 1 1 1 1 1 1 1 4 1 6 1 |1 1 1 1 1 2 1 1 2 4 1 1 3 1 1 1 2 1 |1 1 3 1 1 1 3 |2 1 1 1 1 3 1 1 1 1 3 1 1 1 1 1 3 1 |1 1 1 1 1 1 2 1 1 3 1 1 1 1 1 1 1 1 1 |1 1 1 1 1 4 |1 1 1 1 1 1 1 1 1 1 |1 2 1 4 1 3 1 1 1 1 5 1 1 2 1 1 4 1 1 |1 1 5 6 1 2 1 6 2 |1 1 1 1 5 1 |1 1 4 1 1 1 1 1 1 1 3 1 1 1 1 1 1 |5 1 1 2 1 1 3 1 1 1 1 1 1 1 |1 1 1 1 1 1 1 1 |1 1 1 5 1 1 1 |1 1 2 1 1 1 1 1 1 1 1 1 1 1 1 1 |1 1 1 1 1 1 1 1 1 2 4 1 1 1 1 |1 5 1 1 1 1 1 1 2 1 1 1 1 4 1 1 1 4 |1 1 1 1 3 1 1 1 4 1 1 4 1 1 2 1 |1 1 1 2 1 1 1 1 1 1 1 1 3 1 |6 1 1 1 1 1 1 2 1 |1 1 1 1 5 6 1 1 4 1 1 1 1 1 1 1 1 2 4 1 |1 1 1 2 1 1 1 1 1 1 1 1 1 |2 1 1 1 1 3 1 1 1 1 2 3 3 1 1 1 1 1 1 1 |1 1 1 1 3 6 |2 1 1 1 1 1 6 1 1 1 1 1 |num = 600

===============第18个最优解如下===============
最佳适宜值为：
109.54958719130441
最佳迁移代数为：
119999
最佳分配序列为：
1 1 1 1 1 1 1 1 1 1 1 1 1 4 1 5 4 1 |1 1 1 5 2 3 1 3 1 2 1 |2 1 1 1 1 3 1 3 1 1 1 1 |1 1 1 1 4 1 1 1 2 2 3 3 1 1 1 1 |1 1 1 3 1 1 1 1 5 1 |2 1 1 1 1 4 1 1 2 1 1 1 1 4 1 6 1 |1 1 2 1 1 3 1 1 1 3 1 1 2 1 1 2 1 1 |1 1 2 1 1 1 3 |1 1 1 1 1 4 1 1 1 1 4 1 1 1 1 1 2 1 |1 1 1 1 1 1 3 1 1 1 1 1 1 1 1 2 1 1 1 |1 1 1 1 1 2 |1 1 1 1 1 1 1 1 1 1 |1 2 1 6 1 5 1 1 1 1 3 1 1 3 1 1 3 1 1 |1 1 5 6 1 3 1 3 2 |1 1 1 1 4 1 |2 1 3 1 1 1 1 1 1 1 4 1 1 1 1 1 1 |6 1 1 2 1 1 3 1 1 1 1 1 1 1 |1 1 1 1 1 1 1 1 |1 1 1 6 1 1 1 |1 1 3 1 1 1 1 1 1 1 1 2 1 1 1 1 |1 1 1 1 1 1 1 1 1 1 1 1 1 1 1 |1 6 1 1 1 4 1 1 2 1 1 1 1 3 1 1 1 3 |1 1 1 1 1 1 1 1 1 1 1 3 1 2 1 1 |1 1 1 3 1 1 1 1 1 1 1 1 2 1 |6 1 1 1 1 1 2 1 1 |1 1 1 1 4 6 1 1 3 1 1 1 1 1 1 1 1 1 4 1 |1 1 1 2 1 1 1 1 1 1 1 1 1 |3 1 1 1 1 4 1 1 1 3 4 4 4 1 1 1 1 1 1 1 |1 1 1 4 2 6 |2 1 1 1 1 1 5 2 1 1 1 1 |num = 600

===============第19个最优解如下===============
最佳适宜值为：
105.51738902648007
最佳迁移代数为：
119999
最佳分配序列为：
1 1 1 1 1 1 2 1 1 1 1 1 1 6 1 5 2 1 |2 1 1 5 1 2 1 5 1 2 1 |3 1 1 1 1 2 1 6 1 1 2 1 |1 1 1 1 3 1 3 1 2 2 4 3 1 1 1 1 |1 1 2 1 1 1 1 1 2 1 |2 1 1 1 1 3 1 1 1 1 1 1 1 3 1 5 1 |1 1 2 1 1 4 2 2 1 2 1 1 2 1 1 2 3 1 |1 1 3 1 1 1 3 |2 1 2 1 2 3 1 1 1 1 3 1 1 1 1 1 1 1 |2 1 1 2 1 1 2 1 1 2 1 1 1 1 1 1 1 1 1 |2 1 1 1 1 1 |1 1 1 1 1 1 1 1 1 2 |2 3 1 4 1 3 1 1 1 1 3 1 2 4 1 2 3 1 1 |1 2 4 6 1 3 2 4 2 |3 1 2 1 5 1 |3 1 2 1 1 1 2 1 1 2 2 1 1 1 1 1 1 |5 1 1 2 1 1 3 1 1 1 1 1 1 1 |1 1 1 1 1 1 1 2 |3 2 1 4 1 1 1 |1 1 2 1 1 1 2 1 1 1 1 1 1 1 1 1 |1 1 1 1 2 1 1 1 1 2 1 1 1 1 1 |1 5 1 1 1 2 1 1 2 1 2 1 1 3 2 1 1 3 |1 1 1 2 3 1 1 1 2 1 1 2 1 1 2 2 |1 1 1 2 1 1 1 1 1 1 1 2 4 1 |4 1 1 1 1 1 1 3 1 |1 1 1 1 4 4 1 1 3 1 1 1 1 1 1 1 1 2 4 1 |1 1 1 1 1 1 1 1 1 1 1 1 1 |3 2 1 1 1 4 1 1 1 1 1 1 2 1 1 1 1 1 1 1 |1 1 1 1 1 2 |2 1 1 1 1 1 4 1 2 1 1 1 |num = 600

===============第20个最优解如下===============
最佳适宜值为：
110.66641462160668
最佳迁移代数为：
119999
最佳分配序列为：
1 1 1 1 1 1 1 1 1 1 1 1 1 4 1 5 3 1 |1 1 1 6 1 3 1 4 1 1 1 |2 1 1 1 1 2 1 6 1 1 1 1 |1 1 1 1 6 1 4 1 1 3 5 3 1 1 1 1 |1 1 1 1 1 1 1 1 3 1 |4 1 1 1 1 1 1 1 1 1 1 1 1 4 1 6 1 |1 1 1 1 1 4 2 1 2 3 1 1 1 1 1 1 2 1 |1 1 2 1 1 1 1 |1 1 1 1 1 2 1 1 1 1 2 1 1 1 1 1 1 1 |1 1 1 1 1 1 4 1 1 2 1 1 1 1 1 1 1 1 1 |1 1 1 1 1 4 |1 1 1 1 1 1 1 1 1 1 |1 1 1 6 1 4 1 1 1 1 5 1 1 3 1 1 5 1 1 |1 1 4 6 1 2 1 2 2 |1 1 1 1 3 1 |1 1 4 1 1 1 1 1 1 1 2 1 1 1 1 1 1 |5 1 1 3 1 1 4 1 1 1 1 1 1 1 |1 1 1 1 1 1 1 1 |1 1 1 6 1 1 1 |2 1 1 1 1 1 1 1 1 1 1 2 1 1 1 1 |1 1 1 1 1 1 1 1 1 1 1 1 1 1 1 |1 6 1 1 1 2 1 1 1 1 1 1 1 4 2 1 1 3 |1 1 1 1 2 1 1 1 2 1 1 4 1 1 3 3 |1 1 1 2 1 1 1 1 1 1 1 1 3 1 |5 1 1 1 1 1 2 1 1 |1 1 1 1 6 6 1 1 3 1 1 1 1 1 1 1 1 1 6 1 |1 1 1 1 1 1 1 1 1 1 1 1 1 |4 1 1 1 1 6 1 1 1 1 1 4 4 1 1 1 1 1 1 1 |1 1 1 1 3 4 |5 1 1 1 1 1 4 1 4 1 1 1 |num = 600

===============第21个最优解如下===============
最佳适宜值为：
108.74955053492506
最佳迁移代数为：
119999
最佳分配序列为：
2 1 1 1 1 1 1 1 1 1 1 1 1 4 1 6 3 1 |1 1 1 5 1 3 1 5 1 1 1 |2 1 1 1 1 3 1 4 2 1 1 1 |2 1 1 1 2 1 4 1 3 1 6 2 1 1 1 1 |1 1 2 1 1 1 1 1 4 1 |3 1 1 1 1 1 1 1 1 1 1 1 1 4 1 6 1 |1 1 2 2 1 3 1 1 3 1 1 1 3 1 1 1 2 1 |1 1 2 1 1 1 2 |4 1 1 1 1 2 1 1 1 1 2 1 1 1 1 2 2 1 |1 1 1 1 1 1 3 1 1 2 1 1 1 1 1 1 1 1 1 |1 1 1 1 1 2 |1 1 1 1 1 1 1 1 1 1 |1 1 1 5 1 6 1 1 1 1 5 1 3 2 1 1 5 1 1 |1 1 4 6 1 3 1 6 2 |2 1 1 1 2 1 |2 1 3 1 1 1 1 1 1 1 6 2 1 1 1 1 1 |4 1 1 2 1 1 5 1 1 1 1 1 1 1 |1 1 1 1 1 1 1 1 |1 1 1 4 1 1 1 |2 1 1 1 1 1 1 1 1 1 1 2 1 1 1 1 |1 1 1 1 1 1 1 1 1 1 2 1 1 1 1 |1 5 1 1 1 1 1 1 1 1 1 1 1 4 2 1 1 2 |1 1 2 2 2 1 1 1 2 1 1 5 1 1 2 2 |1 1 1 4 1 1 1 1 1 1 1 1 3 1 |6 1 1 1 1 1 2 3 1 |1 1 1 1 3 3 1 1 2 1 1 1 1 1 1 1 1 1 6 1 |1 1 1 2 1 1 1 2 2 1 1 1 1 |1 1 1 1 1 2 1 1 1 1 1 3 3 1 1 1 1 1 1 1 |1 1 1 3 2 4 |3 1 1 1 1 1 4 1 1 1 1 1 |num = 600

===============第22个最优解如下===============
最佳适宜值为：
110.35539265457952
最佳迁移代数为：
119999
最佳分配序列为：
1 1 1 1 1 1 1 1 1 1 1 1 1 4 1 6 3 1 |1 1 1 6 1 3 1 4 1 1 1 |1 1 1 1 1 2 1 5 1 1 1 1 |1 1 1 1 4 1 6 1 2 3 4 3 1 1 1 1 |1 1 2 1 1 1 1 1 4 1 |3 1 1 1 1 2 1 1 2 1 1 1 1 2 1 5 1 |1 1 1 1 1 6 1 1 4 2 1 1 1 1 1 1 2 1 |1 1 2 1 1 1 2 |2 2 1 1 3 2 1 1 1 1 2 1 1 1 1 1 2 1 |2 1 1 1 1 1 3 1 1 4 1 1 1 1 1 1 1 1 1 |1 1 1 1 1 2 |1 1 1 1 1 1 1 1 1 1 |1 1 1 6 1 4 1 1 1 1 4 1 1 2 1 1 3 1 1 |1 1 4 5 2 3 1 6 2 |2 1 1 1 2 1 |1 1 5 1 1 1 1 1 1 1 3 1 1 1 1 1 1 |6 1 1 3 1 1 3 1 1 1 1 1 1 1 |1 1 1 1 2 1 1 1 |1 1 1 5 1 1 1 |2 1 1 1 1 1 1 1 1 1 1 2 1 1 1 1 |1 1 1 1 1 1 2 1 2 1 1 1 1 1 1 |1 5 1 1 1 1 1 1 1 1 1 1 1 3 2 1 1 3 |1 1 1 1 2 1 1 1 1 1 1 4 1 1 3 2 |1 1 1 3 1 1 1 1 1 1 1 1 3 1 |4 1 1 1 1 1 1 3 1 |1 1 1 1 3 4 1 1 2 1 1 1 1 1 1 1 1 3 6 1 |1 1 1 2 1 1 1 1 1 1 1 1 1 |2 1 1 1 1 4 1 1 1 2 1 2 4 1 1 1 1 1 1 1 |1 1 1 2 3 5 |3 1 1 1 1 1 6 2 1 1 1 1 |num = 600

===============第23个最优解如下===============
最佳适宜值为：
108.84960348857511
最佳迁移代数为：
119999
最佳分配序列为：
1 3 1 1 1 1 1 1 1 1 1 1 1 5 1 5 2 1 |1 1 1 5 2 2 1 3 1 1 1 |1 1 1 1 1 3 1 5 1 1 1 1 |2 1 1 1 5 1 2 1 1 4 4 3 1 1 1 1 |1 1 1 1 1 1 1 1 4 1 |3 1 1 1 1 2 1 1 1 1 1 1 1 3 1 6 1 |1 1 1 1 1 2 2 1 1 1 1 1 2 1 1 1 2 1 |1 1 3 1 1 1 2 |1 1 1 1 2 3 1 1 1 1 3 1 1 1 1 1 2 1 |3 1 1 1 1 1 2 1 1 3 1 1 1 1 1 1 1 1 1 |1 1 1 1 1 1 |1 1 1 1 1 1 1 1 1 1 |1 2 1 4 1 2 1 1 1 1 4 1 2 1 1 1 4 1 1 |1 1 3 6 2 2 1 6 3 |2 1 1 1 6 1 |1 1 4 1 1 2 1 1 1 2 3 1 1 1 1 1 1 |6 1 1 2 1 1 2 1 1 1 1 1 1 1 |1 1 1 1 1 1 1 1 |1 1 1 3 1 1 1 |3 1 2 1 1 1 1 1 1 2 1 2 1 1 1 1 |1 1 1 1 1 1 1 1 2 2 1 1 1 1 1 |1 5 1 1 1 3 1 1 2 1 2 1 1 1 1 1 1 1 |1 1 1 2 1 1 1 1 4 1 1 4 1 1 2 3 |1 1 1 2 1 1 1 1 1 1 1 2 2 1 |5 1 1 1 1 1 4 1 1 |1 1 1 1 5 5 1 1 3 1 1 1 1 1 1 1 1 2 2 1 |1 1 1 4 1 1 1 1 1 1 1 1 1 |3 1 1 1 1 5 1 1 1 1 2 2 5 1 3 1 1 1 1 1 |1 1 1 2 2 5 |2 1 1 1 1 1 6 2 3 1 1 1 |num = 600

===============第24个最优解如下===============
最佳适宜值为：
101.05008090659773
最佳迁移代数为：
119999
最佳分配序列为：
2 2 1 1 1 1 1 1 1 1 1 1 1 2 1 4 3 1 |3 1 1 4 1 3 1 2 2 1 1 |4 1 1 1 1 3 1 4 1 1 2 1 |1 1 1 1 2 1 4 1 2 1 3 3 2 1 1 1 |1 1 2 2 1 2 1 1 2 1 |3 1 2 1 1 1 1 1 1 1 1 1 1 2 1 3 1 |2 1 1 2 1 3 2 1 2 3 1 1 2 1 1 1 2 1 |1 1 1 1 1 1 2 |2 1 2 2 1 3 1 1 1 2 2 1 1 1 1 1 2 1 |2 1 1 2 1 1 2 1 1 3 1 2 1 1 1 1 1 2 1 |1 1 1 1 2 1 |1 1 1 1 1 1 1 1 1 1 |2 1 1 3 1 4 1 1 1 2 3 1 1 3 1 1 3 1 1 |2 2 3 6 1 2 2 4 3 |2 1 2 1 3 1 |2 1 4 1 1 2 1 1 1 2 2 2 1 1 1 1 1 |6 1 1 3 1 1 2 1 1 2 2 1 1 1 |2 1 1 1 1 1 1 1 |1 1 1 3 1 1 1 |2 1 2 1 1 1 2 1 1 1 1 3 1 1 1 1 |1 1 1 1 1 2 2 1 2 1 2 1 1 1 2 |2 2 1 2 1 2 2 2 2 1 1 1 1 2 2 1 1 2 |2 1 2 1 3 1 1 1 3 1 1 3 1 2 4 1 |1 1 1 1 1 1 1 1 1 1 1 1 3 1 |3 1 1 1 1 1 2 2 1 |1 1 2 1 5 5 1 1 2 1 1 1 1 1 1 1 1 1 3 2 |1 1 1 1 2 1 1 1 2 1 1 1 1 |5 1 1 1 1 4 1 1 1 1 1 1 3 1 1 1 1 2 1 1 |1 1 1 1 2 4 |3 1 1 1 1 1 3 1 2 1 1 1 |num = 600

===============第25个最优解如下===============
最佳适宜值为：
108.56309322171805
最佳迁移代数为：
119999
最佳分配序列为：
1 2 1 1 1 1 1 1 1 1 1 1 1 5 1 6 3 1 |1 1 1 4 1 3 1 6 1 1 1 |1 1 1 1 1 1 1 6 1 1 1 1 |1 1 1 1 4 1 6 1 1 4 3 4 1 1 1 1 |1 1 1 1 1 1 1 1 5 1 |5 1 1 1 1 2 1 1 1 1 1 1 1 4 1 4 1 |1 1 2 1 1 3 1 3 3 2 1 1 4 1 1 1 2 1 |1 1 3 1 1 1 2 |1 1 1 1 1 3 1 1 1 1 3 1 1 1 1 1 2 1 |1 1 1 2 1 1 4 1 1 3 1 1 1 1 1 1 1 1 1 |1 1 1 1 1 3 |1 1 1 1 1 1 1 1 1 1 |1 2 1 4 1 3 1 1 1 1 2 1 1 3 1 1 3 1 1 |1 1 5 6 1 2 1 3 1 |1 1 1 1 2 1 |1 1 2 1 1 1 1 1 1 1 3 1 1 1 1 1 1 |4 1 1 2 1 1 2 1 1 1 1 1 1 1 |1 1 1 1 1 1 1 1 |1 1 1 3 1 1 1 |1 1 1 1 1 1 1 1 1 1 1 2 1 1 1 1 |1 1 1 1 1 1 1 1 1 2 1 1 1 1 1 |1 6 2 1 1 3 1 1 2 1 3 1 1 3 1 1 1 2 |1 1 1 2 1 1 1 1 3 1 1 2 1 1 2 4 |1 1 1 3 1 1 1 1 1 1 1 1 2 1 |6 1 1 1 1 1 3 2 1 |1 1 1 1 5 5 1 1 4 1 1 1 1 1 1 1 1 1 5 1 |1 1 1 2 3 1 1 1 2 1 1 1 1 |3 2 1 1 1 6 1 1 1 1 1 2 3 1 1 1 1 1 1 1 |1 1 1 2 3 5 |5 1 1 1 1 1 3 1 2 1 1 1 |num = 600

===============第26个最优解如下===============
最佳适宜值为：
109.91629278583264
最佳迁移代数为：
119999
最佳分配序列为：
1 1 1 1 1 1 2 1 1 1 1 1 1 5 1 6 3 1 |1 1 1 6 1 2 1 2 1 2 1 |1 1 1 1 1 2 1 4 1 1 1 1 |1 1 1 1 5 1 3 1 2 2 6 2 1 2 1 1 |1 1 1 1 1 1 1 1 3 1 |5 1 1 1 1 1 1 1 1 1 1 1 1 3 1 6 1 |1 1 1 1 1 3 2 1 2 3 1 1 2 1 1 1 1 1 |1 1 1 1 1 1 2 |2 1 1 1 1 3 1 1 1 1 2 1 1 1 2 1 1 1 |1 1 1 2 1 1 3 2 1 3 1 1 1 1 1 1 1 1 1 |1 1 1 1 1 3 |1 1 1 1 1 1 1 1 1 1 |1 2 1 4 1 2 2 1 1 1 6 1 1 3 1 1 3 1 1 |1 1 6 6 1 1 1 6 3 |1 1 1 1 3 1 |1 1 3 1 1 1 1 1 1 1 3 2 1 1 1 1 1 |5 1 1 2 1 1 2 1 1 1 1 1 1 1 |1 1 1 1 1 1 1 1 |1 1 1 4 1 1 1 |3 1 3 1 1 1 1 1 1 1 1 1 1 1 1 1 |1 1 1 1 1 1 1 1 1 2 1 1 1 1 1 |1 6 1 1 1 3 1 1 1 1 4 1 1 3 1 1 1 3 |1 1 1 1 2 1 1 1 2 1 1 4 1 2 3 1 |1 1 1 3 1 1 1 1 1 1 1 1 4 1 |6 1 1 1 1 1 1 2 1 |1 1 1 1 5 5 1 1 4 1 1 1 1 1 1 1 1 2 4 1 |1 1 1 2 1 1 1 1 1 1 1 1 1 |4 1 1 1 1 6 1 1 1 1 1 1 4 1 2 1 1 1 1 1 |1 1 1 2 1 5 |3 1 1 1 1 1 6 1 1 1 1 1 |num = 600

===============第27个最优解如下===============
最佳适宜值为：
109.92518708360569
最佳迁移代数为：
119999
最佳分配序列为：
1 1 1 1 1 1 1 1 1 1 1 1 1 6 1 6 2 1 |1 1 1 3 1 2 1 6 1 1 1 |2 1 1 1 1 2 1 6 1 1 1 1 |1 1 1 1 6 1 5 1 1 2 5 5 1 1 1 1 |1 1 1 2 1 1 1 1 4 1 |2 1 1 1 1 2 1 1 1 1 1 1 1 5 1 6 1 |1 1 2 1 1 5 1 1 3 1 1 1 2 1 1 2 2 1 |1 1 4 1 1 1 2 |1 1 1 1 1 1 1 1 1 1 4 1 1 1 1 2 3 1 |1 1 1 2 1 1 1 1 1 2 1 1 1 1 1 1 1 1 1 |1 1 1 1 1 3 |1 1 1 1 1 1 1 1 1 1 |1 1 1 5 1 3 1 1 1 1 2 1 2 1 1 1 2 1 1 |1 1 4 6 1 1 1 5 2 |3 1 1 1 2 1 |1 1 4 1 1 1 1 1 1 1 4 1 1 1 1 1 1 |3 1 1 2 1 1 3 1 1 1 1 1 1 1 |1 1 1 1 1 1 1 1 |1 1 1 3 1 1 1 |2 1 1 1 1 1 1 1 2 1 1 1 1 1 1 1 |1 1 1 1 1 1 1 1 1 2 1 1 1 1 1 |1 6 1 1 1 1 1 1 2 1 2 1 1 3 2 1 1 2 |1 1 1 1 2 1 1 1 3 1 1 5 1 1 3 1 |1 1 1 3 1 1 1 1 1 1 1 1 4 1 |6 1 1 1 1 1 2 2 1 |1 1 1 1 3 6 1 1 4 1 1 1 1 1 1 1 1 1 4 1 |1 1 1 2 2 1 1 1 3 2 1 1 1 |4 1 1 1 1 5 1 1 1 1 2 3 2 1 2 1 1 1 1 1 |1 1 1 1 2 5 |5 1 1 1 1 1 5 1 1 1 1 1 |num = 600

===============第28个最优解如下===============
最佳适宜值为：
110.22790319783407
最佳迁移代数为：
119999
最佳分配序列为：
1 1 1 1 1 1 2 1 1 1 1 1 1 4 1 6 4 1 |1 1 1 6 1 2 1 4 1 1 1 |2 1 1 1 1 2 2 6 1 1 1 1 |1 1 1 1 5 1 2 1 2 3 6 5 1 1 1 1 |1 1 1 1 1 1 1 1 3 1 |5 1 1 1 1 1 1 1 2 1 1 1 1 2 1 4 1 |1 1 1 1 1 4 1 1 2 2 1 1 4 1 1 1 1 1 |1 1 1 1 1 1 2 |2 1 2 1 1 2 1 1 1 1 3 1 1 1 1 1 2 1 |1 1 1 1 1 1 2 1 1 5 1 1 1 1 1 1 1 1 1 |1 1 1 1 1 3 |1 1 1 1 1 1 1 1 1 2 |1 1 1 3 1 2 1 1 1 1 5 1 1 3 1 1 3 1 1 |1 1 6 5 1 4 1 6 2 |1 1 1 1 4 1 |2 1 3 1 1 1 1 1 1 1 5 1 1 1 1 1 1 |5 1 1 3 1 1 2 1 1 1 1 1 1 1 |1 1 1 1 1 1 1 1 |1 1 1 4 1 1 1 |2 1 2 1 1 1 1 1 2 1 1 2 1 1 1 1 |1 1 1 1 1 1 1 1 1 1 1 1 1 1 1 |1 4 1 1 1 1 1 1 1 1 2 1 1 2 1 1 1 2 |1 1 1 1 2 1 1 1 1 1 1 5 1 1 2 2 |1 1 1 3 1 1 1 1 1 1 1 2 2 1 |6 1 1 1 1 1 3 2 1 |1 1 1 1 3 6 1 1 4 1 1 1 1 1 1 1 1 3 5 1 |1 1 1 1 1 1 1 1 3 1 1 1 1 |4 1 1 1 1 5 1 1 1 1 2 3 2 1 1 1 1 1 1 1 |1 1 1 2 1 6 |2 1 1 1 1 1 5 1 2 1 1 1 |num = 600

===============第29个最优解如下===============
最佳适宜值为：
111.91976172196017
最佳迁移代数为：
119999
最佳分配序列为：
1 1 1 1 1 1 1 1 1 1 1 1 1 6 1 6 5 1 |1 1 1 5 1 4 1 6 1 1 1 |3 1 1 1 1 2 1 6 1 1 1 1 |1 1 1 1 3 1 6 1 2 2 6 3 1 1 1 1 |1 1 1 2 1 1 1 1 2 1 |4 1 1 1 1 1 1 1 1 1 1 1 1 4 1 6 1 |1 1 1 1 1 3 2 1 2 2 1 1 3 1 1 1 2 1 |1 1 1 1 1 1 3 |1 1 1 1 1 1 1 1 1 1 3 1 1 1 1 1 1 1 |1 1 1 1 1 1 4 1 1 3 1 1 1 1 1 1 1 1 1 |1 1 1 1 1 2 |1 1 1 1 1 1 1 1 1 1 |1 1 1 5 1 5 1 1 1 1 4 1 1 2 1 1 2 1 1 |1 1 3 6 1 4 1 6 2 |1 1 1 1 5 1 |1 1 4 1 1 1 1 1 1 1 2 1 1 1 1 1 1 |6 1 1 1 1 1 4 1 1 1 1 1 1 1 |1 1 1 1 1 1 1 1 |1 1 1 4 1 1 1 |1 1 2 1 1 1 1 1 1 1 1 2 1 1 1 1 |1 1 1 1 1 1 1 1 1 1 1 1 1 1 1 |1 6 1 1 1 2 1 1 1 1 3 1 1 3 1 1 1 4 |1 1 1 1 3 1 1 1 2 1 1 3 1 1 2 1 |1 1 1 2 1 1 1 1 1 1 1 1 2 1 |5 1 1 1 1 1 2 3 1 |1 1 1 1 6 6 1 1 2 1 1 1 1 1 1 1 1 2 3 1 |1 1 1 1 1 1 1 1 1 1 1 1 1 |5 1 1 1 1 2 1 1 1 1 1 3 6 1 1 1 1 1 1 1 |1 1 1 2 1 6 |5 1 1 1 1 1 5 1 1 1 1 1 |num = 600

===============第30个最优解如下===============
最佳适宜值为：
107.54891376106835
最佳迁移代数为：
119999
最佳分配序列为：
1 1 1 1 1 1 1 1 1 1 2 1 1 5 1 4 3 1 |2 1 1 5 2 1 1 4 1 1 1 |2 1 1 1 1 2 1 5 1 1 1 1 |1 1 1 1 6 1 5 1 2 3 5 2 1 1 1 1 |1 1 1 1 1 1 1 1 2 1 |3 2 1 1 1 2 1 1 1 1 1 1 1 5 1 6 1 |1 2 1 1 1 2 1 1 3 3 1 1 1 1 1 1 1 1 |1 1 2 1 1 1 2 |2 1 2 2 2 3 1 1 1 1 4 1 1 1 1 1 1 1 |2 1 1 2 1 1 4 1 1 2 1 2 1 1 1 1 1 1 1 |1 1 1 1 1 3 |1 1 1 1 1 1 1 1 1 3 |1 1 1 4 1 2 1 1 2 1 3 1 1 2 1 1 3 1 1 |1 1 5 6 1 2 1 3 1 |2 1 1 1 2 1 |2 1 4 1 1 2 1 1 1 1 2 1 1 1 1 1 1 |4 1 1 4 1 1 2 1 1 1 1 1 1 1 |1 1 1 1 1 1 1 1 |1 1 1 3 1 1 1 |2 1 3 1 1 1 1 1 1 1 1 2 1 1 2 1 |1 1 1 1 1 1 1 1 1 1 1 1 1 1 1 |1 6 1 1 1 2 1 1 3 1 2 1 1 4 1 1 1 2 |1 1 1 2 2 1 1 1 1 1 1 6 1 1 3 1 |1 1 1 4 1 1 1 1 1 1 1 2 4 1 |5 1 1 1 1 1 2 3 1 |1 1 1 1 4 3 1 1 4 1 1 1 1 1 1 1 1 2 5 1 |1 1 1 1 1 1 1 1 2 1 1 1 1 |3 2 1 1 1 5 1 1 1 1 1 3 2 1 2 1 1 1 1 1 |1 1 1 2 2 4 |2 1 1 1 1 1 4 1 1 1 1 2 |num = 600

===============第31个最优解如下===============
最佳适宜值为：
110.87597563606907
最佳迁移代数为：
119999
最佳分配序列为：
1 1 1 1 1 1 1 1 1 1 2 1 1 2 1 6 3 1 |1 1 1 5 1 1 1 6 1 1 1 |1 1 1 1 1 1 1 6 1 1 1 1 |2 1 1 1 6 1 4 1 1 3 4 1 1 1 1 1 |1 1 1 2 1 1 1 1 2 1 |3 1 1 1 1 1 1 1 1 1 1 1 1 3 1 6 1 |1 1 1 1 1 4 2 1 3 2 1 1 2 1 1 1 3 1 |1 1 2 1 1 1 2 |2 1 1 1 1 1 1 1 1 1 6 1 1 1 1 1 1 1 |1 1 1 1 1 1 4 1 1 3 1 1 1 1 1 1 1 1 1 |1 1 1 1 1 3 |1 1 1 1 1 1 1 1 1 2 |1 1 1 5 1 5 1 1 1 1 4 1 1 2 1 1 4 1 1 |1 1 5 6 1 2 1 6 2 |2 1 1 1 4 1 |2 1 5 1 1 1 1 1 1 1 3 1 1 1 1 1 1 |6 1 1 1 1 1 2 1 1 1 1 1 1 1 |1 1 1 1 1 1 1 1 |1 1 1 5 1 1 1 |2 1 2 1 1 1 1 1 1 1 1 1 1 1 1 1 |1 1 1 1 1 1 1 1 1 1 1 1 1 1 1 |1 6 1 1 1 3 1 1 1 1 3 1 1 4 1 1 1 2 |1 1 1 1 1 1 1 1 3 1 1 4 1 1 2 2 |1 1 1 1 1 1 1 1 1 1 1 1 2 1 |6 1 1 1 1 1 2 1 1 |1 1 1 1 4 6 1 1 5 1 1 1 2 1 1 1 1 2 4 1 |1 1 1 1 1 1 1 2 1 1 1 1 1 |5 1 1 1 1 5 1 1 1 1 1 3 2 1 1 1 1 1 1 1 |1 1 1 1 2 6 |4 1 1 1 1 1 6 1 2 1 1 1 |num = 600

===============第32个最优解如下===============
最佳适宜值为：
109.34687889144867
最佳迁移代数为：
119999
最佳分配序列为：
3 1 1 1 1 1 2 1 1 1 1 1 1 6 1 5 5 1 |1 1 1 5 1 3 1 5 1 1 1 |2 1 1 1 1 5 1 6 1 1 1 1 |1 1 1 1 5 1 2 1 2 3 5 3 1 1 1 1 |1 1 2 2 1 1 1 1 3 1 |4 1 1 1 1 1 1 1 1 1 1 1 1 3 1 6 1 |1 1 2 1 1 3 2 1 2 3 1 1 2 1 1 1 2 1 |1 1 1 1 1 1 1 |1 1 1 1 1 1 1 1 1 1 4 1 1 1 1 1 3 1 |1 1 1 1 1 1 2 1 1 1 2 1 1 1 1 1 1 1 1 |1 1 1 1 1 2 |1 1 1 1 1 1 1 1 1 1 |1 2 1 4 1 5 1 1 1 2 5 1 1 1 1 1 3 1 1 |2 1 4 6 1 2 1 3 1 |3 1 1 1 3 1 |1 1 3 1 1 1 1 1 1 1 1 1 1 1 1 1 1 |6 1 1 2 1 1 2 1 1 1 1 1 1 1 |1 1 1 1 1 1 1 1 |1 1 1 4 1 1 1 |2 1 1 1 1 1 1 1 1 1 1 1 1 1 1 1 |1 1 1 1 1 1 1 1 1 1 1 1 1 1 1 |1 3 1 1 1 3 1 1 2 1 2 1 1 4 1 1 1 4 |1 1 1 1 1 1 1 1 3 1 1 5 1 1 2 1 |1 1 1 3 1 1 1 1 1 1 1 1 2 1 |5 1 1 1 1 1 2 3 1 |1 1 1 1 4 6 1 1 4 1 1 1 1 1 1 1 1 2 4 1 |2 1 1 1 1 1 1 1 1 1 1 1 1 |4 1 1 1 1 4 1 1 1 1 1 3 3 1 1 1 1 1 3 1 |1 1 1 5 3 5 |3 1 1 1 1 1 5 1 2 1 1 1 |num = 600

===============第33个最优解如下===============
最佳适宜值为：
112.98353187473539
最佳迁移代数为：
119999
最佳分配序列为：
1 1 1 1 1 1 1 1 1 1 1 1 1 5 1 6 5 1 |1 1 1 6 1 2 1 6 1 1 1 |2 1 1 1 1 2 1 6 1 1 1 1 |1 1 1 1 3 1 4 1 3 4 5 2 1 1 1 1 |1 1 1 1 1 1 1 1 3 1 |3 1 1 1 1 1 1 1 1 1 1 1 1 3 1 5 1 |1 1 1 1 1 4 1 1 1 1 1 1 3 1 1 1 2 1 |1 1 3 1 1 1 3 |1 1 1 1 1 3 1 1 1 1 3 1 1 1 1 1 1 1 |1 1 1 1 1 1 1 1 1 3 1 1 1 1 1 1 1 1 1 |1 1 1 1 1 2 |1 1 1 1 1 1 1 1 1 1 |1 2 1 5 1 6 1 1 1 1 5 1 1 2 1 1 5 1 1 |1 1 5 6 1 4 1 6 2 |1 1 1 1 4 1 |1 1 5 1 1 1 1 1 1 1 3 1 1 1 1 1 1 |6 1 1 1 1 1 3 1 1 1 1 1 1 1 |1 1 1 1 1 1 1 1 |1 1 1 6 1 1 1 |1 1 3 1 1 1 1 1 1 1 1 2 1 1 1 1 |1 1 1 1 1 1 1 1 1 1 1 1 1 1 1 |1 6 1 1 1 1 1 1 1 1 2 1 1 4 1 1 1 2 |1 1 1 1 1 1 1 1 4 1 1 2 1 1 2 1 |1 1 1 2 1 1 1 1 1 1 1 1 2 1 |5 1 1 1 1 1 1 2 1 |1 1 1 1 6 6 1 1 4 1 1 1 1 1 1 1 1 3 5 1 |1 1 1 2 1 1 1 1 2 1 1 1 1 |2 1 1 1 1 5 1 1 1 1 1 3 5 1 1 1 1 1 1 1 |1 1 1 1 1 5 |4 1 1 1 1 1 5 1 1 1 1 1 |num = 600

===============第34个最优解如下===============
最佳适宜值为：
107.0118295465832
最佳迁移代数为：
119999
最佳分配序列为：
1 2 1 1 2 1 2 1 1 1 1 2 1 3 1 6 4 1 |1 1 1 6 1 2 1 3 1 2 1 |2 1 1 1 1 2 1 5 1 1 1 1 |1 1 1 1 5 1 2 1 3 2 4 3 1 2 1 1 |1 1 1 2 1 1 1 1 3 1 |2 1 1 1 1 1 1 1 2 1 1 1 1 2 1 6 1 |1 1 2 2 1 3 1 1 1 2 1 1 3 2 1 1 2 1 |1 1 3 1 1 1 1 |2 2 1 1 2 2 1 1 1 1 2 1 1 1 2 1 1 1 |1 1 1 1 1 1 2 1 1 4 1 2 1 1 1 2 1 1 1 |1 1 1 1 1 2 |1 1 1 1 1 1 1 1 1 2 |1 1 1 5 1 2 1 1 1 1 3 1 1 2 1 1 3 1 1 |1 1 3 3 1 3 1 5 3 |3 1 1 1 3 1 |1 1 3 1 1 2 2 1 1 1 2 2 1 1 1 1 1 |6 1 1 1 1 1 2 1 1 1 1 1 1 1 |1 1 1 1 1 1 1 1 |1 1 1 5 1 1 1 |2 1 2 1 1 1 1 1 3 1 1 2 1 1 1 1 |1 2 1 1 1 1 1 1 1 1 1 1 1 1 1 |1 4 1 1 1 1 1 1 1 1 2 1 1 5 1 1 1 2 |1 1 1 2 2 1 1 1 2 1 1 4 1 1 4 3 |1 1 1 2 1 1 1 1 1 1 1 1 4 1 |6 1 1 1 1 1 2 1 1 |1 1 1 1 6 6 1 1 4 1 1 1 1 1 1 1 1 3 3 1 |1 1 1 2 1 1 1 1 1 1 1 1 1 |1 1 2 1 1 4 1 1 1 1 2 4 3 1 1 1 1 1 1 1 |1 1 1 2 5 3 |3 1 1 1 1 1 6 1 1 1 1 1 |num = 600

===============第35个最优解如下===============
最佳适宜值为：
111.26027138418462
最佳迁移代数为：
119999
最佳分配序列为：
1 1 1 1 1 1 1 1 1 1 1 1 1 5 1 6 3 1 |1 1 1 5 1 2 1 5 1 1 1 |2 1 1 1 1 3 1 6 1 1 1 1 |1 1 1 1 4 1 6 1 1 5 5 2 1 1 1 1 |1 1 1 1 1 1 1 1 3 1 |3 1 1 1 1 1 1 1 1 1 1 1 1 4 1 5 1 |1 1 5 1 1 5 1 1 1 2 1 1 4 1 1 1 1 1 |1 1 3 1 1 1 1 |1 1 1 1 1 3 1 1 1 1 3 1 1 1 1 1 2 1 |1 1 1 1 1 1 3 1 1 3 1 1 1 1 1 1 1 1 1 |1 1 1 1 1 4 |1 1 1 1 1 1 1 1 1 1 |1 1 1 6 1 2 1 1 1 1 6 1 1 3 1 1 4 1 1 |1 1 3 6 1 3 1 6 2 |1 1 1 1 4 1 |1 1 4 1 1 1 1 1 1 1 4 1 1 1 1 1 1 |6 1 1 2 1 1 3 1 1 1 1 1 1 1 |1 1 1 1 1 1 1 1 |1 1 1 5 1 1 1 |1 1 3 1 1 1 1 1 1 1 1 1 1 1 1 1 |1 1 1 1 1 1 1 1 1 2 1 1 1 1 1 |1 6 1 1 1 1 1 1 1 1 1 1 1 4 1 1 1 3 |1 1 1 1 1 1 1 1 4 1 1 4 1 1 1 1 |1 1 1 3 1 1 1 1 1 1 1 1 2 1 |5 1 1 1 1 1 2 3 1 |1 1 1 1 2 3 1 1 4 1 1 1 1 1 1 1 1 2 4 1 |1 1 1 1 1 1 1 1 1 1 1 1 1 |3 1 1 1 1 5 1 1 1 1 1 3 6 1 1 1 1 1 1 1 |1 1 1 3 2 6 |3 1 1 1 1 1 4 1 1 1 1 1 |num = 600

===============第36个最优解如下===============
最佳适宜值为：
111.45148286689353
最佳迁移代数为：
119999
最佳分配序列为：
1 1 1 1 1 1 2 1 1 1 1 1 1 5 1 6 3 1 |1 1 1 6 1 2 1 2 1 1 1 |2 1 1 1 1 1 1 4 1 1 1 1 |1 1 1 1 5 1 5 1 1 2 3 3 1 1 1 1 |1 1 1 1 1 1 1 1 2 1 |4 1 1 1 1 3 1 1 1 1 1 1 1 2 1 5 1 |1 1 1 1 1 3 2 1 1 2 1 1 3 1 1 1 2 1 |1 1 3 1 1 1 1 |1 1 1 1 2 2 1 1 1 1 4 1 1 1 1 1 3 1 |1 1 1 1 1 1 2 1 1 3 1 1 1 1 1 1 1 1 1 |1 1 1 1 1 4 |1 1 1 1 1 1 1 1 1 1 |1 2 1 4 1 4 1 1 1 1 6 1 1 4 1 1 4 1 1 |1 1 5 6 1 2 1 5 2 |1 1 1 1 5 1 |2 1 5 1 1 1 1 1 1 1 2 1 1 1 1 1 1 |5 1 1 2 1 1 4 1 1 1 1 1 1 1 |1 1 1 1 1 1 1 1 |1 1 1 6 1 1 1 |1 1 2 1 1 1 1 1 1 1 1 1 1 1 1 1 |1 1 1 1 1 1 1 1 1 1 1 1 1 1 1 |1 6 1 1 1 1 1 1 1 1 2 1 1 4 1 1 1 4 |1 1 1 1 4 1 1 1 4 1 1 5 1 1 3 3 |1 1 1 3 1 1 1 1 1 1 1 1 2 1 |6 1 1 1 1 1 1 1 1 |1 1 1 1 5 5 1 1 4 1 1 1 1 1 1 1 1 2 4 1 |1 1 1 1 1 1 1 1 1 1 1 1 1 |3 1 1 1 1 5 1 1 1 1 1 2 4 1 1 1 1 1 1 1 |1 1 1 1 2 6 |4 1 1 1 1 1 6 1 1 1 1 1 |num = 600

===============第37个最优解如下===============
最佳适宜值为：
106.55012719914777
最佳迁移代数为：
119999
最佳分配序列为：
1 2 2 1 1 1 2 1 1 1 1 1 1 4 1 6 3 1 |2 1 1 4 1 2 1 4 1 2 1 |2 1 1 1 1 2 1 4 1 1 2 1 |1 1 1 1 4 1 4 1 1 3 6 2 1 1 1 1 |1 1 1 2 1 1 1 1 2 1 |2 1 1 1 1 2 1 1 2 1 1 1 1 5 1 6 1 |1 1 1 1 1 2 2 2 2 2 1 1 2 2 1 1 2 1 |1 1 3 1 1 1 2 |3 1 1 1 2 2 1 3 1 1 2 1 1 1 1 1 2 1 |2 1 1 1 1 1 2 1 1 1 1 1 1 1 1 1 1 1 1 |1 1 1 1 1 3 |1 1 1 1 1 1 1 1 1 2 |1 1 1 3 1 5 1 1 1 1 3 1 1 2 1 1 4 2 1 |1 1 5 6 1 2 1 3 2 |1 1 1 1 4 1 |2 1 6 1 1 2 1 1 1 1 5 2 1 1 1 2 1 |3 1 1 1 1 1 2 1 1 1 1 1 1 1 |1 1 1 1 1 1 1 1 |1 1 1 4 1 1 1 |2 1 2 1 1 1 2 1 2 1 1 1 1 1 1 1 |1 1 1 1 1 1 1 1 1 2 1 1 1 1 1 |1 6 1 1 1 1 2 1 2 1 1 1 2 2 1 1 1 2 |1 1 1 1 3 1 1 1 4 1 1 3 1 1 1 2 |1 1 1 2 1 1 1 1 1 1 1 1 3 1 |6 2 1 1 1 1 1 3 1 |1 1 1 1 6 6 1 1 1 1 1 1 1 1 1 1 1 2 5 1 |2 1 1 1 1 1 1 1 2 1 1 1 1 |2 1 2 1 1 4 1 1 1 1 1 3 3 1 1 1 1 1 1 1 |2 1 1 1 2 4 |2 1 1 1 1 1 5 1 2 1 1 1 |num = 600

===============第38个最优解如下===============
最佳适宜值为：
110.73154252720082
最佳迁移代数为：
119999
最佳分配序列为：
1 1 1 1 1 1 1 1 1 1 1 1 1 4 1 6 2 1 |1 1 1 6 1 3 1 5 1 1 1 |3 1 1 1 1 2 1 5 1 1 1 1 |1 1 1 1 3 1 4 1 1 4 5 2 1 1 1 1 |1 1 1 1 1 1 1 1 3 1 |4 1 1 1 1 1 1 1 1 1 1 1 1 3 1 6 1 |1 1 1 1 1 4 1 1 2 2 1 1 3 1 1 1 2 1 |1 1 3 1 1 1 3 |1 1 1 1 3 3 1 1 1 1 4 1 1 1 1 1 3 1 |2 1 1 2 1 1 2 1 1 2 1 1 1 1 1 1 1 1 1 |1 1 1 1 1 3 |1 1 1 1 1 1 1 1 1 3 |1 2 1 4 1 4 1 1 1 1 5 1 1 3 1 1 3 1 1 |1 1 5 6 1 4 1 6 1 |1 1 1 1 2 1 |1 1 2 1 1 1 1 1 1 1 2 1 1 1 1 1 1 |6 1 1 2 1 1 2 1 1 1 1 1 1 1 |1 1 1 1 1 1 1 1 |1 1 1 4 1 1 1 |1 1 2 1 1 1 1 1 1 1 1 2 1 1 1 1 |1 1 1 1 1 1 1 1 1 1 1 1 1 1 1 |1 6 1 1 1 2 1 1 1 1 3 1 1 4 1 1 1 2 |1 1 1 1 2 1 1 1 5 1 1 2 1 1 2 1 |1 1 1 3 1 1 1 1 1 1 1 1 3 1 |6 1 1 1 1 1 2 2 1 |1 1 1 1 6 6 1 1 3 1 1 1 1 1 1 1 1 3 3 1 |1 1 1 2 1 1 1 1 2 1 1 1 1 |4 1 1 1 1 4 1 1 1 1 1 3 4 1 2 1 1 1 1 1 |1 1 1 2 2 6 |2 1 1 1 1 1 4 1 1 1 1 1 |num = 600

===============第39个最优解如下===============
最佳适宜值为：
113.44184960406042
最佳迁移代数为：
119999
最佳分配序列为：
1 1 1 1 1 1 1 1 1 1 1 1 1 6 1 6 4 1 |1 1 1 6 1 1 1 5 1 1 1 |1 1 1 1 1 2 1 6 1 1 1 1 |1 1 1 1 6 1 5 1 1 5 6 4 1 1 1 1 |1 1 1 1 1 1 1 1 3 1 |3 1 1 1 1 1 1 1 1 1 1 1 1 3 1 6 1 |1 1 1 1 1 6 1 1 1 1 1 1 2 1 1 1 3 1 |1 1 1 1 1 1 3 |1 1 1 1 1 3 1 1 1 1 3 1 1 1 1 1 1 1 |1 1 1 1 1 1 2 1 1 2 1 1 1 1 1 1 1 1 1 |1 1 1 1 1 2 |1 1 1 1 1 1 1 1 1 1 |1 1 1 5 1 5 1 1 1 1 5 1 1 3 1 1 4 1 1 |1 1 1 6 1 4 1 6 2 |1 1 1 1 3 1 |1 1 4 1 1 1 1 1 1 1 4 1 1 1 1 1 1 |6 1 1 1 1 1 3 1 1 1 1 1 1 1 |1 1 1 1 1 1 1 1 |1 1 1 6 1 1 1 |1 1 2 1 1 1 1 1 1 1 1 1 1 1 1 1 |1 1 1 1 1 1 1 1 1 1 1 1 1 1 1 |1 6 1 1 1 1 1 1 1 1 2 1 1 3 1 1 1 3 |1 1 1 1 1 1 1 1 3 1 1 5 1 1 2 2 |1 1 1 1 1 1 1 1 1 1 1 1 3 1 |6 1 1 1 1 1 1 2 1 |1 1 1 1 6 6 1 1 4 1 1 1 1 1 1 1 1 1 4 1 |1 1 1 1 1 1 1 1 1 1 1 1 1 |5 1 1 1 1 5 1 1 1 1 1 3 6 1 1 1 1 1 1 1 |1 1 1 1 1 6 |4 1 1 1 1 1 6 1 1 1 1 1 |num = 600

===============第40个最优解如下===============
最佳适宜值为：
111.21438355542095
最佳迁移代数为：
119999
最佳分配序列为：
1 1 1 1 1 1 1 1 1 1 1 1 1 4 1 6 4 1 |1 1 1 6 1 2 1 3 1 1 1 |2 1 1 1 1 2 1 5 1 1 1 1 |1 1 1 1 5 1 3 1 1 3 5 3 1 1 1 1 |1 1 1 1 1 1 1 1 5 1 |2 1 1 1 1 1 1 1 1 1 1 1 1 4 1 5 1 |1 1 1 1 1 6 1 1 1 2 1 1 1 1 1 1 1 1 |1 1 1 1 1 1 4 |1 1 1 1 2 3 1 1 1 1 4 1 1 1 1 1 2 1 |2 1 1 1 1 1 3 1 1 2 1 1 1 1 1 1 1 1 1 |1 1 1 1 1 2 |1 1 1 1 1 1 1 1 1 1 |2 1 1 4 1 4 1 1 1 1 6 1 1 3 1 1 3 1 1 |1 1 3 6 1 3 1 6 2 |1 1 1 1 5 1 |1 1 3 1 1 1 1 1 1 1 2 1 1 1 1 1 1 |6 1 1 1 1 1 3 1 1 1 1 1 1 1 |1 1 1 1 1 1 1 1 |1 1 1 6 1 1 1 |1 1 2 1 1 1 1 1 1 1 1 1 1 1 1 1 |1 1 1 1 1 1 1 1 1 1 1 1 1 1 1 |1 6 1 1 1 2 1 1 1 1 4 1 1 4 2 1 1 3 |1 1 1 1 1 1 1 1 2 1 1 6 1 1 2 2 |1 1 1 2 1 1 1 1 1 1 1 1 4 1 |6 1 1 1 1 1 2 2 1 |1 1 1 1 4 6 1 1 2 1 1 1 1 1 1 1 1 2 3 1 |1 1 1 2 1 1 1 1 1 1 1 1 1 |4 1 1 1 1 4 1 1 1 1 1 3 5 1 1 1 1 1 1 1 |1 1 1 1 3 6 |3 1 1 1 1 1 6 2 3 1 1 1 |num = 600

===============第41个最优解如下===============
最佳适宜值为：
109.01667175093198
最佳迁移代数为：
119999
最佳分配序列为：
1 1 1 1 1 1 1 1 1 1 1 1 1 5 1 6 5 1 |1 1 1 5 2 3 1 3 1 3 1 |1 1 1 1 1 1 1 4 1 1 1 1 |1 1 1 1 3 1 5 1 1 2 5 3 1 1 1 1 |1 1 2 1 1 1 1 1 3 1 |4 1 1 1 1 1 1 1 1 1 1 1 1 3 1 6 1 |1 1 1 1 1 6 1 1 1 2 1 1 2 1 1 1 2 1 |1 1 1 1 1 1 1 |3 1 1 1 1 5 1 1 1 1 1 1 1 1 1 1 3 1 |2 1 1 2 1 1 3 1 1 1 1 1 1 1 1 1 1 1 1 |1 1 1 1 1 4 |1 1 1 1 1 1 1 1 1 1 |1 1 1 5 1 4 1 1 1 2 5 1 1 3 1 1 3 1 1 |1 1 4 6 2 2 1 5 3 |1 1 1 1 5 1 |2 1 2 1 1 2 1 1 1 1 3 1 1 2 1 1 1 |4 1 1 3 1 1 3 1 1 1 3 1 1 1 |1 1 1 1 1 1 1 1 |1 1 1 4 1 1 1 |1 1 1 1 1 1 1 1 2 1 1 2 1 1 1 1 |1 1 1 1 1 1 1 1 1 1 3 1 1 1 1 |1 6 1 1 1 2 1 1 1 1 3 1 1 3 1 1 1 2 |1 1 1 2 3 1 1 1 2 1 1 2 1 1 1 2 |1 1 1 2 1 1 1 1 1 1 1 2 3 1 |5 1 1 3 1 1 1 2 1 |1 1 1 1 4 5 1 1 3 1 1 1 1 1 1 1 1 2 2 1 |2 1 1 2 1 1 1 1 2 1 1 1 1 |4 1 1 1 1 1 1 1 1 1 2 4 4 1 1 1 1 1 1 1 |1 1 1 1 2 6 |3 1 1 1 1 1 5 1 2 1 1 1 |num = 600

===============第42个最优解如下===============
最佳适宜值为：
111.52100790959422
最佳迁移代数为：
119999
最佳分配序列为：
1 1 1 1 1 1 1 1 1 1 1 1 1 5 1 6 4 1 |1 1 1 4 1 4 1 6 1 1 1 |1 1 1 1 1 1 1 5 1 1 1 1 |1 1 1 1 5 1 5 1 1 1 5 3 1 1 1 1 |1 1 1 1 1 1 1 1 3 1 |6 1 1 1 1 2 1 1 1 1 1 1 1 4 1 6 1 |1 1 1 1 1 6 2 1 1 2 1 1 2 1 1 1 1 1 |1 1 2 1 1 1 4 |1 1 1 1 1 3 1 1 1 1 3 1 1 1 1 1 2 1 |1 1 1 1 1 1 4 1 1 3 1 1 1 1 1 1 1 1 1 |1 1 1 1 1 3 |1 1 1 1 1 1 1 1 1 1 |1 2 1 6 1 4 1 1 1 1 5 1 1 1 1 1 2 1 1 |1 1 4 6 1 4 1 6 3 |1 1 1 1 2 1 |1 1 3 1 1 1 1 1 1 1 3 1 1 1 1 1 1 |6 1 1 2 1 1 2 1 1 1 1 1 1 1 |1 1 1 1 1 1 1 1 |1 1 1 5 1 1 1 |1 1 2 1 1 1 1 1 1 1 1 1 1 1 1 1 |1 1 1 1 1 1 1 1 1 1 1 1 1 1 1 |1 6 1 1 1 2 1 1 1 1 2 1 1 3 1 1 1 3 |1 1 1 1 3 1 1 1 1 1 1 6 1 1 3 1 |1 1 1 2 1 1 1 1 1 1 1 1 4 1 |6 1 1 1 1 1 1 2 1 |1 1 1 1 6 6 1 1 4 1 1 1 1 1 1 1 1 2 3 1 |1 1 1 1 1 1 1 1 1 1 1 1 1 |3 1 1 1 1 4 1 1 1 1 1 1 5 1 2 1 1 1 1 1 |1 1 1 2 1 6 |3 1 1 1 1 1 6 1 1 1 1 1 |num = 600

===============第43个最优解如下===============
最佳适宜值为：
111.74887425442633
最佳迁移代数为：
119999
最佳分配序列为：
1 1 1 1 1 1 1 1 1 1 1 1 1 6 1 6 1 1 |1 1 1 6 1 4 1 5 1 1 1 |3 1 1 1 1 2 1 5 1 1 1 1 |1 1 1 1 4 1 4 1 1 2 6 3 1 1 1 1 |1 1 1 1 1 1 1 1 3 1 |5 1 1 1 1 1 1 1 1 1 1 1 1 5 1 6 1 |1 1 1 1 1 5 3 1 1 3 1 1 3 1 1 1 3 1 |1 1 2 1 1 1 3 |2 1 1 1 1 2 1 1 1 1 3 1 1 1 1 1 1 1 |1 1 1 1 1 1 2 1 1 4 1 1 1 1 1 1 1 1 1 |1 1 1 1 1 1 |1 1 1 1 1 1 1 1 1 1 |1 1 1 4 1 4 1 1 1 1 5 1 1 6 1 1 2 1 1 |1 1 5 6 1 3 1 6 1 |1 1 1 1 3 1 |1 1 3 1 1 1 1 1 1 1 4 1 1 1 1 1 1 |5 1 1 2 1 1 2 1 1 1 1 1 1 1 |1 1 1 1 1 1 1 1 |1 1 1 6 1 1 1 |1 1 1 1 1 1 1 1 1 1 1 4 1 1 1 1 |1 1 1 1 1 1 1 1 1 1 1 1 1 1 1 |1 6 1 1 1 2 1 1 2 1 2 1 1 3 1 1 1 3 |1 1 1 1 2 1 1 1 2 1 1 5 1 1 1 1 |1 1 1 2 1 1 1 1 1 1 1 1 2 1 |5 1 1 1 1 1 1 1 1 |1 1 1 1 5 4 1 1 4 1 1 1 1 1 1 1 1 6 3 1 |1 1 1 1 1 1 1 1 2 1 1 1 1 |3 1 1 1 1 5 1 1 1 1 2 2 3 1 1 1 1 1 1 1 |1 1 1 1 2 6 |4 1 1 1 1 1 5 1 1 1 1 1 |num = 600

===============第44个最优解如下===============
最佳适宜值为：
109.00234599523975
最佳迁移代数为：
119999
最佳分配序列为：
1 1 1 1 1 1 1 1 1 1 1 1 1 5 1 5 4 1 |2 1 1 4 1 2 1 6 1 2 1 |4 1 1 1 1 1 1 4 1 1 1 1 |1 1 1 1 6 1 2 1 1 2 6 4 1 1 1 1 |1 1 2 2 1 1 1 1 3 1 |4 1 1 1 1 1 1 1 2 1 1 1 1 2 1 6 1 |1 1 1 1 1 4 2 1 1 1 1 1 2 1 1 1 1 1 |1 1 1 1 1 1 2 |1 1 1 1 1 1 1 1 1 1 1 1 1 1 1 1 3 1 |1 1 1 2 1 1 3 1 1 4 1 1 1 1 1 1 1 1 1 |1 1 1 1 1 1 |1 1 1 1 1 1 1 1 1 1 |1 1 1 6 1 6 1 1 1 2 5 1 1 1 1 1 3 1 1 |1 1 3 6 1 3 1 5 2 |4 1 1 1 5 1 |2 1 4 1 1 1 1 1 1 1 2 1 1 1 1 1 1 |6 1 1 1 1 1 3 1 1 1 2 1 1 1 |1 1 1 1 1 1 1 1 |1 1 1 5 1 1 1 |3 1 1 1 1 1 1 1 2 1 1 1 1 1 1 1 |1 1 1 1 1 1 1 1 3 1 1 1 1 1 1 |1 4 1 1 1 2 1 1 1 1 1 1 1 3 1 1 1 3 |1 1 1 2 2 1 1 1 3 1 1 3 1 1 2 2 |1 1 1 4 1 1 1 1 1 1 1 1 5 1 |4 1 1 1 1 1 2 3 1 |1 1 1 1 4 3 1 1 4 1 1 1 1 1 1 1 1 3 4 1 |1 1 1 2 1 1 1 2 1 1 1 1 1 |3 1 1 1 1 6 1 1 1 1 1 3 6 1 1 1 1 1 1 1 |1 1 1 2 2 5 |2 1 1 1 1 1 2 1 3 1 1 1 |num = 600

===============第45个最优解如下===============
最佳适宜值为：
113.06637761983903
最佳迁移代数为：
119999
最佳分配序列为：
1 1 1 1 1 1 1 1 1 1 1 1 1 4 1 6 5 1 |1 1 1 6 1 2 1 6 1 1 1 |1 1 1 1 1 2 1 6 1 1 1 1 |1 1 1 1 6 1 6 1 1 3 6 3 1 1 1 1 |1 1 1 1 1 1 1 1 4 1 |5 1 1 1 1 1 1 1 1 1 1 1 1 4 1 6 1 |1 1 1 1 1 4 2 1 1 2 1 1 3 1 1 1 2 1 |1 1 1 1 1 1 1 |1 1 1 1 1 2 1 1 1 1 4 1 1 1 1 1 3 1 |1 1 1 1 1 1 2 1 1 6 1 1 1 1 1 1 1 1 1 |1 1 1 1 1 4 |1 1 1 1 1 1 1 1 1 1 |1 1 1 4 1 4 1 1 1 1 6 1 1 4 1 1 6 1 1 |1 1 4 6 1 2 1 6 2 |1 1 1 1 4 1 |1 1 2 1 1 1 1 1 1 1 5 1 1 1 1 1 1 |6 1 1 2 1 1 3 1 1 1 1 1 1 1 |1 1 1 1 1 1 1 1 |1 1 1 6 1 1 1 |1 1 2 1 1 1 1 1 1 1 1 1 1 1 1 1 |1 1 1 1 1 1 1 1 1 1 1 1 1 1 1 |1 6 1 1 1 1 1 1 1 1 1 1 1 5 1 1 1 2 |1 1 1 1 1 1 1 1 2 1 1 5 1 1 3 1 |1 1 1 2 1 1 1 1 1 1 1 1 3 1 |6 1 1 1 1 1 2 1 1 |1 1 1 1 5 6 1 1 4 1 1 1 1 1 1 1 1 1 5 1 |1 1 1 1 1 1 1 1 1 1 1 1 1 |2 1 1 1 1 2 1 1 1 1 1 2 5 1 1 1 1 1 1 1 |1 1 1 1 1 4 |2 1 1 1 1 1 5 1 1 1 1 1 |num = 600

===============第46个最优解如下===============
最佳适宜值为：
111.13213064523697
最佳迁移代数为：
119999
最佳分配序列为：
1 1 1 1 1 1 1 1 1 1 1 1 1 5 1 6 2 1 |1 1 1 4 1 2 1 6 1 2 1 |2 1 1 1 1 4 1 4 1 1 1 1 |1 1 1 1 5 1 3 1 2 2 5 4 1 1 1 1 |1 1 1 1 1 1 1 1 2 1 |4 1 1 1 1 2 1 1 1 1 1 1 1 3 1 6 1 |1 1 1 1 1 1 2 1 1 2 1 1 4 1 1 1 1 1 |1 1 1 1 1 1 3 |1 1 1 1 1 2 1 1 1 1 2 1 1 1 1 1 2 1 |1 1 1 2 1 1 3 1 1 3 1 1 1 1 1 1 1 1 1 |1 1 1 1 1 3 |1 1 1 1 1 1 1 1 1 1 |1 2 1 6 1 4 1 1 1 1 4 1 2 3 1 1 1 1 1 |1 1 4 6 1 2 1 6 3 |1 1 1 1 3 1 |1 1 3 1 1 1 1 1 1 1 2 1 1 1 1 1 1 |6 1 1 2 1 1 4 1 1 1 2 1 1 1 |1 1 1 1 1 1 1 1 |1 1 1 4 1 1 1 |1 1 1 1 1 1 1 1 1 1 1 1 1 1 1 1 |1 1 1 1 1 1 1 1 1 1 1 1 1 1 1 |1 6 1 1 1 1 1 1 2 1 3 1 1 5 1 1 1 4 |1 1 1 1 2 1 1 1 5 1 1 4 1 1 4 1 |1 1 1 3 1 1 1 1 1 1 1 1 3 1 |6 1 1 1 1 1 1 2 1 |1 1 1 1 5 6 1 1 4 1 1 1 1 1 1 1 1 1 6 1 |1 1 1 1 1 1 1 1 1 1 1 1 1 |3 1 1 1 1 5 1 1 1 1 1 3 4 1 1 1 1 1 1 1 |1 1 1 2 2 6 |3 1 1 1 1 1 5 1 3 1 1 1 |num = 600

===============第47个最优解如下===============
最佳适宜值为：
109.16328526807989
最佳迁移代数为：
119999
最佳分配序列为：
2 1 1 1 1 1 1 1 1 1 1 2 1 4 1 6 3 1 |1 1 1 4 1 2 1 3 1 1 1 |3 1 1 1 1 1 1 6 1 1 1 1 |1 1 1 1 4 1 4 1 2 3 5 2 1 1 1 1 |1 1 3 2 1 1 1 1 2 1 |2 1 1 1 1 1 1 1 1 1 1 1 1 4 1 6 1 |1 1 1 2 1 3 1 2 2 1 1 1 1 1 1 2 2 1 |1 1 1 1 1 1 5 |3 1 1 1 1 3 1 1 1 1 2 1 1 1 1 2 1 1 |2 1 1 2 1 1 1 1 1 3 1 1 1 1 1 1 1 1 1 |1 1 1 1 1 4 |1 1 1 1 1 1 1 1 1 2 |2 4 1 6 1 3 1 1 1 1 6 1 1 2 1 1 4 1 1 |1 1 2 6 2 1 1 6 2 |3 1 1 1 4 1 |1 2 2 1 1 1 1 1 1 1 3 2 1 1 1 1 1 |6 1 1 1 1 1 2 1 1 1 1 1 1 1 |1 1 1 1 1 1 1 2 |1 1 1 6 1 1 1 |2 1 3 1 1 1 1 1 1 1 1 1 1 1 1 1 |1 1 1 1 1 1 2 1 1 1 1 1 1 1 1 |1 5 1 1 1 3 1 1 1 1 2 1 1 3 1 1 1 2 |1 1 1 1 5 1 1 1 2 1 1 2 1 1 2 2 |1 1 1 2 1 1 1 1 1 1 1 1 2 1 |6 1 1 2 1 1 2 1 1 |1 1 1 1 4 3 2 1 3 1 1 1 1 1 1 1 1 3 3 1 |1 2 1 2 1 1 1 1 2 1 1 1 1 |3 1 1 1 1 3 1 1 1 1 2 2 6 1 1 1 1 1 1 1 |1 2 1 3 1 5 |3 1 1 1 1 1 2 1 1 1 1 1 |num = 600

===============第48个最优解如下===============
最佳适宜值为：
110.73050799138984
最佳迁移代数为：
119999
最佳分配序列为：
1 1 1 1 1 1 1 1 1 1 1 1 1 5 1 6 5 1 |1 1 1 5 1 2 1 3 1 1 1 |2 1 1 1 1 2 1 6 1 1 1 1 |1 1 1 1 6 1 5 1 3 3 6 4 1 1 1 1 |1 1 1 2 1 1 1 1 3 1 |2 1 1 1 1 2 1 1 1 1 1 1 1 3 1 6 1 |1 1 2 1 1 2 3 1 1 3 1 1 3 1 1 1 2 1 |1 1 2 1 1 1 3 |2 1 1 1 1 2 1 1 1 1 3 1 1 1 1 1 3 1 |1 1 1 1 1 1 4 1 1 1 1 1 1 1 1 1 1 1 1 |1 1 1 1 1 3 |1 1 1 1 1 1 1 1 1 1 |1 2 1 4 1 2 1 1 1 1 5 1 1 1 1 1 2 1 1 |1 1 5 6 1 4 1 4 2 |1 1 1 1 3 1 |1 1 4 1 1 1 1 1 1 1 3 1 1 1 1 1 1 |6 1 1 2 1 1 2 1 1 1 1 1 1 1 |1 1 1 1 1 1 1 2 |1 1 1 3 1 1 1 |1 1 2 1 1 1 1 1 1 1 1 2 1 1 1 1 |1 1 1 1 1 1 1 1 1 1 1 1 1 1 1 |1 6 1 1 1 1 1 1 1 1 2 1 1 4 2 1 1 3 |1 1 1 1 2 1 1 1 3 1 1 3 1 1 3 1 |1 1 1 3 1 1 1 1 1 1 1 1 3 1 |6 1 1 1 1 1 3 1 1 |1 1 1 1 6 3 1 1 6 1 1 1 1 1 1 1 1 1 5 1 |1 1 1 2 1 1 1 1 2 1 1 1 1 |5 1 1 1 1 2 1 1 1 2 2 2 3 1 1 1 1 1 1 1 |1 1 1 1 3 6 |2 1 1 1 1 1 6 1 1 1 1 1 |num = 600

===============第49个最优解如下===============
最佳适宜值为：
111.24294558279583
最佳迁移代数为：
119999
最佳分配序列为：
1 1 1 1 1 1 1 1 1 1 1 1 1 6 1 4 2 1 |1 1 1 5 1 3 1 5 1 1 1 |2 1 1 1 1 1 1 6 1 1 1 1 |1 1 1 1 5 1 3 1 2 2 5 2 1 1 1 1 |1 1 1 1 1 1 1 1 2 1 |4 1 1 1 1 2 1 1 1 1 1 1 1 4 1 3 1 |1 1 1 3 1 4 2 1 1 2 1 1 3 1 1 1 3 1 |1 1 1 1 1 1 1 |3 1 1 1 2 3 1 1 1 1 3 1 1 1 1 1 2 1 |1 1 1 1 1 1 2 1 1 4 1 2 1 1 1 1 1 1 1 |1 1 1 1 1 1 |1 1 1 1 1 1 1 1 1 3 |1 2 1 4 1 5 1 1 1 1 5 1 1 4 1 1 3 1 1 |1 1 2 6 1 2 1 6 2 |1 1 1 1 3 1 |1 1 3 1 1 1 1 1 1 1 3 1 1 1 1 1 1 |6 1 1 3 1 1 2 1 1 1 1 1 1 1 |1 1 1 1 1 1 1 1 |1 1 1 6 1 1 1 |1 1 2 1 1 1 1 1 1 1 1 2 1 1 1 1 |1 1 1 1 1 1 1 1 1 2 1 1 1 1 1 |1 6 1 1 1 1 1 1 1 1 3 1 1 5 1 1 1 2 |1 1 1 2 2 1 1 1 3 1 1 4 1 1 4 1 |1 1 1 3 1 1 1 1 1 1 1 1 3 1 |5 1 1 1 1 1 2 1 1 |1 1 1 1 6 6 1 1 4 1 1 1 1 1 1 1 1 2 4 1 |1 1 1 1 1 1 1 1 1 1 1 1 1 |3 1 1 1 1 5 1 1 1 1 2 2 3 1 1 1 1 1 1 1 |1 1 1 2 4 5 |3 1 1 1 1 1 5 1 2 1 1 1 |num = 600

===============第50个最优解如下===============
最佳适宜值为：
112.0491168246758
最佳迁移代数为：
119999
最佳分配序列为：
1 1 1 1 1 1 1 1 1 1 1 1 1 5 1 6 4 1 |1 1 1 6 1 3 1 6 1 1 1 |2 1 1 1 1 2 1 5 1 1 1 1 |1 1 1 1 4 1 5 1 1 5 6 4 1 1 1 1 |1 1 1 1 1 1 1 1 3 1 |5 1 1 1 1 1 1 1 1 1 1 1 1 4 1 6 1 |1 1 1 1 1 3 2 1 2 2 1 1 2 1 1 1 2 1 |1 1 1 1 1 1 2 |1 1 1 1 1 3 1 1 1 1 3 1 1 1 1 1 3 1 |1 1 1 1 1 1 2 1 1 3 1 1 1 1 1 1 1 1 1 |1 1 1 1 1 3 |1 1 1 1 1 1 1 1 1 1 |1 1 1 4 1 4 1 1 1 1 6 1 1 1 1 1 2 1 1 |1 1 5 6 1 2 1 4 1 |1 1 1 1 5 1 |1 1 4 1 1 1 1 1 1 1 4 1 1 1 1 1 1 |6 1 1 2 1 1 3 1 1 1 1 1 1 1 |1 1 1 1 1 1 1 1 |1 1 1 6 1 1 1 |1 1 1 1 1 1 1 1 1 1 1 1 1 1 1 1 |1 1 1 1 1 1 1 1 2 1 1 1 1 1 1 |1 6 1 1 1 1 1 1 1 1 2 1 1 3 1 1 1 2 |1 1 1 1 2 1 1 1 2 1 1 3 1 1 2 2 |1 1 1 3 1 1 1 1 1 1 1 1 4 1 |6 1 1 1 1 1 2 3 1 |1 1 1 1 4 6 1 1 5 1 1 1 1 1 1 1 1 3 3 1 |1 1 1 1 1 1 1 1 1 1 1 1 1 |3 1 1 1 1 6 1 1 1 1 1 3 4 1 1 1 1 1 1 1 |1 1 1 2 1 5 |3 1 1 1 1 1 6 1 1 1 1 1 |num = 600

===============第51个最优解如下===============
最佳适宜值为：
111.02373323533755
最佳迁移代数为：
119999
最佳分配序列为：
1 1 1 1 1 1 1 1 1 1 1 1 1 4 1 6 2 1 |1 1 1 6 1 2 1 6 1 1 1 |2 1 1 1 1 2 1 5 1 1 1 1 |1 1 1 1 5 1 4 1 2 2 4 3 1 1 1 1 |1 1 1 1 1 1 1 1 3 1 |4 1 1 1 1 1 1 1 1 1 1 1 1 4 1 5 1 |1 2 1 2 1 4 3 1 1 3 1 1 3 1 1 1 2 1 |1 1 3 1 1 1 3 |3 1 1 1 2 2 1 1 1 1 2 1 1 1 1 1 2 1 |2 1 1 2 1 1 2 1 1 3 1 1 1 1 1 1 1 1 1 |1 1 1 1 1 4 |1 1 1 1 1 1 1 1 1 1 |1 2 1 3 1 4 1 1 1 1 3 1 1 3 1 1 2 1 1 |1 1 4 6 1 3 1 5 2 |1 1 1 1 5 1 |3 1 1 1 1 1 1 1 1 1 3 1 1 1 1 1 1 |6 1 1 3 1 1 2 1 1 1 2 1 1 1 |1 1 1 1 1 1 1 1 |1 1 1 6 1 1 1 |1 1 3 1 1 1 1 1 1 1 1 1 1 1 1 1 |1 1 1 1 1 1 1 1 1 1 1 1 1 1 1 |1 5 1 1 1 3 1 1 1 1 2 1 1 4 1 1 1 2 |1 1 1 1 1 1 1 1 3 1 1 5 1 1 3 1 |1 1 1 2 1 1 1 1 1 1 1 1 3 1 |5 1 1 1 1 1 1 4 1 |1 1 1 1 6 4 1 1 5 1 1 1 1 1 1 1 1 2 3 1 |1 1 1 1 1 1 1 1 1 1 1 1 1 |3 1 1 1 1 4 1 1 1 1 1 3 2 1 1 1 1 1 1 1 |1 1 1 2 2 6 |3 1 1 1 1 1 6 1 2 1 1 1 |num = 600

===============第52个最优解如下===============
最佳适宜值为：
111.4672800653581
最佳迁移代数为：
119999
最佳分配序列为：
1 1 1 1 1 1 1 1 1 1 1 1 1 6 1 6 4 1 |1 1 1 6 1 2 1 4 1 1 1 |2 1 1 1 1 3 1 6 1 1 1 1 |1 1 1 1 4 1 3 1 2 2 4 3 1 1 1 1 |1 1 1 2 1 1 1 1 3 1 |3 1 1 1 1 1 1 1 1 1 1 1 1 3 1 5 1 |1 1 1 1 1 4 1 1 2 2 1 1 2 1 1 1 2 1 |1 1 2 1 1 1 2 |4 1 1 1 2 4 1 1 1 1 3 1 1 1 1 1 2 1 |1 1 1 2 1 1 2 1 1 3 1 1 1 1 1 1 1 1 1 |1 1 1 1 1 3 |1 1 1 1 1 1 1 1 1 1 |1 1 1 4 1 2 1 1 1 1 5 1 1 3 1 1 3 1 1 |1 1 4 6 1 3 1 4 2 |1 1 1 1 2 1 |1 1 3 1 1 1 1 1 1 1 6 1 1 1 1 1 1 |5 1 1 2 1 1 2 1 1 1 1 1 1 1 |1 1 1 1 1 1 1 1 |1 1 1 3 1 1 1 |1 1 3 1 1 1 1 1 1 1 1 2 1 1 1 1 |1 1 1 1 1 1 1 1 1 1 1 1 1 1 1 |1 6 1 1 1 1 1 1 1 1 2 1 1 4 1 1 1 3 |1 1 1 1 2 1 1 1 6 1 1 6 1 1 2 1 |1 1 1 3 1 1 1 1 1 1 1 1 3 1 |6 1 1 1 1 1 2 2 1 |1 1 1 1 5 6 1 1 4 1 1 1 1 1 1 1 1 2 3 1 |1 1 1 2 1 1 1 1 1 1 1 1 1 |4 1 1 1 1 3 1 1 1 1 3 1 5 1 2 1 1 1 1 1 |1 1 1 3 1 6 |4 1 1 1 1 1 5 1 1 1 1 1 |num = 600

===============第53个最优解如下===============
最佳适宜值为：
114.69911334548435
最佳迁移代数为：
119999
最佳分配序列为：
1 1 1 1 1 1 1 1 1 1 1 1 1 6 1 6 5 1 |1 1 1 6 1 2 1 6 1 1 1 |1 1 1 1 1 2 1 6 1 1 1 1 |1 1 1 1 6 1 5 1 1 3 6 3 1 1 1 1 |1 1 1 1 1 1 1 1 3 1 |4 1 1 1 1 1 1 1 1 1 1 1 1 3 1 6 1 |1 1 1 1 1 5 1 1 1 1 1 1 3 1 1 1 1 1 |1 1 1 1 1 1 2 |1 1 1 1 1 1 1 1 1 1 3 1 1 1 1 1 2 1 |1 1 1 1 1 1 2 1 1 3 1 1 1 1 1 1 1 1 1 |1 1 1 1 1 3 |1 1 1 1 1 1 1 1 1 1 |1 1 1 6 1 6 1 1 1 1 6 1 1 2 1 1 5 1 1 |1 1 5 6 1 3 1 6 1 |1 1 1 1 5 1 |1 1 3 1 1 1 1 1 1 1 4 1 1 1 1 1 1 |6 1 1 1 1 1 4 1 1 1 1 1 1 1 |1 1 1 1 1 1 1 1 |1 1 1 6 1 1 1 |1 1 1 1 1 1 1 1 1 1 1 1 1 1 1 1 |1 1 1 1 1 1 1 1 1 1 1 1 1 1 1 |1 6 1 1 1 1 1 1 1 1 2 1 1 3 1 1 1 3 |1 1 1 1 2 1 1 1 2 1 1 5 1 1 4 1 |1 1 1 2 1 1 1 1 1 1 1 1 3 1 |6 1 1 1 1 1 1 1 1 |1 1 1 1 6 6 1 1 3 1 1 1 1 1 1 1 1 1 5 1 |1 1 1 1 1 1 1 1 1 1 1 1 1 |2 1 1 1 1 5 1 1 1 1 1 2 5 1 1 1 1 1 1 1 |1 1 1 1 1 6 |3 1 1 1 1 1 6 1 1 1 1 1 |num = 600

===============第54个最优解如下===============
最佳适宜值为：
109.30762744404974
最佳迁移代数为：
119999
最佳分配序列为：
1 2 1 1 1 1 1 1 1 1 1 1 1 6 1 6 5 1 |1 1 1 6 1 2 1 4 1 2 1 |3 1 1 1 1 2 1 6 1 1 1 1 |2 1 1 1 4 1 2 1 1 2 6 2 1 1 1 1 |1 1 1 1 1 1 1 1 4 1 |2 1 1 1 1 1 1 1 1 1 1 1 1 2 1 5 1 |1 1 2 1 1 4 2 1 2 4 1 1 2 1 1 1 2 1 |1 1 1 1 1 1 2 |1 1 2 1 1 3 1 1 1 1 2 1 1 1 1 1 2 1 |1 1 1 1 1 1 3 1 1 2 1 2 1 1 1 1 1 1 1 |1 1 1 1 1 4 |1 1 1 1 1 1 1 1 1 1 |3 2 1 5 1 4 1 1 1 1 4 1 1 2 1 1 4 1 1 |1 1 2 6 1 4 1 6 2 |1 1 1 1 3 1 |2 1 4 1 1 2 1 1 1 1 4 3 1 1 1 1 1 |3 1 1 1 1 1 1 1 1 1 1 1 1 1 |1 1 1 1 1 1 1 2 |1 1 1 6 1 1 1 |2 1 2 1 1 1 1 1 1 1 1 2 1 1 1 1 |1 1 1 1 1 1 1 1 1 1 1 1 1 1 1 |1 6 1 1 1 2 1 1 1 1 2 1 1 5 1 1 1 3 |1 1 1 1 2 1 1 1 4 1 1 3 1 1 2 2 |1 1 1 2 1 1 1 1 1 1 1 1 2 1 |3 1 1 1 1 1 2 3 1 |1 1 1 1 2 5 1 1 4 1 1 1 1 1 1 1 1 3 5 1 |1 1 1 2 1 1 1 1 2 1 1 1 1 |3 1 2 1 1 5 1 1 1 1 1 3 3 1 1 1 1 1 1 1 |1 1 1 2 2 4 |2 1 1 1 1 1 5 1 2 1 1 1 |num = 600

===============第55个最优解如下===============
最佳适宜值为：
111.74134291249845
最佳迁移代数为：
119999
最佳分配序列为：
1 1 1 1 1 1 1 1 1 1 1 1 1 5 1 5 5 1 |1 1 1 4 1 3 1 5 1 1 1 |2 1 1 1 1 1 1 6 1 1 1 1 |1 1 1 1 6 1 4 1 3 2 4 3 1 1 1 1 |1 1 1 1 1 1 1 1 1 1 |5 1 1 1 1 1 1 1 1 1 1 1 1 3 1 6 1 |1 1 1 1 1 6 1 1 1 2 1 1 3 1 1 1 4 1 |1 1 1 1 1 1 3 |2 1 1 1 1 1 1 1 1 1 3 1 1 1 1 1 2 1 |1 1 1 1 1 1 4 1 1 3 1 1 1 1 1 1 1 1 1 |1 1 1 1 1 2 |1 1 1 1 1 1 1 1 1 1 |1 2 1 6 1 4 1 1 1 1 6 1 1 2 1 1 2 1 1 |1 1 2 6 1 2 1 5 1 |1 1 1 1 5 1 |1 1 6 1 1 1 1 1 1 1 2 1 1 1 1 1 1 |6 1 1 1 1 1 3 1 1 1 1 1 1 1 |1 1 1 1 1 1 1 1 |1 1 1 6 1 1 1 |2 1 2 1 1 1 1 1 1 1 1 2 1 1 1 1 |1 1 1 1 1 1 1 1 1 1 1 1 1 1 1 |1 6 1 1 1 1 1 1 1 1 3 1 1 4 1 1 1 4 |1 1 1 1 2 1 1 1 1 1 1 6 1 1 4 1 |1 1 1 4 1 1 1 1 1 1 1 1 3 1 |6 1 1 1 1 1 1 1 1 |1 1 1 1 4 6 1 1 2 1 1 1 1 1 1 1 1 2 6 1 |1 1 1 1 1 1 1 1 2 1 1 1 1 |2 1 1 1 1 5 1 1 1 1 1 3 2 1 1 1 1 1 1 1 |1 1 1 2 2 5 |4 1 1 1 1 1 6 1 1 1 1 1 |num = 600

===============第56个最优解如下===============
最佳适宜值为：
112.09331427187662
最佳迁移代数为：
119999
最佳分配序列为：
1 1 1 1 1 1 1 1 1 1 1 1 1 5 1 6 4 1 |1 1 1 6 1 2 1 6 1 1 1 |2 1 1 1 1 2 1 4 1 1 1 1 |1 1 1 1 4 1 4 1 1 3 6 4 1 1 1 1 |1 1 1 1 1 1 1 1 4 1 |4 1 1 1 1 1 1 1 1 1 1 1 1 3 1 4 1 |1 1 1 1 1 6 2 1 1 1 1 1 2 1 1 1 2 1 |1 1 2 1 1 1 2 |1 1 1 1 1 2 1 1 1 1 4 1 1 1 1 1 3 1 |1 1 1 1 1 1 2 1 1 3 1 1 1 1 1 1 1 1 1 |1 1 1 1 1 3 |1 1 1 1 1 1 1 1 1 1 |1 1 1 6 1 6 1 1 1 1 6 1 1 3 1 1 6 1 1 |1 1 3 6 1 3 1 6 1 |1 1 1 1 5 1 |1 1 5 1 1 1 1 1 1 1 3 1 1 1 1 1 1 |6 1 1 2 1 1 3 1 1 1 1 1 1 1 |1 1 1 1 1 1 1 1 |1 1 1 2 1 1 1 |1 1 1 1 1 1 1 1 1 1 1 1 1 1 1 1 |1 1 1 1 1 1 1 1 1 1 1 1 1 1 1 |1 6 1 1 1 1 1 1 1 1 1 1 1 3 1 1 1 4 |1 1 1 1 2 1 1 1 3 1 1 5 1 1 2 1 |1 1 1 1 1 1 1 1 1 1 1 1 4 1 |5 1 1 1 1 1 2 1 1 |1 1 1 1 5 6 1 1 3 1 1 1 1 1 1 1 1 2 6 1 |1 1 1 1 1 1 1 1 1 1 1 1 1 |5 1 1 1 1 6 1 1 1 1 1 3 4 1 1 1 1 1 1 1 |1 1 1 1 2 6 |3 1 1 1 1 1 4 1 1 1 1 1 |num = 600

===============第57个最优解如下===============
最佳适宜值为：
113.10915900839682
最佳迁移代数为：
119999
最佳分配序列为：
1 1 1 1 1 1 1 1 1 1 1 1 1 4 1 6 3 1 |1 1 1 6 1 4 1 6 1 1 1 |1 1 1 1 1 1 1 6 1 1 1 1 |1 1 1 1 6 1 3 1 2 2 6 4 1 1 1 1 |1 1 1 1 1 1 1 1 3 1 |3 1 1 1 1 1 1 1 1 1 1 1 1 5 1 5 1 |1 1 1 1 1 4 1 1 1 2 1 1 2 1 1 1 3 1 |1 1 1 1 1 1 3 |1 1 1 1 2 4 1 1 1 1 3 1 1 1 1 1 1 1 |1 1 1 1 1 1 4 1 1 2 1 1 1 1 1 1 1 1 1 |1 1 1 1 1 2 |1 1 1 1 1 1 1 1 1 1 |1 1 1 3 1 3 1 1 1 1 6 1 2 3 1 1 4 1 1 |1 1 5 6 1 3 1 6 2 |1 1 1 1 4 1 |1 1 5 1 1 1 1 1 1 1 3 1 1 1 1 1 1 |6 1 1 2 1 1 4 1 1 1 1 1 1 1 |1 1 1 1 1 1 1 1 |1 1 1 2 1 1 1 |1 1 2 1 1 1 1 1 1 1 1 1 1 1 1 1 |1 1 1 1 1 1 1 1 1 1 1 1 1 1 1 |1 6 1 1 1 2 1 1 1 1 2 1 1 3 1 1 1 3 |1 1 1 1 1 1 1 1 2 1 1 5 1 1 4 2 |1 1 1 2 1 1 1 1 1 1 1 1 3 1 |6 1 1 1 1 1 1 2 1 |1 1 1 1 5 6 1 1 4 1 1 1 1 1 1 1 1 2 5 1 |1 1 1 1 1 1 1 1 1 1 1 1 1 |4 1 1 1 1 5 1 1 1 1 1 2 4 1 1 1 1 1 1 1 |1 1 1 1 1 6 |4 1 1 1 1 1 6 1 1 1 1 1 |num = 600

===============第58个最优解如下===============
最佳适宜值为：
109.17766010635223
最佳迁移代数为：
119999
最佳分配序列为：
1 1 1 1 1 1 1 1 1 1 1 1 1 3 1 6 3 1 |1 1 1 4 1 3 1 5 1 3 1 |1 1 1 1 1 2 1 4 1 1 1 1 |1 1 1 1 4 1 6 1 2 5 5 3 1 1 1 1 |1 1 1 1 1 1 1 1 3 1 |5 1 1 1 1 1 1 1 1 1 1 1 1 3 1 6 1 |1 1 1 1 1 3 2 1 4 2 1 1 3 1 1 1 2 1 |1 1 2 1 1 1 3 |1 1 1 1 1 2 1 1 1 1 3 1 1 1 1 1 2 1 |1 1 1 2 1 1 3 1 1 2 1 1 1 1 1 1 1 1 1 |1 1 1 1 1 1 |1 1 1 1 1 1 1 1 1 1 |1 4 1 4 1 5 1 1 1 1 5 1 1 2 1 1 3 1 1 |1 1 2 4 1 1 1 6 1 |3 1 1 1 3 1 |3 1 4 1 1 1 1 1 1 1 3 1 1 1 1 1 1 |6 1 1 2 1 1 3 1 1 1 1 1 1 1 |1 1 1 1 1 1 1 2 |1 1 1 3 1 1 1 |1 1 1 1 1 1 1 1 1 1 1 1 1 1 1 1 |1 1 1 1 1 1 1 1 1 1 1 1 1 1 1 |1 6 1 1 1 2 1 1 1 1 3 1 1 3 1 1 1 3 |1 1 1 1 3 1 1 1 2 1 1 4 1 1 4 2 |1 1 1 2 1 1 1 1 1 1 1 1 3 1 |4 1 1 1 1 1 1 2 1 |1 1 1 1 4 5 1 1 2 1 1 1 1 1 1 1 1 2 5 1 |1 1 1 3 1 1 1 1 2 1 1 1 1 |4 1 1 1 1 4 1 1 1 1 2 6 3 1 1 1 1 1 1 1 |1 1 1 2 2 6 |2 1 1 1 1 1 6 3 1 1 1 1 |num = 600

===============第59个最优解如下===============
最佳适宜值为：
107.37541262458551
最佳迁移代数为：
119999
最佳分配序列为：
2 1 1 1 1 1 2 1 1 1 1 1 1 5 1 6 3 1 |1 1 1 2 1 3 1 3 1 1 1 |2 1 1 1 1 2 1 5 1 1 1 1 |1 1 1 1 4 1 5 1 1 3 4 1 1 1 1 1 |1 1 2 1 1 1 1 1 2 1 |4 1 1 1 1 1 1 1 1 1 1 1 1 2 2 6 1 |1 1 1 2 1 4 4 1 2 2 1 1 5 1 1 1 2 1 |1 1 2 1 1 1 3 |3 1 2 1 2 2 1 1 1 1 3 1 1 1 1 1 1 1 |1 1 1 2 1 1 1 1 1 2 1 2 1 1 1 1 1 1 1 |1 1 1 1 1 3 |1 1 2 1 1 1 1 1 1 2 |1 1 1 5 1 2 1 1 1 1 3 1 2 4 1 1 1 1 1 |3 1 5 6 1 2 1 5 2 |1 1 1 1 4 1 |2 1 3 1 1 2 2 1 1 1 3 2 1 1 1 1 1 |6 1 1 2 1 1 4 1 1 1 1 1 1 1 |1 1 1 1 1 1 1 1 |1 1 1 3 1 1 1 |1 1 1 1 1 1 1 1 1 2 1 2 1 1 1 1 |1 1 1 1 2 1 1 1 2 2 2 1 1 1 1 |1 4 1 1 1 2 1 1 2 1 2 1 1 2 1 1 1 2 |1 1 1 1 2 1 1 1 2 1 1 2 1 1 3 2 |1 1 1 2 1 1 1 1 1 1 1 1 3 1 |4 1 1 1 1 1 2 1 1 |1 1 1 1 4 4 1 1 3 1 1 1 1 1 1 1 1 2 4 1 |1 2 1 3 1 1 1 1 1 1 1 1 1 |4 1 1 1 1 5 1 1 1 1 1 2 2 1 4 1 1 1 1 1 |1 1 1 3 3 6 |2 1 2 1 1 1 5 1 2 1 1 1 |num = 600

===============第60个最优解如下===============
最佳适宜值为：
112.57648668932798
最佳迁移代数为：
119999
最佳分配序列为：
1 1 1 1 1 1 1 1 1 1 1 1 1 4 1 6 3 1 |1 1 1 5 1 3 1 4 1 2 1 |2 1 1 1 1 3 1 6 1 1 1 1 |1 1 1 1 4 1 5 1 1 2 6 4 1 1 1 1 |1 1 1 1 1 1 1 1 4 1 |5 1 1 1 1 1 1 1 1 1 1 1 1 4 1 5 1 |1 1 1 1 1 4 2 1 1 3 1 1 2 1 1 1 3 1 |1 1 2 1 1 1 1 |1 1 1 1 1 1 1 1 1 1 5 1 1 1 1 1 3 1 |1 1 1 1 1 1 3 1 1 3 1 1 1 1 1 1 1 1 1 |1 1 1 1 1 2 |1 1 1 1 1 1 1 1 1 1 |1 1 1 6 1 5 1 1 1 1 6 1 1 3 1 1 4 1 1 |1 1 4 6 1 2 1 6 2 |1 1 1 1 5 1 |1 1 4 1 1 1 1 1 1 1 3 1 1 1 1 1 1 |6 1 1 2 1 1 3 1 1 1 1 1 1 1 |1 1 1 1 1 1 1 1 |1 1 1 4 1 1 1 |1 1 2 1 1 1 1 1 1 1 1 1 1 1 1 1 |1 1 1 1 1 1 1 1 1 1 1 1 1 1 1 |1 6 1 1 1 3 1 1 1 1 2 1 1 5 1 1 1 2 |1 1 1 1 1 1 1 1 2 1 1 6 1 1 1 1 |1 1 1 1 1 1 1 1 1 1 1 1 2 1 |3 1 1 1 1 1 3 3 1 |1 1 1 1 3 6 1 1 6 1 1 1 1 1 1 1 1 2 3 1 |1 1 1 1 1 1 1 1 1 1 1 1 1 |3 1 1 1 1 5 1 1 1 1 1 2 4 1 2 1 1 1 1 1 |1 1 1 2 3 6 |2 1 1 1 1 1 5 1 1 1 1 1 |num = 600

最大适应度：114.69911334548435
最小适应度：101.05008090659773
平均适应度：110.24996799876217
估计标准差值：2.3659468021092285
最佳分配：
1 1 1 1 1 1 1 1 1 1 1 1 1 6 1 6 5 1 |1 1 1 6 1 2 1 6 1 1 1 |1 1 1 1 1 2 1 6 1 1 1 1 |1 1 1 1 6 1 5 1 1 3 6 3 1 1 1 1 |1 1 1 1 1 1 1 1 3 1 |4 1 1 1 1 1 1 1 1 1 1 1 1 3 1 6 1 |1 1 1 1 1 5 1 1 1 1 1 1 3 1 1 1 1 1 |1 1 1 1 1 1 2 |1 1 1 1 1 1 1 1 1 1 3 1 1 1 1 1 2 1 |1 1 1 1 1 1 2 1 1 3 1 1 1 1 1 1 1 1 1 |1 1 1 1 1 3 |1 1 1 1 1 1 1 1 1 1 |1 1 1 6 1 6 1 1 1 1 6 1 1 2 1 1 5 1 1 |1 1 5 6 1 3 1 6 1 |1 1 1 1 5 1 |1 1 3 1 1 1 1 1 1 1 4 1 1 1 1 1 1 |6 1 1 1 1 1 4 1 1 1 1 1 1 1 |1 1 1 1 1 1 1 1 |1 1 1 6 1 1 1 |1 1 1 1 1 1 1 1 1 1 1 1 1 1 1 1 |1 1 1 1 1 1 1 1 1 1 1 1 1 1 1 |1 6 1 1 1 1 1 1 1 1 2 1 1 3 1 1 1 3 |1 1 1 1 2 1 1 1 2 1 1 5 1 1 4 1 |1 1 1 2 1 1 1 1 1 1 1 1 3 1 |6 1 1 1 1 1 1 1 1 |1 1 1 1 6 6 1 1 3 1 1 1 1 1 1 1 1 1 5 1 |1 1 1 1 1 1 1 1 1 1 1 1 1 |2 1 1 1 1 5 1 1 1 1 1 2 5 1 1 1 1 1 1 1 |1 1 1 1 1 6 |3 1 1 1 1 1 6 1 1 1 1 1 |num = 600
BBO算法运行求解巡逻调度问题耗时：1小时，29分钟，30秒
