===============第1个全局最优解================
最佳代数：
9743
最佳分配：
1 5 1 1 1 2 |1 1 1 6 1 1 1 5 1 3 1 1 1 1 4 |
最佳适应度：
1.1356647449715536

===============第2个全局最优解================
最佳代数：
5833
最佳分配：
1 5 1 1 1 1 |1 1 1 8 1 1 1 5 1 2 1 1 1 1 4 |
最佳适应度：
1.1786418336802096

===============第3个全局最优解================
最佳代数：
1537
最佳分配：
1 6 1 1 1 1 |1 1 1 6 1 1 1 6 1 1 1 1 1 1 5 |
最佳适应度：
1.138893072444537

===============第4个全局最优解================
最佳代数：
4861
最佳分配：
1 6 1 1 1 1 |1 1 1 7 1 1 1 6 1 2 1 1 1 1 3 |
最佳适应度：
1.1498013498117667

===============第5个全局最优解================
最佳代数：
5541
最佳分配：
1 6 1 1 1 1 |1 1 1 7 1 1 1 6 1 2 1 1 1 1 3 |
最佳适应度：
1.1538580819750672

===============第6个全局最优解================
最佳代数：
7183
最佳分配：
1 6 1 1 1 1 |1 1 1 7 1 1 1 6 1 2 1 1 1 1 3 |
最佳适应度：
1.178233775026087

===============第7个全局最优解================
最佳代数：
4943
最佳分配：
1 6 1 1 1 1 |1 1 1 7 1 1 1 6 1 1 1 1 1 1 4 |
最佳适应度：
1.1736856989842623

===============第8个全局最优解================
最佳代数：
5047
最佳分配：
1 6 1 1 1 1 |1 1 1 7 1 1 1 6 1 2 1 1 1 1 3 |
最佳适应度：
1.1725890620975268

===============第9个全局最优解================
最佳代数：
9771
最佳分配：
1 6 1 1 1 1 |1 1 1 7 1 1 1 5 1 3 1 1 1 1 3 |
最佳适应度：
1.1745142849234727

===============第10个全局最优解================
最佳代数：
2115
最佳分配：
1 6 1 1 1 1 |1 1 1 6 1 1 1 6 1 2 1 1 1 1 4 |
最佳适应度：
1.1237531713410425

===============第11个全局最优解================
最佳代数：
4593
最佳分配：
1 5 1 1 1 1 |1 1 1 8 1 1 1 4 1 3 1 1 1 1 4 |
最佳适应度：
1.1287069315801657

===============第12个全局最优解================
最佳代数：
5525
最佳分配：
1 6 1 1 1 1 |1 1 1 7 1 1 1 6 1 2 1 1 1 1 3 |
最佳适应度：
1.1598592115980162

===============第13个全局最优解================
最佳代数：
4521
最佳分配：
1 6 1 1 1 1 |1 1 1 7 1 1 1 5 1 3 1 1 1 1 3 |
最佳适应度：
1.1419802185404586

===============第14个全局最优解================
最佳代数：
2247
最佳分配：
1 6 1 1 1 1 |1 1 1 6 1 1 1 6 1 2 1 1 1 1 4 |
最佳适应度：
1.174848176519385

===============第15个全局最优解================
最佳代数：
9733
最佳分配：
1 5 1 1 1 1 |1 1 1 8 1 1 1 5 1 2 1 1 1 1 4 |
最佳适应度：
1.1155951624225733

===============第16个全局最优解================
最佳代数：
8355
最佳分配：
1 7 1 1 1 1 |1 1 1 7 1 1 1 5 1 2 1 1 1 1 3 |
最佳适应度：
1.1430974293255676

===============第17个全局最优解================
最佳代数：
7405
最佳分配：
1 5 1 1 1 1 |1 1 1 8 1 1 1 5 1 2 1 1 1 1 4 |
最佳适应度：
1.1560192805406933

===============第18个全局最优解================
最佳代数：
5439
最佳分配：
1 6 1 1 1 1 |1 1 1 7 1 1 1 6 1 1 1 1 1 1 4 |
最佳适应度：
1.1678451293690986

===============第19个全局最优解================
最佳代数：
4491
最佳分配：
1 6 1 1 1 1 |1 1 1 7 1 1 1 6 1 3 1 1 1 1 2 |
最佳适应度：
1.1174681401458066

===============第20个全局最优解================
最佳代数：
8675
最佳分配：
1 6 1 1 1 1 |1 1 1 8 1 1 1 5 1 3 1 1 1 1 2 |
最佳适应度：
1.193591843954361

===============第21个全局最优解================
最佳代数：
9959
最佳分配：
1 6 1 1 1 1 |1 1 1 7 1 1 1 6 1 1 1 1 1 1 4 |
最佳适应度：
1.1680281856844865

===============第22个全局最优解================
最佳代数：
9095
最佳分配：
1 6 1 1 1 1 |1 1 1 8 1 1 1 6 1 1 1 1 1 1 3 |
最佳适应度：
1.1777279095257398

===============第23个全局最优解================
最佳代数：
9883
最佳分配：
1 5 1 1 1 1 |1 1 1 7 1 1 1 5 1 3 1 1 1 1 4 |
最佳适应度：
1.1106565481520108

===============第24个全局最优解================
最佳代数：
8765
最佳分配：
1 6 1 1 1 1 |1 1 1 7 1 1 1 6 1 2 1 1 1 1 3 |
最佳适应度：
1.1712136205712227

===============第25个全局最优解================
最佳代数：
8693
最佳分配：
1 6 1 1 1 1 |1 1 1 8 1 1 1 5 1 1 1 1 1 1 4 |
最佳适应度：
1.1464330391535984

===============第26个全局最优解================
最佳代数：
4263
最佳分配：
1 6 1 1 1 1 |1 1 1 7 1 1 1 5 1 2 1 1 1 1 4 |
最佳适应度：
1.1381309204417933

===============第27个全局最优解================
最佳代数：
2415
最佳分配：
1 6 1 1 1 1 |1 1 1 6 1 1 1 6 1 1 1 1 1 1 5 |
最佳适应度：
1.162400923456053

===============第28个全局最优解================
最佳代数：
8503
最佳分配：
1 6 1 1 1 1 |1 1 1 8 1 1 1 6 1 1 1 1 1 1 3 |
最佳适应度：
1.2082233408283398

===============第29个全局最优解================
最佳代数：
5813
最佳分配：
1 6 1 1 1 1 |1 1 1 7 1 1 1 6 1 1 1 1 1 1 4 |
最佳适应度：
1.141667922212883

===============第30个全局最优解================
最佳代数：
4989
最佳分配：
1 6 1 1 1 1 |1 1 1 7 1 1 1 6 1 1 1 1 1 1 4 |
最佳适应度：
1.1642848720782153

===============第31个全局最优解================
最佳代数：
3769
最佳分配：
1 6 1 1 1 1 |1 1 1 7 1 1 1 6 1 1 1 1 1 1 4 |
最佳适应度：
1.1462994930579904

===============第32个全局最优解================
最佳代数：
2811
最佳分配：
1 6 1 1 1 1 |1 1 1 7 1 1 1 5 1 2 1 1 1 1 4 |
最佳适应度：
1.1466619542043237

===============第33个全局最优解================
最佳代数：
4177
最佳分配：
1 6 1 1 1 1 |1 1 1 7 1 1 1 5 1 1 1 1 1 1 5 |
最佳适应度：
1.1544474085299727

===============第34个全局最优解================
最佳代数：
4943
最佳分配：
1 6 1 1 1 1 |1 1 1 7 1 1 1 6 1 1 1 1 1 1 4 |
最佳适应度：
1.138216449582162

===============第35个全局最优解================
最佳代数：
7567
最佳分配：
1 6 1 1 1 1 |1 1 1 7 1 1 1 6 1 2 1 1 1 1 3 |
最佳适应度：
1.1792637396483274

===============第36个全局最优解================
最佳代数：
5065
最佳分配：
1 5 1 1 1 1 |1 1 1 8 1 1 1 5 1 2 1 1 1 1 4 |
最佳适应度：
1.160882334980472

===============第37个全局最优解================
最佳代数：
3581
最佳分配：
1 6 1 1 1 1 |1 1 1 7 1 1 1 6 1 2 1 1 1 1 3 |
最佳适应度：
1.164935371453269

===============第38个全局最优解================
最佳代数：
5827
最佳分配：
1 6 1 1 1 1 |1 1 1 7 1 1 1 6 1 2 1 1 1 1 3 |
最佳适应度：
1.1616878144718863

===============第39个全局最优解================
最佳代数：
7979
最佳分配：
1 6 1 1 1 1 |1 1 1 7 1 1 1 6 1 2 1 1 1 1 3 |
最佳适应度：
1.1380294621519154

===============第40个全局最优解================
最佳代数：
4985
最佳分配：
1 6 1 1 1 1 |1 1 1 7 1 1 1 5 1 1 1 1 1 1 5 |
最佳适应度：
1.1584993410843625

===============第41个全局最优解================
最佳代数：
5503
最佳分配：
1 6 1 1 1 1 |1 1 1 7 1 1 1 5 1 2 1 1 1 1 4 |
最佳适应度：
1.1487141308360247

===============第42个全局最优解================
最佳代数：
8491
最佳分配：
1 6 1 1 1 1 |1 1 1 8 1 1 1 5 1 1 1 1 1 1 4 |
最佳适应度：
1.1714664318617352

===============第43个全局最优解================
最佳代数：
4803
最佳分配：
1 6 1 1 1 1 |1 1 1 7 1 1 1 6 1 2 1 1 1 1 3 |
最佳适应度：
1.17479140771203

===============第44个全局最优解================
最佳代数：
3399
最佳分配：
1 6 1 1 1 1 |1 1 1 6 1 1 1 6 1 3 1 1 1 1 3 |
最佳适应度：
1.1637870333655165

===============第45个全局最优解================
最佳代数：
2477
最佳分配：
1 6 1 1 1 1 |1 1 1 6 1 1 1 6 1 3 1 1 1 1 3 |
最佳适应度：
1.1371349129681645

===============第46个全局最优解================
最佳代数：
7215
最佳分配：
1 5 1 1 1 1 |1 1 1 8 1 1 1 5 1 3 1 1 1 1 3 |
最佳适应度：
1.1647412014399872

===============第47个全局最优解================
最佳代数：
5267
最佳分配：
1 7 1 1 1 1 |1 1 1 7 1 1 1 5 1 1 1 1 1 1 4 |
最佳适应度：
1.1464696922609074

===============第48个全局最优解================
最佳代数：
6321
最佳分配：
1 5 1 1 1 1 |1 1 1 8 1 1 1 5 1 3 1 1 1 1 3 |
最佳适应度：
1.1358338073340406

===============第49个全局最优解================
最佳代数：
2131
最佳分配：
1 6 1 1 1 1 |1 1 1 6 1 1 1 5 1 3 1 1 1 1 4 |
最佳适应度：
1.1350810388770112

===============第50个全局最优解================
最佳代数：
5309
最佳分配：
1 6 1 1 1 1 |1 1 1 7 1 1 1 5 1 2 1 1 1 1 4 |
最佳适应度：
1.1773945741406362

===============第51个全局最优解================
最佳代数：
8917
最佳分配：
1 7 1 1 1 1 |1 1 1 7 1 1 1 6 1 2 1 1 1 1 2 |
最佳适应度：
1.144878788620235

===============第52个全局最优解================
最佳代数：
4029
最佳分配：
1 6 1 1 1 1 |1 1 1 7 1 1 1 6 1 3 1 1 1 1 2 |
最佳适应度：
1.1227383804965296

===============第53个全局最优解================
最佳代数：
7307
最佳分配：
1 6 1 1 1 1 |1 1 1 7 1 1 1 6 1 2 1 1 1 1 3 |
最佳适应度：
1.1688734981047304

===============第54个全局最优解================
最佳代数：
5637
最佳分配：
1 6 1 1 1 1 |1 1 1 7 1 1 1 6 1 2 1 1 1 1 3 |
最佳适应度：
1.1457663622387384

===============第55个全局最优解================
最佳代数：
3949
最佳分配：
1 6 1 1 1 1 |1 1 1 7 1 1 1 6 1 1 1 1 1 1 4 |
最佳适应度：
1.1652582434651793

===============第56个全局最优解================
最佳代数：
5505
最佳分配：
1 6 1 1 1 1 |1 1 1 7 1 1 1 6 1 2 1 1 1 1 3 |
最佳适应度：
1.1730275051137804

===============第57个全局最优解================
最佳代数：
7369
最佳分配：
1 6 1 1 1 1 |1 1 1 7 1 1 1 6 1 2 1 1 1 1 3 |
最佳适应度：
1.1905236359497815

===============第58个全局最优解================
最佳代数：
9151
最佳分配：
1 6 1 1 1 1 |1 1 1 7 1 1 1 6 1 1 1 1 1 1 4 |
最佳适应度：
1.1479385233287218

===============第59个全局最优解================
最佳代数：
7815
最佳分配：
1 6 1 1 1 1 |1 1 1 7 1 1 1 6 1 1 1 1 1 1 4 |
最佳适应度：
1.13809378985399

===============第60个全局最优解================
最佳代数：
5793
最佳分配：
1 6 1 1 1 1 |1 1 1 6 1 1 1 6 1 3 1 1 0 1 4 |
最佳适应度：
1.1892609394507803

最大适应度：1.2082233408283398
最小适应度：1.1106565481520108
平均适应度：1.1559685191323201
估计标准差值：0.02051473140258023
最佳分配：
1 6 1 1 1 1 |1 1 1 8 1 1 1 6 1 1 1 1 1 1 3 |
DNSPSO算法运行求解巡逻调度问题耗时：0小时，0分钟，15秒
