=============第1个最优解如下=============
最大目标值出现代数：
9149
最大目标值为：
89.43442165477477
最佳分配方案：
2 2 1 1 1 1 2 2 1 1 2 2 1 2 1 2 2 1 |2 2 2 2 2 2 2 2 1 2 1 |2 2 2 1 1 2 1 2 2 2 2 1 |2 1 1 1 2 1 2 2 2 2 2 2 1 2 1 1 |1 1 2 2 1 1 1 1 2 1 |2 2 1 1 1 2 2 1 2 1 1 2 1 2 2 2 1 |1 2 2 2 1 2 2 2 2 2 1 1 2 1 1 2 2 1 |1 1 2 1 1 1 2 |2 2 2 2 2 2 2 2 1 1 2 1 1 1 1 2 2 1 |2 1 1 2 2 1 2 2 1 2 2 2 1 1 1 1 1 1 1 |1 1 1 1 1 2 |1 1 2 1 1 1 1 1 1 2 |2 2 1 2 1 2 1 1 1 2 2 1 2 2 1 2 2 2 1 |2 2 2 2 2 2 2 2 2 |2 1 2 1 2 1 |2 2 2 1 1 2 2 2 1 1 2 2 1 1 1 2 1 |2 1 1 2 1 1 2 1 1 1 2 1 1 1 |1 2 1 1 1 1 1 2 |2 2 1 2 1 1 1 |2 1 2 1 1 1 2 2 2 2 1 2 1 1 2 2 |1 2 1 1 1 2 2 1 2 2 2 1 1 1 2 |1 2 2 1 1 2 2 1 2 1 2 1 1 2 2 1 1 2 |1 1 2 2 2 1 1 1 2 2 1 2 1 2 2 2 |2 1 1 2 1 1 1 1 1 2 1 2 2 1 |2 2 1 2 1 2 2 2 1 |1 1 1 2 2 2 2 1 2 1 1 1 2 1 1 1 1 2 2 1 |2 2 1 2 2 1 1 2 2 2 1 1 1 |2 2 2 1 1 2 1 1 1 2 2 2 2 1 2 1 1 1 1 1 |1 1 1 2 2 2 |2 1 1 1 1 1 2 2 2 1 1 1 |

最大适应度：89.43442165477477
最小适应度：89.43442165477477
平均适应度：89.43442165477477
估计标准差值：NaN
最佳分配：
2 2 1 1 1 1 2 2 1 1 2 2 1 2 1 2 2 1 |2 2 2 2 2 2 2 2 1 2 1 |2 2 2 1 1 2 1 2 2 2 2 1 |2 1 1 1 2 1 2 2 2 2 2 2 1 2 1 1 |1 1 2 2 1 1 1 1 2 1 |2 2 1 1 1 2 2 1 2 1 1 2 1 2 2 2 1 |1 2 2 2 1 2 2 2 2 2 1 1 2 1 1 2 2 1 |1 1 2 1 1 1 2 |2 2 2 2 2 2 2 2 1 1 2 1 1 1 1 2 2 1 |2 1 1 2 2 1 2 2 1 2 2 2 1 1 1 1 1 1 1 |1 1 1 1 1 2 |1 1 2 1 1 1 1 1 1 2 |2 2 1 2 1 2 1 1 1 2 2 1 2 2 1 2 2 2 1 |2 2 2 2 2 2 2 2 2 |2 1 2 1 2 1 |2 2 2 1 1 2 2 2 1 1 2 2 1 1 1 2 1 |2 1 1 2 1 1 2 1 1 1 2 1 1 1 |1 2 1 1 1 1 1 2 |2 2 1 2 1 1 1 |2 1 2 1 1 1 2 2 2 2 1 2 1 1 2 2 |1 2 1 1 1 2 2 1 2 2 2 1 1 1 2 |1 2 2 1 1 2 2 1 2 1 2 1 1 2 2 1 1 2 |1 1 2 2 2 1 1 1 2 2 1 2 1 2 2 2 |2 1 1 2 1 1 1 1 1 2 1 2 2 1 |2 2 1 2 1 2 2 2 1 |1 1 1 2 2 2 2 1 2 1 1 1 2 1 1 1 1 2 2 1 |2 2 1 2 2 1 1 2 2 2 1 1 1 |2 2 2 1 1 2 1 1 1 2 2 2 2 1 2 1 1 1 1 1 |1 1 1 2 2 2 |2 1 1 1 1 1 2 2 2 1 1 1 |
GA算法运行求解巡逻调度问题耗时：0小时，8分钟，18秒
第1个BestWave: 
1 1 1 1 1 1 1 1 1 1 1 1 1 6 1 6 3 1 |1 1 1 6 1 2 1 6 1 1 1 |1 1 1 1 1 1 1 6 1 1 1 1 |1 1 1 1 6 1 6 1 1 4 6 4 1 1 1 1 |1 1 1 1 1 1 1 1 4 1 |4 1 1 1 1 1 1 1 1 1 1 1 1 4 1 6 1 |1 1 1 1 1 6 1 1 1 1 1 1 1 1 1 1 1 1 |1 1 1 1 1 1 1 |1 1 1 1 1 3 1 1 1 1 3 1 1 1 1 1 1 1 |1 1 1 1 1 1 1 1 1 1 1 1 1 1 1 1 1 1 1 |1 1 1 1 1 3 |1 1 1 1 1 1 1 1 1 1 |1 1 1 6 1 5 1 1 1 1 6 1 1 3 1 1 3 1 1 |1 1 6 6 1 3 1 6 1 |1 1 1 1 6 1 |1 1 6 1 1 1 1 1 1 1 4 1 1 1 1 1 1 |6 1 1 1 1 1 3 1 1 1 1 1 1 1 |1 1 1 1 1 1 1 1 |1 1 1 6 1 1 1 |1 1 1 1 1 1 1 1 1 1 1 1 1 1 1 1 |1 1 1 1 1 1 1 1 1 1 1 1 1 1 1 |1 6 1 1 1 1 1 1 1 1 1 1 1 4 1 1 1 1 |1 1 1 1 1 1 1 1 1 1 1 6 1 1 1 1 |1 1 1 2 1 1 1 1 1 1 1 1 1 1 |6 1 1 1 1 1 1 1 1 |1 1 1 1 6 6 1 1 4 1 1 1 1 1 1 1 1 1 6 1 |1 1 1 1 1 1 1 1 1 1 1 1 1 |6 1 1 1 1 6 1 1 1 1 1 1 6 1 1 1 1 1 1 1 |1 1 1 1 1 6 |4 1 1 1 1 1 6 1 1 1 1 1 |realPatrol = 600|fitness = 113.93887061464243

最优解的最大适应度：113.93887061464243
最优解的最小适应度：113.93887061464243
最优解的平均适应度：113.93887061464243
估计标准差值：NaN
最优解的最佳分配：
1 1 1 1 1 1 1 1 1 1 1 1 1 6 1 6 3 1 |1 1 1 6 1 2 1 6 1 1 1 |1 1 1 1 1 1 1 6 1 1 1 1 |1 1 1 1 6 1 6 1 1 4 6 4 1 1 1 1 |1 1 1 1 1 1 1 1 4 1 |4 1 1 1 1 1 1 1 1 1 1 1 1 4 1 6 1 |1 1 1 1 1 6 1 1 1 1 1 1 1 1 1 1 1 1 |1 1 1 1 1 1 1 |1 1 1 1 1 3 1 1 1 1 3 1 1 1 1 1 1 1 |1 1 1 1 1 1 1 1 1 1 1 1 1 1 1 1 1 1 1 |1 1 1 1 1 3 |1 1 1 1 1 1 1 1 1 1 |1 1 1 6 1 5 1 1 1 1 6 1 1 3 1 1 3 1 1 |1 1 6 6 1 3 1 6 1 |1 1 1 1 6 1 |1 1 6 1 1 1 1 1 1 1 4 1 1 1 1 1 1 |6 1 1 1 1 1 3 1 1 1 1 1 1 1 |1 1 1 1 1 1 1 1 |1 1 1 6 1 1 1 |1 1 1 1 1 1 1 1 1 1 1 1 1 1 1 1 |1 1 1 1 1 1 1 1 1 1 1 1 1 1 1 |1 6 1 1 1 1 1 1 1 1 1 1 1 4 1 1 1 1 |1 1 1 1 1 1 1 1 1 1 1 6 1 1 1 1 |1 1 1 2 1 1 1 1 1 1 1 1 1 1 |6 1 1 1 1 1 1 1 1 |1 1 1 1 6 6 1 1 4 1 1 1 1 1 1 1 1 1 6 1 |1 1 1 1 1 1 1 1 1 1 1 1 1 |6 1 1 1 1 6 1 1 1 1 1 1 6 1 1 1 1 1 1 1 |1 1 1 1 1 6 |4 1 1 1 1 1 6 1 1 1 1 1 |600|realPatrol = 600
PWWO算法运行求解巡逻调度问题耗时：0小时，1分钟，3秒
第1个BestWave: 
1 2 2 1 1 2 2 2 2 2 1 1 1 1 1 6 1 2 |1 1 1 3 1 1 2 3 1 2 1 |1 1 1 1 1 1 1 1 2 1 3 1 |1 1 1 1 3 2 2 1 2 1 3 1 2 3 3 1 |2 1 1 1 1 1 1 1 1 1 |1 1 1 2 2 1 1 1 1 2 1 1 1 3 1 3 1 |1 1 1 2 2 3 1 1 4 1 2 3 1 1 2 1 1 1 |1 1 1 1 1 1 1 |1 1 1 1 2 1 1 1 1 1 2 1 1 1 1 1 1 1 |4 1 1 1 2 2 4 1 1 2 2 5 1 1 2 1 1 1 1 |1 1 1 1 1 1 |1 1 1 1 1 1 1 1 2 1 |1 3 1 5 1 5 1 1 2 1 5 1 1 1 1 3 2 1 1 |1 1 2 3 1 1 1 3 1 |1 1 2 1 1 1 |1 2 2 1 1 2 2 1 1 1 2 2 1 1 2 1 4 |2 1 1 2 1 1 1 1 2 1 1 1 1 1 |1 1 2 1 3 1 1 1 |1 1 1 1 1 1 1 |2 1 2 1 1 1 2 2 1 1 1 2 1 1 1 2 |1 2 1 1 1 1 1 1 1 2 1 1 1 1 2 |1 5 1 1 1 1 1 1 1 2 1 1 1 5 1 1 2 6 |2 1 1 2 5 2 1 1 2 1 1 1 1 1 3 2 |1 1 1 4 1 1 2 1 1 3 3 1 2 1 |1 1 2 1 1 2 1 1 1 |2 1 1 1 4 5 1 2 3 1 1 1 1 1 1 2 2 1 4 1 |1 1 1 2 1 1 1 1 1 1 1 2 1 |1 3 4 1 1 5 2 2 1 1 2 4 5 1 1 1 2 1 1 1 |1 1 1 2 1 2 |1 1 1 1 1 1 2 1 1 1 1 2 |realPatrol = 600|fitness = 92.5495086629254

最优解的最大适应度：92.5495086629254
最优解的最小适应度：92.5495086629254
最优解的平均适应度：92.5495086629254
估计标准差值：NaN
最优解的最佳分配：
1 2 2 1 1 2 2 2 2 2 1 1 1 1 1 6 1 2 |1 1 1 3 1 1 2 3 1 2 1 |1 1 1 1 1 1 1 1 2 1 3 1 |1 1 1 1 3 2 2 1 2 1 3 1 2 3 3 1 |2 1 1 1 1 1 1 1 1 1 |1 1 1 2 2 1 1 1 1 2 1 1 1 3 1 3 1 |1 1 1 2 2 3 1 1 4 1 2 3 1 1 2 1 1 1 |1 1 1 1 1 1 1 |1 1 1 1 2 1 1 1 1 1 2 1 1 1 1 1 1 1 |4 1 1 1 2 2 4 1 1 2 2 5 1 1 2 1 1 1 1 |1 1 1 1 1 1 |1 1 1 1 1 1 1 1 2 1 |1 3 1 5 1 5 1 1 2 1 5 1 1 1 1 3 2 1 1 |1 1 2 3 1 1 1 3 1 |1 1 2 1 1 1 |1 2 2 1 1 2 2 1 1 1 2 2 1 1 2 1 4 |2 1 1 2 1 1 1 1 2 1 1 1 1 1 |1 1 2 1 3 1 1 1 |1 1 1 1 1 1 1 |2 1 2 1 1 1 2 2 1 1 1 2 1 1 1 2 |1 2 1 1 1 1 1 1 1 2 1 1 1 1 2 |1 5 1 1 1 1 1 1 1 2 1 1 1 5 1 1 2 6 |2 1 1 2 5 2 1 1 2 1 1 1 1 1 3 2 |1 1 1 4 1 1 2 1 1 3 3 1 2 1 |1 1 2 1 1 2 1 1 1 |2 1 1 1 4 5 1 2 3 1 1 1 1 1 1 2 2 1 4 1 |1 1 1 2 1 1 1 1 1 1 1 2 1 |1 3 4 1 1 5 2 2 1 1 2 4 5 1 1 1 2 1 1 1 |1 1 1 2 1 2 |1 1 1 1 1 1 2 1 1 1 1 2 |600|realPatrol = 600
WWO算法运行求解巡逻调度问题耗时：0小时，1分钟，4秒
=============第1个最优解如下=============
最大目标值出现代数：
2724
最大目标值为：
88.38393475465652
最佳分配方案：
1 1 2 1 1 1 2 1 2 1 2 2 1 2 1 2 2 1 |2 1 2 2 2 2 1 2 1 2 2 |2 2 2 1 1 2 2 2 2 2 2 1 |2 1 1 1 2 1 2 1 2 2 2 2 1 1 1 1 |1 1 2 1 1 1 2 1 2 1 |2 2 1 1 1 2 2 1 1 1 1 1 1 2 1 2 1 |1 1 1 2 1 2 2 2 2 2 1 1 2 1 1 1 2 2 |2 2 2 1 1 1 2 |2 1 1 1 2 2 2 2 1 1 2 1 1 1 1 2 2 1 |2 1 1 2 2 1 2 1 1 2 2 2 1 2 1 1 1 1 1 |1 2 1 1 1 2 |1 1 2 1 1 1 1 1 1 2 |2 2 2 2 1 2 1 2 2 2 2 2 2 2 1 2 2 2 1 |2 1 2 2 2 2 1 2 2 |2 1 2 1 2 2 |2 1 2 1 1 2 2 2 2 2 2 2 2 2 2 2 2 |2 2 2 2 1 1 2 1 1 1 2 1 1 1 |1 2 1 1 1 1 1 2 |1 1 1 2 1 1 1 |2 1 2 1 1 1 2 2 2 1 1 2 1 1 1 1 |1 1 1 1 1 1 2 1 2 2 2 1 1 1 1 |1 2 2 2 1 2 2 2 2 1 2 2 1 2 2 2 1 2 |1 1 2 2 2 1 1 1 2 2 2 2 2 2 2 2 |1 1 1 2 1 1 1 1 1 1 1 2 2 1 |2 2 1 2 1 2 2 2 2 |1 1 2 2 2 2 2 1 2 1 1 1 2 1 1 1 1 2 2 1 |2 2 1 2 2 1 1 2 2 1 1 1 2 |2 1 1 1 1 2 1 1 2 2 2 2 2 1 1 1 1 1 2 1 |1 2 1 2 2 2 |2 1 1 1 1 1 2 1 2 1 1 2 |

最大适应度：88.38393475465652
最小适应度：88.38393475465652
平均适应度：88.38393475465652
估计标准差值：NaN
最佳分配：
1 1 2 1 1 1 2 1 2 1 2 2 1 2 1 2 2 1 |2 1 2 2 2 2 1 2 1 2 2 |2 2 2 1 1 2 2 2 2 2 2 1 |2 1 1 1 2 1 2 1 2 2 2 2 1 1 1 1 |1 1 2 1 1 1 2 1 2 1 |2 2 1 1 1 2 2 1 1 1 1 1 1 2 1 2 1 |1 1 1 2 1 2 2 2 2 2 1 1 2 1 1 1 2 2 |2 2 2 1 1 1 2 |2 1 1 1 2 2 2 2 1 1 2 1 1 1 1 2 2 1 |2 1 1 2 2 1 2 1 1 2 2 2 1 2 1 1 1 1 1 |1 2 1 1 1 2 |1 1 2 1 1 1 1 1 1 2 |2 2 2 2 1 2 1 2 2 2 2 2 2 2 1 2 2 2 1 |2 1 2 2 2 2 1 2 2 |2 1 2 1 2 2 |2 1 2 1 1 2 2 2 2 2 2 2 2 2 2 2 2 |2 2 2 2 1 1 2 1 1 1 2 1 1 1 |1 2 1 1 1 1 1 2 |1 1 1 2 1 1 1 |2 1 2 1 1 1 2 2 2 1 1 2 1 1 1 1 |1 1 1 1 1 1 2 1 2 2 2 1 1 1 1 |1 2 2 2 1 2 2 2 2 1 2 2 1 2 2 2 1 2 |1 1 2 2 2 1 1 1 2 2 2 2 2 2 2 2 |1 1 1 2 1 1 1 1 1 1 1 2 2 1 |2 2 1 2 1 2 2 2 2 |1 1 2 2 2 2 2 1 2 1 1 1 2 1 1 1 1 2 2 1 |2 2 1 2 2 1 1 2 2 1 1 1 2 |2 1 1 1 1 2 1 1 2 2 2 2 2 1 1 1 1 1 2 1 |1 2 1 2 2 2 |2 1 1 1 1 1 2 1 2 1 1 2 |
GA算法运行求解巡逻调度问题耗时：0小时，1分钟，28秒
===============第1个全局最优解================
最佳代数：
2395
最佳分配：
1 1 1 1 4 1 1 1 1 1 1 1 1 5 1 2 3 1 |1 1 1 3 1 1 1 4 1 1 1 |1 1 1 1 1 1 1 5 2 1 1 1 |1 1 1 1 6 1 4 1 1 1 5 1 1 1 1 1 |1 1 4 1 1 1 1 1 3 2 |1 1 1 1 1 1 1 1 1 1 2 1 1 6 1 5 1 |1 1 3 1 1 1 2 1 1 3 1 1 1 1 1 1 1 1 |2 2 1 1 1 1 3 |3 1 1 1 1 3 4 1 1 1 1 1 3 2 1 1 2 1 |4 1 1 1 1 1 1 1 2 2 1 1 1 1 1 1 1 1 1 |1 1 1 2 1 1 |2 1 1 1 1 1 1 1 1 1 |1 1 5 5 1 1 1 1 1 2 3 1 1 4 1 1 1 1 1 |1 1 4 5 1 5 1 6 1 |1 1 2 1 4 1 |1 1 2 1 2 1 1 1 2 1 1 2 1 2 1 1 2 |6 1 1 1 1 1 1 2 1 1 2 1 1 1 |1 1 1 1 1 1 2 1 |1 1 1 4 1 1 1 |1 1 4 1 1 1 1 1 1 3 2 1 1 1 2 1 |1 1 1 1 1 1 1 1 1 1 1 1 1 1 1 |1 5 1 2 1 3 1 2 1 1 1 1 1 1 2 1 1 1 |1 2 1 1 5 1 1 1 5 1 1 3 1 1 6 1 |1 1 1 1 1 1 2 2 1 1 1 2 1 1 |4 1 1 1 1 1 1 2 1 |1 1 1 1 2 4 1 1 5 1 1 1 1 1 2 1 1 1 4 1 |1 1 1 1 1 1 2 1 1 1 1 1 1 |6 1 1 1 1 3 1 1 1 1 1 2 1 1 1 1 1 1 1 1 |2 1 1 1 1 5 |1 5 1 1 1 1 4 1 1 2 1 1 |
最佳适应度：
100.34503735683282

最大适应度：100.34503735683282
最小适应度：100.34503735683282
平均适应度：100.34503735683282
估计标准差值：NaN
最佳分配：
1 1 1 1 4 1 1 1 1 1 1 1 1 5 1 2 3 1 |1 1 1 3 1 1 1 4 1 1 1 |1 1 1 1 1 1 1 5 2 1 1 1 |1 1 1 1 6 1 4 1 1 1 5 1 1 1 1 1 |1 1 4 1 1 1 1 1 3 2 |1 1 1 1 1 1 1 1 1 1 2 1 1 6 1 5 1 |1 1 3 1 1 1 2 1 1 3 1 1 1 1 1 1 1 1 |2 2 1 1 1 1 3 |3 1 1 1 1 3 4 1 1 1 1 1 3 2 1 1 2 1 |4 1 1 1 1 1 1 1 2 2 1 1 1 1 1 1 1 1 1 |1 1 1 2 1 1 |2 1 1 1 1 1 1 1 1 1 |1 1 5 5 1 1 1 1 1 2 3 1 1 4 1 1 1 1 1 |1 1 4 5 1 5 1 6 1 |1 1 2 1 4 1 |1 1 2 1 2 1 1 1 2 1 1 2 1 2 1 1 2 |6 1 1 1 1 1 1 2 1 1 2 1 1 1 |1 1 1 1 1 1 2 1 |1 1 1 4 1 1 1 |1 1 4 1 1 1 1 1 1 3 2 1 1 1 2 1 |1 1 1 1 1 1 1 1 1 1 1 1 1 1 1 |1 5 1 2 1 3 1 2 1 1 1 1 1 1 2 1 1 1 |1 2 1 1 5 1 1 1 5 1 1 3 1 1 6 1 |1 1 1 1 1 1 2 2 1 1 1 2 1 1 |4 1 1 1 1 1 1 2 1 |1 1 1 1 2 4 1 1 5 1 1 1 1 1 2 1 1 1 4 1 |1 1 1 1 1 1 2 1 1 1 1 1 1 |6 1 1 1 1 3 1 1 1 1 1 2 1 1 1 1 1 1 1 1 |2 1 1 1 1 5 |1 5 1 1 1 1 4 1 1 2 1 1 |
PSO算法运行求解巡逻调度问题耗时：0小时，1分钟，37秒
===============第1个最优解如下===============
最佳适宜值为：
107.54080686431817
最佳迁移代数为：
2999
最佳分配序列为：
1 1 1 1 1 1 1 1 1 1 1 1 1 3 1 6 4 1 |1 1 1 2 3 4 2 4 1 2 1 |3 1 1 1 1 3 1 4 1 1 1 1 |1 1 1 1 5 1 2 1 4 4 5 5 1 2 1 1 |1 1 2 1 1 1 2 1 2 1 |2 1 1 1 1 1 1 1 2 1 1 1 1 2 1 5 1 |1 1 1 2 1 3 2 1 2 2 1 1 2 1 1 1 4 1 |1 1 1 1 1 1 3 |1 1 1 1 3 4 1 1 1 1 2 1 1 1 1 1 2 1 |1 1 1 3 1 1 1 2 1 6 1 2 1 1 1 1 1 1 1 |1 1 1 1 1 2 |1 1 1 1 1 1 1 1 1 1 |1 1 1 4 1 5 1 1 1 1 3 1 1 1 1 1 3 1 1 |1 1 5 6 1 2 1 5 3 |1 1 1 1 4 1 |4 1 2 1 1 1 3 1 1 1 3 2 1 1 1 1 1 |4 1 1 1 1 1 1 1 1 1 2 1 1 1 |1 1 1 1 1 1 1 1 |1 1 1 6 1 1 1 |2 1 1 1 1 1 1 1 1 1 1 2 1 1 1 1 |1 1 1 1 1 1 1 1 1 1 1 1 1 1 1 |1 4 1 1 1 1 1 1 2 1 2 1 1 2 2 1 1 1 |1 1 1 1 2 1 1 1 3 1 1 1 1 1 3 2 |1 1 1 3 1 1 1 1 1 1 1 1 3 1 |6 1 1 1 1 1 1 2 1 |1 1 1 1 4 5 1 1 5 1 1 1 1 1 1 1 1 4 4 1 |1 1 1 1 1 1 1 1 1 1 1 1 1 |4 1 1 1 1 4 1 1 1 1 2 3 2 1 2 1 1 1 1 1 |1 1 1 1 2 5 |3 1 1 1 1 1 5 1 1 1 1 1 |num = 600

最大适应度：107.54080686431817
最小适应度：107.54080686431817
平均适应度：107.54080686431817
估计标准差值：NaN
最佳分配：
1 1 1 1 1 1 1 1 1 1 1 1 1 3 1 6 4 1 |1 1 1 2 3 4 2 4 1 2 1 |3 1 1 1 1 3 1 4 1 1 1 1 |1 1 1 1 5 1 2 1 4 4 5 5 1 2 1 1 |1 1 2 1 1 1 2 1 2 1 |2 1 1 1 1 1 1 1 2 1 1 1 1 2 1 5 1 |1 1 1 2 1 3 2 1 2 2 1 1 2 1 1 1 4 1 |1 1 1 1 1 1 3 |1 1 1 1 3 4 1 1 1 1 2 1 1 1 1 1 2 1 |1 1 1 3 1 1 1 2 1 6 1 2 1 1 1 1 1 1 1 |1 1 1 1 1 2 |1 1 1 1 1 1 1 1 1 1 |1 1 1 4 1 5 1 1 1 1 3 1 1 1 1 1 3 1 1 |1 1 5 6 1 2 1 5 3 |1 1 1 1 4 1 |4 1 2 1 1 1 3 1 1 1 3 2 1 1 1 1 1 |4 1 1 1 1 1 1 1 1 1 2 1 1 1 |1 1 1 1 1 1 1 1 |1 1 1 6 1 1 1 |2 1 1 1 1 1 1 1 1 1 1 2 1 1 1 1 |1 1 1 1 1 1 1 1 1 1 1 1 1 1 1 |1 4 1 1 1 1 1 1 2 1 2 1 1 2 2 1 1 1 |1 1 1 1 2 1 1 1 3 1 1 1 1 1 3 2 |1 1 1 3 1 1 1 1 1 1 1 1 3 1 |6 1 1 1 1 1 1 2 1 |1 1 1 1 4 5 1 1 5 1 1 1 1 1 1 1 1 4 4 1 |1 1 1 1 1 1 1 1 1 1 1 1 1 |4 1 1 1 1 4 1 1 1 1 2 3 2 1 2 1 1 1 1 1 |1 1 1 1 2 5 |3 1 1 1 1 1 5 1 1 1 1 1 |num = 600
BBO算法运行求解巡逻调度问题耗时：0小时，4分钟，26秒
=============第1个最优解如下=============
最大目标值出现代数：
2961
最大目标值为：
90.94507956060703
最佳分配方案：
1 1 2 2 1 2 2 1 2 1 1 2 1 2 1 3 3 1 |2 2 2 3 2 2 1 3 1 2 2 |3 2 3 1 1 3 1 3 1 1 3 1 |2 1 1 1 3 1 2 2 3 2 3 3 1 2 1 1 |1 1 2 2 1 1 1 1 2 1 |2 1 1 1 1 2 1 1 1 1 1 1 1 2 2 2 2 |1 1 2 1 1 3 3 2 2 2 2 1 2 1 1 1 2 1 |1 1 2 1 1 1 2 |2 1 1 2 2 2 2 2 1 1 2 1 1 1 1 2 2 2 |2 1 1 2 1 1 2 2 1 2 2 2 1 1 1 1 1 1 1 |1 1 1 1 1 2 |1 1 1 1 1 1 1 1 1 2 |2 2 1 2 2 2 1 1 1 1 2 1 2 2 1 1 2 2 1 |2 2 2 2 1 2 2 2 2 |2 1 2 1 2 1 |2 1 2 1 1 2 2 1 2 1 2 2 1 1 1 1 2 |2 1 1 2 1 1 2 1 1 1 2 1 1 1 |1 1 1 1 1 1 1 2 |2 1 1 2 1 1 1 |2 2 2 2 1 1 2 2 2 1 1 2 1 1 1 2 |1 2 1 1 1 2 2 1 2 2 2 2 1 1 1 |1 2 2 1 1 2 1 1 2 1 2 2 2 2 2 1 1 2 |1 1 1 2 2 1 1 1 1 1 1 2 1 2 2 2 |2 1 1 2 1 1 1 1 1 2 2 2 2 2 |2 2 1 2 2 2 2 2 2 |2 2 2 2 2 2 2 1 2 1 1 1 2 1 1 1 1 2 2 1 |2 1 1 2 2 1 2 2 2 1 1 1 1 |2 2 1 1 1 2 1 1 1 1 2 2 2 1 1 1 1 1 1 1 |1 1 1 2 2 2 |2 1 2 1 1 1 2 1 1 1 1 1 |

最大适应度：90.94507956060703
最小适应度：90.94507956060703
平均适应度：90.94507956060703
估计标准差值：NaN
最佳分配：
1 1 2 2 1 2 2 1 2 1 1 2 1 2 1 3 3 1 |2 2 2 3 2 2 1 3 1 2 2 |3 2 3 1 1 3 1 3 1 1 3 1 |2 1 1 1 3 1 2 2 3 2 3 3 1 2 1 1 |1 1 2 2 1 1 1 1 2 1 |2 1 1 1 1 2 1 1 1 1 1 1 1 2 2 2 2 |1 1 2 1 1 3 3 2 2 2 2 1 2 1 1 1 2 1 |1 1 2 1 1 1 2 |2 1 1 2 2 2 2 2 1 1 2 1 1 1 1 2 2 2 |2 1 1 2 1 1 2 2 1 2 2 2 1 1 1 1 1 1 1 |1 1 1 1 1 2 |1 1 1 1 1 1 1 1 1 2 |2 2 1 2 2 2 1 1 1 1 2 1 2 2 1 1 2 2 1 |2 2 2 2 1 2 2 2 2 |2 1 2 1 2 1 |2 1 2 1 1 2 2 1 2 1 2 2 1 1 1 1 2 |2 1 1 2 1 1 2 1 1 1 2 1 1 1 |1 1 1 1 1 1 1 2 |2 1 1 2 1 1 1 |2 2 2 2 1 1 2 2 2 1 1 2 1 1 1 2 |1 2 1 1 1 2 2 1 2 2 2 2 1 1 1 |1 2 2 1 1 2 1 1 2 1 2 2 2 2 2 1 1 2 |1 1 1 2 2 1 1 1 1 1 1 2 1 2 2 2 |2 1 1 2 1 1 1 1 1 2 2 2 2 2 |2 2 1 2 2 2 2 2 2 |2 2 2 2 2 2 2 1 2 1 1 1 2 1 1 1 1 2 2 1 |2 1 1 2 2 1 2 2 2 1 1 1 1 |2 2 1 1 1 2 1 1 1 1 2 2 2 1 1 1 1 1 1 1 |1 1 1 2 2 2 |2 1 2 1 1 1 2 1 1 1 1 1 |
GA算法运行求解巡逻调度问题耗时：0小时，3分钟，4秒
=============第1个最优解如下=============
最大目标值出现代数：
2903
最大目标值为：
88.37407718798087
最佳分配方案：
2 1 1 1 1 2 2 1 1 2 2 2 1 2 2 2 2 1 |2 1 2 2 2 2 1 2 1 2 1 |2 1 1 1 1 2 1 2 2 1 1 1 |2 1 2 1 2 1 2 2 2 2 2 2 1 1 1 1 |1 1 2 2 1 1 1 1 2 1 |2 1 1 1 1 2 2 2 2 1 1 1 1 2 2 2 2 |2 2 2 2 2 2 2 2 2 2 1 1 2 2 1 2 2 2 |1 1 2 1 1 1 2 |2 1 2 2 2 2 2 1 1 1 2 1 1 1 1 2 2 2 |2 1 1 1 1 1 2 2 1 2 1 1 1 1 1 1 1 1 1 |1 1 1 1 1 2 |2 1 2 1 1 1 1 1 1 2 |2 2 2 2 1 2 1 1 2 2 2 2 2 2 1 2 2 2 1 |2 2 2 2 2 2 1 2 2 |2 1 2 1 2 1 |2 2 2 2 1 2 1 2 1 2 2 2 2 2 1 2 2 |2 1 1 2 1 1 2 1 1 1 1 1 1 1 |1 1 1 1 1 1 1 2 |1 2 1 2 1 1 1 |2 2 2 2 1 1 2 2 2 2 1 2 1 1 2 2 |1 1 1 1 1 2 2 1 2 2 2 1 1 1 1 |1 2 2 1 1 2 2 2 2 1 2 1 2 2 2 2 1 2 |1 1 2 2 2 1 1 1 2 2 1 2 2 2 2 2 |1 1 1 2 2 1 1 1 1 1 1 2 2 1 |2 1 1 1 1 2 2 2 1 |1 1 1 1 2 2 2 1 2 1 1 1 1 1 1 1 1 2 2 1 |2 2 1 2 1 1 1 1 2 2 1 1 1 |2 2 2 2 1 2 1 1 1 2 2 2 2 1 2 1 1 1 2 1 |1 1 1 2 2 2 |2 1 2 2 1 1 2 2 2 2 1 1 |

最大适应度：88.37407718798087
最小适应度：88.37407718798087
平均适应度：88.37407718798087
估计标准差值：NaN
最佳分配：
2 1 1 1 1 2 2 1 1 2 2 2 1 2 2 2 2 1 |2 1 2 2 2 2 1 2 1 2 1 |2 1 1 1 1 2 1 2 2 1 1 1 |2 1 2 1 2 1 2 2 2 2 2 2 1 1 1 1 |1 1 2 2 1 1 1 1 2 1 |2 1 1 1 1 2 2 2 2 1 1 1 1 2 2 2 2 |2 2 2 2 2 2 2 2 2 2 1 1 2 2 1 2 2 2 |1 1 2 1 1 1 2 |2 1 2 2 2 2 2 1 1 1 2 1 1 1 1 2 2 2 |2 1 1 1 1 1 2 2 1 2 1 1 1 1 1 1 1 1 1 |1 1 1 1 1 2 |2 1 2 1 1 1 1 1 1 2 |2 2 2 2 1 2 1 1 2 2 2 2 2 2 1 2 2 2 1 |2 2 2 2 2 2 1 2 2 |2 1 2 1 2 1 |2 2 2 2 1 2 1 2 1 2 2 2 2 2 1 2 2 |2 1 1 2 1 1 2 1 1 1 1 1 1 1 |1 1 1 1 1 1 1 2 |1 2 1 2 1 1 1 |2 2 2 2 1 1 2 2 2 2 1 2 1 1 2 2 |1 1 1 1 1 2 2 1 2 2 2 1 1 1 1 |1 2 2 1 1 2 2 2 2 1 2 1 2 2 2 2 1 2 |1 1 2 2 2 1 1 1 2 2 1 2 2 2 2 2 |1 1 1 2 2 1 1 1 1 1 1 2 2 1 |2 1 1 1 1 2 2 2 1 |1 1 1 1 2 2 2 1 2 1 1 1 1 1 1 1 1 2 2 1 |2 2 1 2 1 1 1 1 2 2 1 1 1 |2 2 2 2 1 2 1 1 1 2 2 2 2 1 2 1 1 1 2 1 |1 1 1 2 2 2 |2 1 2 2 1 1 2 2 2 2 1 1 |
GA算法运行求解巡逻调度问题耗时：0小时，2分钟，27秒
=============第1个最优解如下=============
最大目标值出现代数：
9790
最大目标值为：
91.16591824843482
最佳分配方案：
2 2 1 1 1 2 2 1 1 1 2 2 1 2 1 3 2 1 |2 1 1 3 2 2 1 2 1 2 1 |2 1 1 1 1 2 1 3 2 1 2 1 |2 1 1 1 3 1 3 1 2 2 2 2 1 2 1 1 |1 1 2 2 1 1 1 1 2 1 |2 2 1 1 1 2 2 1 2 1 1 2 1 2 2 3 1 |1 1 2 2 1 2 2 2 2 2 1 2 2 1 1 2 2 1 |1 2 2 2 1 1 2 |2 2 2 2 2 2 2 1 1 1 2 1 1 1 2 2 2 1 |2 1 1 2 1 1 2 1 1 2 2 2 1 1 1 1 1 1 1 |1 1 1 1 1 2 |1 1 1 1 1 1 1 1 1 2 |2 2 2 2 1 2 2 1 1 2 2 1 2 2 1 2 2 1 1 |2 2 2 2 2 2 1 2 2 |2 1 2 1 2 1 |2 1 2 1 1 2 2 2 2 2 2 2 2 2 1 2 1 |2 1 1 2 1 1 2 1 1 1 2 1 1 1 |1 2 1 2 1 1 1 2 |2 2 1 2 1 1 1 |2 2 2 1 1 1 2 2 2 2 1 2 1 1 2 1 |1 2 1 1 1 2 2 1 2 2 2 1 1 1 1 |1 2 2 1 1 2 1 1 2 1 2 1 1 2 2 1 1 2 |1 1 1 2 2 1 1 1 2 1 1 2 1 2 2 2 |2 1 1 2 2 1 1 1 1 1 1 2 2 1 |2 2 1 2 1 2 2 2 1 |1 1 2 2 2 2 2 1 2 1 1 1 1 1 1 1 1 2 2 1 |2 2 1 2 2 1 1 1 2 2 1 1 1 |2 2 2 1 1 2 1 1 1 2 2 2 2 1 2 1 1 1 2 1 |1 2 1 2 2 2 |2 1 1 2 1 1 2 2 2 1 1 1 |

最大适应度：91.16591824843482
最小适应度：91.16591824843482
平均适应度：91.16591824843482
估计标准差值：NaN
最佳分配：
2 2 1 1 1 2 2 1 1 1 2 2 1 2 1 3 2 1 |2 1 1 3 2 2 1 2 1 2 1 |2 1 1 1 1 2 1 3 2 1 2 1 |2 1 1 1 3 1 3 1 2 2 2 2 1 2 1 1 |1 1 2 2 1 1 1 1 2 1 |2 2 1 1 1 2 2 1 2 1 1 2 1 2 2 3 1 |1 1 2 2 1 2 2 2 2 2 1 2 2 1 1 2 2 1 |1 2 2 2 1 1 2 |2 2 2 2 2 2 2 1 1 1 2 1 1 1 2 2 2 1 |2 1 1 2 1 1 2 1 1 2 2 2 1 1 1 1 1 1 1 |1 1 1 1 1 2 |1 1 1 1 1 1 1 1 1 2 |2 2 2 2 1 2 2 1 1 2 2 1 2 2 1 2 2 1 1 |2 2 2 2 2 2 1 2 2 |2 1 2 1 2 1 |2 1 2 1 1 2 2 2 2 2 2 2 2 2 1 2 1 |2 1 1 2 1 1 2 1 1 1 2 1 1 1 |1 2 1 2 1 1 1 2 |2 2 1 2 1 1 1 |2 2 2 1 1 1 2 2 2 2 1 2 1 1 2 1 |1 2 1 1 1 2 2 1 2 2 2 1 1 1 1 |1 2 2 1 1 2 1 1 2 1 2 1 1 2 2 1 1 2 |1 1 1 2 2 1 1 1 2 1 1 2 1 2 2 2 |2 1 1 2 2 1 1 1 1 1 1 2 2 1 |2 2 1 2 1 2 2 2 1 |1 1 2 2 2 2 2 1 2 1 1 1 1 1 1 1 1 2 2 1 |2 2 1 2 2 1 1 1 2 2 1 1 1 |2 2 2 1 1 2 1 1 1 2 2 2 2 1 2 1 1 1 2 1 |1 2 1 2 2 2 |2 1 1 2 1 1 2 2 2 1 1 1 |
GA算法运行求解巡逻调度问题耗时：0小时，3分钟，35秒
