=============第1个最优解如下=============
最大目标值出现代数：
9739
最大目标值为：
91.25916837684619
最佳分配方案：
2 1 1 1 1 2 2 1 1 1 2 2 1 3 1 3 3 1 |2 1 1 3 2 2 1 2 1 2 1 |2 2 2 1 1 2 1 3 2 1 2 1 |2 1 1 1 3 1 2 2 2 2 2 2 2 2 1 1 |1 1 2 2 1 1 1 1 2 1 |2 2 1 1 1 2 1 1 2 1 1 2 1 2 2 2 1 |1 1 2 2 1 2 2 2 2 2 1 2 2 2 1 2 2 1 |1 2 2 1 1 1 2 |2 2 2 2 2 2 2 2 1 1 2 1 1 1 1 1 2 1 |2 1 1 2 1 1 2 2 1 2 2 2 1 1 1 1 1 2 1 |1 1 1 1 1 2 |1 1 1 1 1 1 1 1 1 2 |2 2 2 2 1 2 2 1 1 2 2 1 2 2 1 2 2 1 1 |2 1 2 3 2 2 1 2 2 |2 1 2 1 2 1 |2 1 2 1 1 2 2 2 1 1 2 2 2 1 1 2 2 |2 1 1 2 1 1 2 1 1 1 2 1 1 1 |1 2 1 1 2 1 1 2 |2 2 1 2 1 1 1 |2 1 2 1 1 1 2 2 2 2 1 2 1 1 2 2 |1 2 1 1 1 2 2 1 2 2 2 1 1 1 1 |1 2 2 1 1 2 2 1 2 1 2 1 1 2 2 1 1 2 |1 1 1 2 2 1 1 1 2 2 1 2 1 2 2 2 |1 1 1 2 2 1 2 1 1 1 1 2 2 1 |2 2 1 2 1 2 2 2 1 |1 1 2 2 2 2 2 1 2 1 1 1 1 1 1 1 1 2 2 1 |2 1 1 2 2 1 1 1 2 2 1 1 1 |2 2 2 1 1 2 1 1 1 2 2 2 2 1 2 1 1 1 1 1 |1 2 1 2 2 2 |2 1 1 1 1 1 2 2 2 1 1 1 |

=============第2个最优解如下=============
最大目标值出现代数：
9726
最大目标值为：
89.8217577235995
最佳分配方案：
2 2 1 1 1 1 2 1 1 1 2 2 1 2 1 2 2 1 |2 1 2 2 2 2 2 2 1 2 1 |2 1 1 1 1 2 2 2 2 1 2 1 |2 1 1 1 2 1 2 1 2 2 2 2 1 2 1 1 |1 1 2 2 1 1 1 1 2 1 |2 2 1 1 1 2 2 1 2 1 1 2 1 2 2 2 1 |1 2 2 2 1 2 2 2 2 2 1 1 2 1 1 2 2 1 |1 1 2 1 1 1 2 |2 1 2 2 2 2 2 2 1 1 2 1 1 1 1 2 2 1 |2 1 1 2 2 1 2 2 1 2 2 2 1 1 1 2 1 1 1 |2 1 1 1 1 2 |1 1 2 1 1 1 1 1 1 2 |2 2 2 2 1 2 2 1 1 2 2 2 2 2 1 1 2 1 1 |2 2 2 2 2 2 1 2 2 |2 1 2 1 2 1 |2 2 2 1 1 2 2 2 1 1 2 2 1 2 1 2 2 |2 1 1 2 1 1 2 1 1 1 2 1 1 1 |1 1 1 2 1 1 1 2 |2 2 1 2 1 1 1 |2 1 2 1 1 1 1 2 2 2 1 2 1 1 2 2 |1 2 1 1 1 1 2 1 2 2 2 1 1 1 1 |1 2 2 1 1 2 1 1 2 1 2 1 1 2 2 1 1 2 |1 1 1 2 2 1 1 1 2 1 1 2 1 2 2 2 |2 1 1 2 1 1 2 1 1 2 1 2 2 1 |2 2 1 2 1 2 2 2 1 |1 1 1 2 2 2 2 1 2 1 1 1 2 1 1 1 2 2 2 1 |2 2 1 2 2 1 1 2 2 2 1 1 1 |2 2 2 1 1 2 1 1 2 2 2 2 2 1 2 1 1 1 2 1 |1 2 1 2 2 2 |2 1 2 2 1 1 2 2 2 2 1 1 |

=============第3个最优解如下=============
最大目标值出现代数：
9599
最大目标值为：
89.36982041359244
最佳分配方案：
2 2 1 1 1 1 2 1 1 1 2 2 1 2 1 2 2 1 |2 1 2 2 2 2 2 2 1 2 1 |2 1 2 1 1 2 1 2 2 1 2 1 |2 1 1 1 2 1 2 2 2 2 2 2 1 2 1 1 |1 1 2 2 1 1 2 1 2 1 |2 2 1 1 1 2 2 1 2 1 1 1 1 2 2 2 1 |1 1 2 2 1 2 2 2 2 2 1 2 2 2 1 2 2 1 |1 2 2 1 1 1 2 |2 1 2 2 2 2 1 1 1 1 2 1 1 1 1 1 2 1 |2 1 1 2 2 2 2 2 1 2 2 2 1 1 1 1 1 1 1 |2 1 1 1 1 2 |2 1 1 1 1 1 1 1 1 2 |2 2 2 2 1 2 2 1 1 2 2 2 2 2 1 2 2 1 1 |2 2 2 2 2 2 1 2 2 |2 1 2 1 2 1 |2 1 2 1 1 2 2 2 1 2 2 2 1 2 1 2 1 |2 1 1 2 1 2 2 1 1 1 2 1 1 1 |1 2 1 1 1 2 1 2 |2 1 1 2 1 1 1 |2 1 2 1 1 1 2 2 2 2 1 2 1 1 2 2 |1 2 1 1 1 2 2 1 2 2 2 2 1 1 1 |1 2 2 1 1 2 1 1 2 1 2 1 1 2 2 2 1 2 |1 1 1 2 2 1 1 1 2 2 1 2 2 2 2 2 |2 1 1 2 2 1 1 1 1 2 1 2 2 2 |2 2 1 2 1 2 2 2 1 |1 1 1 2 2 2 2 1 2 1 1 1 2 1 1 1 1 2 2 1 |2 2 1 2 2 1 1 2 2 2 1 1 1 |2 2 2 1 1 2 1 1 1 2 2 2 2 1 2 1 1 1 1 1 |1 1 1 2 2 2 |2 1 1 1 1 1 2 1 2 1 1 1 |

=============第4个最优解如下=============
最大目标值出现代数：
9852
最大目标值为：
89.79939141546322
最佳分配方案：
2 2 1 1 1 2 2 1 1 1 2 2 1 2 1 2 2 1 |2 1 2 2 2 2 2 2 1 2 1 |2 1 2 1 1 2 1 3 2 2 2 1 |2 1 1 1 2 1 2 2 2 2 2 2 1 2 1 1 |1 1 2 2 1 1 1 1 2 1 |2 1 1 1 1 2 1 1 1 1 1 2 1 2 1 2 1 |1 1 2 2 1 2 2 2 2 2 1 2 2 1 1 1 2 1 |1 1 2 1 2 1 2 |2 2 2 2 2 2 2 1 1 1 2 1 1 1 1 2 2 1 |2 1 1 2 2 1 2 2 1 2 2 2 1 1 1 2 1 2 1 |1 1 1 1 1 2 |1 1 1 1 1 1 1 1 1 2 |2 2 1 2 1 2 2 1 1 2 2 2 2 2 1 2 2 2 1 |2 2 2 2 2 2 1 2 2 |2 1 2 1 2 1 |2 2 2 1 1 2 2 2 2 2 2 2 1 2 1 2 2 |2 1 1 2 1 2 2 1 1 1 2 1 1 1 |1 2 1 1 2 1 1 2 |2 2 1 2 1 1 1 |2 1 2 1 1 1 2 2 2 2 1 2 1 1 2 1 |1 2 1 1 1 2 2 1 2 2 2 1 1 1 1 |1 2 2 1 1 2 2 2 2 1 2 1 1 2 2 1 1 2 |1 1 1 2 2 1 1 1 2 2 1 2 1 2 2 2 |1 1 1 2 1 1 1 1 1 2 1 2 2 1 |2 1 1 1 1 1 2 2 1 |1 2 1 2 2 2 2 1 2 1 1 1 2 1 1 1 1 2 2 1 |1 2 1 2 2 1 1 2 2 2 1 1 1 |2 2 2 1 1 2 1 1 1 2 2 2 2 1 2 1 1 1 2 1 |1 2 1 2 2 2 |2 1 1 2 1 1 2 2 2 2 1 1 |

=============第5个最优解如下=============
最大目标值出现代数：
9917
最大目标值为：
89.73126994063654
最佳分配方案：
2 2 1 1 2 2 2 1 1 1 2 2 2 2 1 2 2 1 |2 1 2 2 2 2 2 2 1 2 1 |2 2 2 1 1 2 1 2 2 1 2 1 |2 1 1 1 2 1 2 2 2 2 2 2 1 2 1 1 |1 1 2 2 1 1 2 1 2 1 |2 2 1 1 1 2 2 1 2 1 1 2 1 2 2 2 1 |1 2 2 2 1 2 2 2 2 2 1 2 2 1 1 2 2 1 |1 1 2 1 2 1 2 |2 1 2 2 2 2 2 2 1 1 2 1 1 1 2 2 2 1 |1 1 1 2 1 1 2 2 1 2 2 2 1 1 1 1 1 1 1 |1 1 1 1 1 2 |1 1 2 1 1 1 1 1 1 2 |2 2 2 2 1 2 2 1 1 2 2 1 2 2 1 2 2 1 1 |2 2 2 2 2 2 1 2 2 |2 1 2 1 2 1 |2 1 2 1 1 2 2 2 1 1 2 2 1 2 1 2 1 |2 1 1 2 1 1 2 1 1 1 2 1 1 1 |1 2 1 1 1 1 1 2 |2 1 1 2 1 1 1 |2 1 2 1 1 1 2 2 2 2 1 2 1 1 2 1 |1 2 1 1 1 1 2 1 2 2 2 1 1 1 1 |1 2 2 1 1 2 2 1 2 1 2 1 1 2 2 2 1 2 |1 1 1 2 2 1 1 1 2 2 1 2 1 2 2 2 |1 1 1 2 1 1 2 1 1 1 1 2 2 2 |2 2 1 2 1 2 2 2 1 |1 1 2 2 2 2 2 1 2 1 1 1 2 1 1 1 1 2 2 1 |2 2 1 2 2 1 1 2 2 2 1 1 1 |2 2 2 1 1 2 1 1 1 2 2 2 2 1 2 1 1 1 1 1 |1 2 1 2 2 2 |2 1 1 2 1 1 2 2 2 1 1 1 |

=============第6个最优解如下=============
最大目标值出现代数：
9875
最大目标值为：
89.88981113009322
最佳分配方案：
2 2 1 1 1 2 2 1 1 1 1 2 1 2 1 2 2 1 |2 1 2 2 2 2 2 2 1 2 1 |2 1 2 1 1 2 1 2 2 1 2 1 |2 1 1 1 2 1 2 1 2 2 2 2 1 2 1 1 |1 1 2 2 1 1 1 1 2 1 |2 1 1 1 1 2 1 1 2 1 1 1 1 2 2 2 1 |1 1 2 2 1 2 2 2 2 2 1 2 2 1 1 2 2 1 |1 1 2 1 1 1 2 |2 1 2 2 2 2 2 2 1 2 2 1 1 1 2 2 2 1 |2 1 1 2 2 1 2 2 1 2 2 2 1 2 1 1 1 2 1 |1 1 1 1 1 2 |1 1 2 1 1 1 1 1 1 2 |2 2 1 2 1 2 2 1 2 2 2 1 2 2 1 2 2 2 1 |2 2 2 2 2 2 1 2 2 |2 1 2 1 2 2 |2 1 2 1 1 2 2 2 2 1 2 2 2 2 1 2 2 |2 1 1 2 1 2 2 1 1 1 2 1 1 1 |1 2 1 2 2 2 2 2 |2 2 1 2 1 1 1 |2 2 2 1 1 1 2 2 2 2 1 2 1 1 2 1 |1 2 1 1 1 2 2 1 2 2 2 1 1 1 1 |1 2 2 1 1 2 2 1 2 1 2 1 1 2 2 1 1 2 |1 1 1 2 2 1 1 1 2 2 1 2 1 1 2 2 |1 1 1 2 1 1 1 1 1 2 1 2 2 1 |2 1 1 2 1 1 2 2 1 |1 2 1 1 2 2 2 1 2 1 1 1 1 1 1 1 1 2 2 1 |2 2 1 2 2 1 1 1 2 2 1 1 1 |2 2 2 1 1 2 1 1 1 2 2 2 2 1 2 1 1 1 2 1 |1 2 1 2 2 2 |2 1 2 1 1 1 2 2 2 1 1 1 |

=============第7个最优解如下=============
最大目标值出现代数：
9465
最大目标值为：
91.34479461872556
最佳分配方案：
2 2 1 1 1 2 2 1 1 1 2 1 1 3 1 3 3 1 |2 1 2 2 2 2 1 2 1 2 1 |2 1 2 1 1 2 2 3 2 2 2 1 |2 1 1 1 3 1 2 1 2 3 3 2 1 2 1 1 |1 1 2 2 1 1 2 1 2 1 |2 1 1 1 1 2 1 1 2 1 1 1 1 2 1 2 1 |1 1 2 2 1 2 2 2 2 2 1 1 2 1 1 1 2 1 |1 1 2 1 2 1 2 |2 1 2 2 2 2 2 2 1 1 2 1 1 1 2 2 2 2 |2 1 1 2 2 1 2 2 1 2 2 2 1 1 1 2 1 2 1 |1 1 1 1 1 2 |1 1 1 1 1 1 1 1 1 2 |2 2 2 2 1 2 2 1 1 2 2 1 2 2 1 1 2 2 1 |2 2 2 2 2 2 1 2 2 |2 1 2 1 2 2 |2 2 2 1 1 2 2 2 2 2 2 2 1 1 1 2 1 |2 1 1 2 1 1 2 1 1 1 2 1 1 1 |1 1 1 1 1 1 1 2 |2 1 1 2 1 1 1 |2 1 2 1 1 1 1 2 2 2 1 2 1 1 1 2 |1 2 1 1 1 1 2 1 2 2 2 1 1 1 1 |1 2 2 1 1 2 1 1 2 1 2 1 1 2 2 1 1 2 |1 1 2 2 2 1 1 1 2 2 1 2 1 2 2 2 |2 1 1 2 1 1 2 1 1 2 1 2 2 1 |2 2 1 2 1 2 2 2 1 |1 1 1 1 2 2 2 1 2 1 1 1 2 1 1 1 1 2 2 1 |2 2 1 2 2 1 1 1 2 2 1 1 1 |2 2 2 1 1 2 1 1 1 2 2 2 2 1 2 1 1 1 1 1 |1 2 1 2 2 2 |2 1 2 2 1 2 2 2 2 1 1 1 |

=============第8个最优解如下=============
最大目标值出现代数：
9957
最大目标值为：
89.92769185856041
最佳分配方案：
2 2 1 1 1 1 2 1 1 1 2 2 1 2 1 2 2 1 |2 1 2 2 2 2 1 2 1 2 1 |2 2 2 1 1 2 2 2 2 2 2 1 |2 1 1 1 2 1 2 1 2 2 2 2 1 2 1 1 |1 1 2 2 1 2 2 1 2 2 |2 2 1 1 1 2 1 1 2 1 1 2 1 2 2 2 1 |1 1 2 2 1 2 2 2 2 2 1 1 2 2 1 2 2 1 |1 2 2 1 2 1 2 |2 2 2 2 2 2 2 2 1 2 2 1 1 1 1 2 2 1 |2 1 1 2 1 1 2 2 1 2 2 2 1 1 1 2 1 1 1 |1 1 1 1 1 2 |2 1 2 1 1 1 1 1 1 2 |2 2 2 2 1 2 2 1 1 2 2 2 2 2 1 2 2 2 1 |2 1 2 2 2 2 1 2 2 |2 1 2 1 2 1 |2 1 2 1 1 2 2 2 1 1 2 2 1 1 1 2 2 |2 1 1 2 1 2 2 1 1 1 2 1 1 1 |1 1 1 1 1 1 1 2 |2 1 1 2 1 1 1 |2 1 2 1 1 1 2 2 2 2 1 2 1 1 2 1 |1 2 1 1 1 2 2 1 2 2 2 1 1 1 1 |1 2 2 1 1 2 2 2 2 1 2 1 1 2 2 1 1 2 |1 1 1 2 2 1 1 1 2 2 1 2 1 1 2 2 |1 1 1 2 1 1 1 1 1 1 1 2 2 1 |2 2 1 2 1 2 2 2 1 |1 1 1 2 2 2 2 1 2 1 1 1 1 1 1 1 1 2 2 1 |2 2 1 2 2 1 1 1 2 2 1 1 1 |2 2 2 1 1 2 1 1 1 2 2 2 2 1 2 1 1 1 1 1 |1 2 1 2 2 2 |2 1 2 2 1 1 2 2 2 2 1 1 |

=============第9个最优解如下=============
最大目标值出现代数：
9793
最大目标值为：
90.47950267645334
最佳分配方案：
2 2 1 1 2 2 2 1 1 1 2 2 2 2 1 3 2 1 |1 1 2 2 2 2 2 2 1 2 1 |2 2 2 1 1 2 1 3 2 2 2 1 |2 1 1 1 2 1 2 2 2 2 2 2 1 2 1 1 |1 1 2 2 1 1 2 1 2 2 |2 2 1 1 1 2 2 1 2 1 1 1 1 2 2 3 1 |1 1 2 2 1 2 2 2 2 2 1 1 2 1 1 1 2 1 |1 1 2 1 1 1 2 |2 1 2 2 2 2 2 2 1 1 2 1 1 1 1 1 2 1 |1 1 1 2 2 1 2 2 1 2 1 2 1 1 1 1 1 1 1 |1 1 1 1 1 2 |1 1 1 1 1 1 1 1 1 2 |2 2 2 2 1 2 2 1 1 2 2 1 2 2 1 1 2 2 1 |2 1 2 2 2 2 1 2 2 |2 1 2 2 2 1 |2 2 2 1 1 2 2 2 1 1 2 2 1 2 1 2 1 |2 1 1 2 1 2 2 1 1 1 2 1 1 1 |1 2 1 1 2 1 1 2 |2 2 1 2 1 1 1 |2 1 2 1 1 1 1 2 2 2 1 2 1 1 2 1 |1 2 1 1 1 2 2 1 2 2 2 1 1 1 2 |1 2 2 1 1 2 2 1 2 1 2 1 1 2 2 2 1 2 |1 1 2 2 2 1 1 1 2 2 1 2 1 2 2 2 |2 1 1 2 1 1 1 1 1 2 1 2 2 2 |2 2 1 2 1 2 2 2 1 |1 1 1 1 2 2 2 1 2 1 1 1 2 1 1 1 1 2 2 1 |2 2 1 2 2 1 1 2 2 2 1 1 1 |2 2 2 1 1 2 1 1 1 2 2 2 2 1 2 1 1 1 1 1 |1 1 1 2 2 2 |2 1 1 2 1 1 2 2 2 1 1 1 |

=============第10个最优解如下=============
最大目标值出现代数：
9661
最大目标值为：
90.10079707154595
最佳分配方案：
2 2 1 1 2 2 2 1 1 1 1 2 1 2 1 2 2 1 |2 1 2 2 2 2 1 2 1 2 1 |2 2 2 1 1 2 1 2 2 1 2 1 |2 1 1 1 2 1 2 2 2 2 2 2 1 2 1 1 |1 1 2 2 1 1 2 1 2 2 |2 2 1 1 1 2 2 1 2 1 1 2 1 2 2 2 1 |1 1 2 2 1 2 2 2 2 2 1 2 2 2 1 2 2 1 |1 1 2 1 1 1 2 |2 1 2 2 2 2 2 2 1 1 2 1 1 1 1 1 2 1 |2 1 1 2 2 1 2 2 1 2 2 2 1 1 1 1 1 2 1 |1 1 1 1 1 2 |1 1 2 1 1 1 1 1 1 2 |2 2 2 2 1 2 2 1 1 2 2 2 2 2 1 2 2 1 1 |2 2 2 2 2 2 1 2 2 |2 1 2 1 2 1 |2 2 2 1 1 2 2 2 2 2 2 2 2 2 1 2 2 |2 1 1 2 1 1 2 1 1 1 2 1 1 1 |1 2 1 1 2 1 1 2 |2 1 1 2 1 1 1 |2 1 2 1 1 1 1 1 2 2 1 2 1 1 2 1 |1 2 1 1 1 1 2 1 2 2 2 1 1 1 1 |1 2 2 1 1 2 1 1 2 1 2 1 1 2 2 1 1 2 |1 1 1 2 2 1 1 1 2 2 2 2 1 2 2 2 |2 1 1 2 2 1 1 1 1 1 1 2 2 1 |2 2 1 2 1 1 2 2 1 |1 1 2 2 2 2 2 1 2 1 1 1 2 1 1 1 1 2 2 1 |2 2 1 2 2 1 1 2 2 2 1 1 1 |2 2 2 1 1 2 1 1 1 2 2 2 2 1 2 1 1 1 1 1 |1 2 1 2 2 2 |2 1 1 1 1 1 2 2 2 1 1 1 |

=============第11个最优解如下=============
最大目标值出现代数：
9957
最大目标值为：
89.94744796805146
最佳分配方案：
2 1 1 1 1 2 2 1 1 1 2 2 1 2 1 2 2 1 |2 1 2 2 2 2 1 2 1 2 1 |2 2 2 1 1 2 1 2 2 1 2 1 |2 1 1 1 2 1 2 1 2 2 2 2 2 2 1 1 |1 1 2 2 1 1 2 1 2 2 |2 2 1 1 1 2 2 1 2 1 1 1 1 2 2 2 1 |1 1 2 2 1 2 2 2 2 2 1 2 2 2 1 2 2 1 |1 1 2 1 1 1 2 |2 1 2 2 2 2 2 2 1 1 2 1 1 1 1 2 2 1 |2 1 1 2 1 1 2 2 1 2 2 2 1 1 1 1 1 2 1 |1 1 1 1 1 2 |1 1 1 1 1 1 1 1 1 2 |2 2 1 2 1 2 2 1 1 2 2 1 2 2 1 1 2 1 1 |2 2 2 2 2 2 1 2 2 |2 1 2 1 2 2 |2 1 2 1 1 2 2 1 2 1 2 2 1 1 1 2 2 |2 1 1 2 1 1 2 1 1 1 2 1 1 1 |1 2 1 2 2 2 1 2 |2 1 1 2 1 1 1 |2 2 2 1 1 1 2 2 2 2 2 2 1 1 2 1 |1 2 1 1 1 2 2 1 2 2 2 1 1 1 2 |1 2 2 1 1 2 2 1 2 1 2 2 1 2 2 1 1 2 |1 1 2 2 2 1 1 1 2 2 1 2 1 2 2 2 |2 1 1 2 1 1 1 1 1 1 1 2 2 1 |2 2 1 2 1 1 2 2 1 |1 1 1 2 2 2 2 1 2 1 1 1 2 1 1 1 1 2 2 1 |2 2 1 2 2 1 1 2 2 2 1 1 1 |2 2 2 1 1 2 1 1 1 2 2 2 2 1 2 1 1 1 1 1 |1 2 1 2 2 2 |2 1 2 2 1 1 2 2 2 1 1 1 |

=============第12个最优解如下=============
最大目标值出现代数：
9606
最大目标值为：
89.90290747617242
最佳分配方案：
2 2 1 1 1 2 2 1 1 1 2 2 1 2 1 2 2 1 |2 1 2 2 2 2 1 2 1 2 1 |2 2 2 1 1 2 2 2 2 1 2 1 |2 1 1 1 2 1 2 2 2 2 2 2 1 2 1 1 |1 1 2 2 1 1 2 1 2 1 |2 1 1 1 1 2 2 1 2 1 1 2 1 2 2 2 1 |1 1 2 2 1 2 2 2 2 2 1 1 2 1 1 2 2 1 |1 1 2 1 1 1 2 |2 1 2 2 2 2 2 1 1 1 2 1 1 1 2 2 2 2 |2 1 1 2 2 1 2 2 1 2 2 2 1 1 1 1 1 2 1 |1 1 1 1 1 2 |1 1 1 1 1 1 1 1 1 2 |2 2 2 2 1 2 1 1 1 2 2 1 2 2 1 1 2 1 1 |1 1 2 2 2 2 1 2 2 |2 1 2 1 2 1 |2 2 2 1 1 2 2 2 1 2 2 2 1 2 1 2 2 |2 2 1 2 1 1 2 1 1 1 2 1 1 1 |1 2 1 1 2 1 1 2 |2 2 1 2 1 1 1 |2 1 2 1 1 1 1 2 2 2 1 2 1 1 2 2 |1 2 1 1 1 2 2 1 2 2 2 1 1 1 1 |1 2 2 1 1 2 2 1 2 1 2 1 1 2 2 1 1 2 |1 1 1 2 2 1 1 1 2 2 1 2 1 2 2 2 |2 1 1 2 1 1 2 1 1 2 1 2 2 1 |2 2 1 2 2 2 2 2 1 |1 1 1 2 2 2 2 1 2 1 1 1 2 1 1 1 1 2 2 1 |2 2 1 2 2 1 1 1 2 2 1 1 1 |2 2 2 1 1 2 1 1 1 2 2 2 2 1 2 1 1 1 2 1 |1 2 1 2 2 2 |2 1 1 2 1 1 2 2 2 1 1 2 |

=============第13个最优解如下=============
最大目标值出现代数：
9474
最大目标值为：
90.93920974715833
最佳分配方案：
2 1 1 1 1 2 2 1 1 1 2 2 1 3 1 3 2 1 |2 1 2 3 2 2 1 2 1 2 1 |2 1 1 1 1 2 1 2 2 1 2 1 |2 1 1 1 2 1 2 2 2 2 3 2 1 2 1 1 |1 1 2 2 1 1 2 1 2 1 |2 2 1 1 1 2 1 1 2 1 1 2 1 2 2 2 1 |1 1 2 2 1 2 2 2 2 2 1 1 2 1 1 2 2 1 |1 1 2 1 1 1 2 |2 1 2 2 2 2 2 2 1 1 2 1 1 1 1 2 2 1 |2 1 1 2 1 1 2 2 1 2 2 2 1 1 1 2 1 2 1 |1 1 1 1 1 2 |1 1 1 1 1 1 1 1 1 2 |2 2 1 2 1 2 2 1 2 2 2 2 2 2 1 2 2 2 1 |2 2 2 2 2 2 2 2 2 |2 1 2 1 2 1 |2 2 2 1 1 2 2 2 1 2 2 2 1 1 1 2 1 |2 1 1 2 1 1 2 1 1 1 2 1 1 1 |1 2 1 2 2 1 1 2 |2 1 1 2 1 1 1 |2 1 2 1 1 1 2 2 2 2 1 2 1 1 1 1 |1 1 1 1 1 2 2 1 2 2 2 2 1 1 1 |1 2 2 1 1 2 2 2 2 1 2 1 1 2 2 1 1 2 |1 1 2 2 2 1 1 1 2 2 1 2 1 2 2 2 |1 1 1 2 2 1 1 1 1 2 1 2 2 1 |2 2 1 2 1 2 2 2 1 |1 1 1 2 2 2 2 1 2 1 1 1 1 1 1 1 1 2 2 1 |2 2 1 2 2 1 1 1 2 2 1 1 1 |2 2 2 1 1 2 1 1 1 2 2 2 2 1 2 1 1 1 1 1 |1 2 1 2 2 2 |2 1 1 2 1 1 2 2 2 1 1 2 |

=============第14个最优解如下=============
最大目标值出现代数：
9942
最大目标值为：
89.48419449733555
最佳分配方案：
2 1 1 1 1 2 2 1 1 1 2 2 1 2 1 2 2 1 |2 1 1 2 2 2 1 2 1 2 1 |2 2 2 1 1 2 2 2 2 2 2 1 |2 1 1 1 2 1 2 2 2 2 2 2 1 2 1 1 |1 1 2 2 1 1 2 1 2 2 |2 2 1 1 1 2 2 1 2 1 1 2 1 2 2 2 1 |1 2 2 2 1 2 2 2 2 2 1 2 2 2 1 2 2 2 |1 2 2 1 1 1 2 |2 2 2 2 2 2 2 2 1 1 2 1 1 1 1 1 2 1 |2 1 1 2 1 1 2 2 1 2 2 2 1 1 1 1 1 1 1 |1 1 1 1 1 2 |1 1 2 1 1 1 1 1 1 2 |2 2 2 2 1 2 2 1 1 2 2 1 2 2 1 2 2 1 1 |2 2 2 2 2 2 2 2 2 |2 1 2 1 2 1 |2 1 2 1 1 2 2 1 1 1 2 2 1 2 1 2 2 |2 1 1 2 1 1 2 1 1 1 2 1 1 1 |1 1 1 1 2 1 1 2 |2 1 1 2 1 1 1 |2 2 2 1 1 1 2 2 2 2 1 2 1 1 2 1 |1 2 1 1 1 1 2 1 2 2 2 1 1 1 1 |1 2 2 1 1 2 1 1 2 1 2 1 1 2 2 1 1 2 |1 1 1 2 2 1 1 1 2 2 1 2 1 2 2 2 |2 1 1 2 1 1 1 1 1 1 1 2 2 1 |2 2 1 2 1 1 2 2 1 |1 1 1 2 2 2 2 1 2 1 1 1 2 1 1 1 1 2 2 1 |2 2 1 2 2 2 1 2 2 2 1 1 1 |2 2 2 1 1 2 1 1 1 2 2 2 2 1 2 1 1 1 2 1 |1 2 1 2 2 2 |2 1 1 2 1 1 2 2 2 2 1 1 |

=============第15个最优解如下=============
最大目标值出现代数：
9710
最大目标值为：
89.33869803623831
最佳分配方案：
2 2 1 1 1 2 2 1 1 1 1 2 2 2 1 2 2 1 |2 1 2 2 2 2 1 2 1 2 1 |2 2 2 1 1 2 1 2 2 1 2 1 |2 1 1 1 2 1 2 1 2 2 2 2 2 2 1 1 |1 1 2 2 1 1 2 1 2 1 |2 1 1 1 1 2 2 1 2 1 1 2 1 2 2 2 1 |2 1 2 2 1 2 2 2 2 2 1 2 2 2 1 2 2 1 |1 2 2 1 1 1 2 |2 1 2 2 2 2 2 1 1 1 2 1 1 1 1 2 2 1 |2 1 1 2 1 1 2 1 1 2 2 2 1 1 1 1 1 1 1 |1 1 1 1 1 2 |1 1 2 1 1 1 1 1 1 2 |2 2 1 2 1 2 2 1 1 2 2 2 2 2 1 1 2 1 1 |2 2 2 2 2 2 1 2 2 |2 1 2 1 2 1 |2 1 2 1 1 2 2 2 1 1 2 2 2 2 1 2 2 |2 1 1 2 1 1 2 1 1 1 2 1 1 1 |1 2 1 2 1 2 1 2 |2 2 1 2 1 1 1 |2 1 2 1 1 1 2 2 2 2 2 2 1 1 2 2 |1 2 1 1 1 2 2 1 2 2 2 2 1 1 2 |1 2 2 1 1 2 2 2 2 1 2 1 1 2 2 1 1 2 |1 1 2 2 2 1 1 1 2 2 1 2 1 1 2 2 |2 1 1 2 1 1 1 1 1 1 1 2 2 1 |2 2 1 2 1 2 2 2 1 |1 1 1 2 2 2 2 1 2 1 1 1 2 1 1 1 1 2 2 1 |2 2 1 2 2 1 1 1 2 2 1 1 1 |2 2 2 1 1 2 1 1 1 2 2 2 2 1 2 1 1 1 1 1 |1 1 1 2 2 2 |2 1 1 1 1 1 2 2 2 2 1 1 |

=============第16个最优解如下=============
最大目标值出现代数：
9957
最大目标值为：
91.10065909538248
最佳分配方案：
2 2 1 1 2 2 2 1 1 1 2 2 2 2 1 3 2 1 |2 2 2 3 2 2 2 2 1 2 1 |2 2 2 1 1 2 1 3 2 1 2 1 |2 1 1 1 3 1 2 1 2 2 2 2 1 1 1 1 |1 1 2 2 1 1 2 1 2 1 |2 2 1 1 1 2 1 1 2 1 1 2 1 2 2 2 1 |1 1 2 2 1 2 2 2 2 2 1 1 2 1 1 2 2 1 |1 1 2 1 2 1 2 |2 1 2 2 2 2 2 2 1 1 2 1 1 1 2 2 2 1 |2 1 1 2 2 1 2 1 1 2 2 2 1 1 1 1 1 1 1 |1 1 1 1 1 2 |1 1 1 1 1 1 1 1 1 2 |2 2 2 2 1 2 2 1 1 2 2 2 2 2 1 1 2 1 1 |2 2 2 2 2 2 1 2 2 |2 1 2 1 2 2 |2 2 2 1 1 2 1 2 1 2 2 2 1 2 1 2 2 |2 1 1 2 1 1 2 1 1 1 2 1 1 1 |1 2 1 1 2 1 1 2 |2 2 1 2 1 1 1 |2 1 2 1 1 1 1 2 2 2 1 2 1 1 2 1 |1 2 1 1 1 2 2 1 2 2 2 1 1 1 1 |1 2 2 1 1 2 1 1 2 1 2 1 1 2 2 1 1 2 |1 1 2 2 2 1 1 1 2 2 1 2 1 2 2 2 |2 1 1 2 1 1 1 1 1 1 1 2 2 1 |2 2 1 2 1 1 2 2 1 |1 1 1 1 2 2 2 1 2 1 1 1 2 1 1 1 1 2 2 1 |2 2 1 2 2 1 1 2 2 2 1 1 1 |2 2 2 1 1 2 1 1 1 2 2 2 2 1 1 1 1 1 1 1 |1 2 1 2 2 2 |2 1 2 1 1 1 2 2 2 2 1 1 |

=============第17个最优解如下=============
最大目标值出现代数：
8041
最大目标值为：
89.38508551900462
最佳分配方案：
2 2 1 1 1 2 2 1 1 1 2 2 1 2 1 2 2 1 |2 1 2 2 2 2 1 2 1 2 1 |2 2 2 1 1 2 1 2 2 2 2 1 |2 1 1 1 2 1 2 2 2 2 2 2 1 2 1 1 |1 1 2 2 1 1 2 1 2 1 |2 2 1 1 1 2 1 1 2 1 1 2 1 2 2 2 1 |1 1 2 2 1 2 2 2 2 2 1 2 2 2 1 2 2 1 |1 2 2 1 1 1 2 |2 2 2 2 2 2 2 2 1 1 2 1 1 1 1 1 2 1 |2 1 1 2 2 1 2 2 1 2 2 2 1 1 1 1 1 1 1 |1 1 1 1 1 2 |1 1 1 1 1 1 1 1 1 2 |2 2 2 2 1 2 2 1 1 2 2 2 2 2 1 2 2 2 1 |2 2 2 2 2 2 1 2 2 |2 1 2 1 2 1 |2 1 2 1 1 2 2 2 2 2 2 2 1 1 1 2 2 |2 1 1 2 1 1 2 1 1 1 2 1 1 1 |1 2 1 1 1 1 1 2 |2 1 1 2 1 1 1 |2 1 2 1 1 1 1 2 2 1 1 2 1 1 1 1 |1 2 1 1 1 1 2 1 2 2 2 1 1 1 1 |1 2 2 1 1 2 1 1 2 1 2 1 1 2 2 1 1 2 |1 1 1 2 2 1 1 2 2 2 1 2 2 2 2 2 |2 1 1 2 1 1 1 1 1 1 1 2 2 2 |2 2 1 2 1 2 2 2 1 |1 1 2 2 2 2 2 1 2 1 1 1 2 1 1 1 1 2 2 1 |2 2 1 2 2 1 1 2 2 2 1 1 1 |2 2 2 1 1 2 1 1 1 2 2 2 2 1 2 1 1 1 2 1 |1 2 1 2 2 2 |2 1 1 2 1 1 2 2 2 2 1 1 |

=============第18个最优解如下=============
最大目标值出现代数：
8622
最大目标值为：
89.6185466859051
最佳分配方案：
2 2 1 1 2 2 2 1 1 1 2 2 1 2 1 2 2 1 |2 1 2 2 2 2 2 2 1 2 1 |2 2 2 1 1 2 1 2 2 1 2 1 |2 1 1 1 2 1 2 1 2 2 2 2 1 2 1 1 |1 1 2 2 1 1 1 1 2 1 |2 2 1 1 1 2 2 1 2 1 1 2 1 2 2 2 1 |1 1 2 2 1 2 2 2 2 2 1 1 2 1 1 2 2 1 |1 1 2 1 1 1 2 |2 1 2 2 2 2 2 2 1 1 2 1 1 1 2 2 2 1 |2 1 1 2 1 1 2 2 1 2 2 2 1 1 1 2 1 1 1 |1 1 1 1 1 2 |2 1 2 1 1 1 1 1 1 2 |2 2 1 2 1 2 2 1 1 2 2 2 2 2 1 1 2 2 1 |2 1 2 2 2 2 1 2 2 |2 1 2 1 2 1 |2 1 2 1 1 2 2 2 1 2 2 2 1 2 1 2 2 |2 1 2 2 1 2 2 1 1 1 2 1 1 1 |1 2 1 2 1 1 1 2 |2 2 1 2 1 1 1 |2 2 2 1 1 1 1 1 2 1 1 2 1 1 1 2 |1 2 1 1 1 1 2 1 2 2 2 1 1 1 1 |1 2 2 1 1 2 1 1 2 1 2 1 1 2 2 1 1 2 |1 1 2 2 2 1 1 2 2 2 2 2 1 2 2 2 |1 1 1 2 2 1 1 1 1 1 1 2 2 1 |2 1 1 2 1 2 2 2 1 |1 1 1 2 2 2 2 2 2 1 1 1 1 1 1 1 1 2 2 2 |2 2 1 2 2 1 1 1 2 2 1 1 1 |2 2 2 1 1 2 1 1 2 2 2 2 2 1 2 1 1 1 1 1 |1 2 1 2 2 2 |2 1 1 2 1 1 2 2 2 2 1 1 |

=============第19个最优解如下=============
最大目标值出现代数：
9786
最大目标值为：
89.26273644723473
最佳分配方案：
2 2 1 1 2 2 2 1 1 1 2 2 2 2 1 2 2 1 |2 2 2 2 2 2 2 2 1 2 1 |2 2 2 1 1 2 1 2 2 2 2 1 |2 1 1 1 2 1 2 2 2 2 2 2 1 2 1 1 |1 1 2 2 1 1 2 1 2 1 |2 2 1 1 1 2 1 1 2 1 1 2 1 2 2 2 1 |1 1 2 2 1 2 2 2 2 2 1 2 2 2 1 2 2 1 |1 1 2 1 1 1 2 |2 1 2 2 2 2 2 2 1 1 2 1 1 1 1 2 2 1 |2 1 1 2 2 1 2 1 1 2 2 2 1 1 1 1 1 2 1 |1 1 1 1 1 2 |2 1 2 1 1 1 1 1 1 2 |2 2 1 2 1 2 2 1 1 1 2 2 2 2 1 2 2 1 1 |2 1 2 2 2 2 1 2 2 |2 1 2 1 2 1 |2 2 2 1 1 2 2 2 1 1 2 2 2 2 1 1 2 |2 1 1 2 1 1 2 1 1 1 2 1 1 1 |1 2 1 1 1 1 1 2 |2 1 1 2 1 1 1 |2 1 2 1 1 1 1 2 2 2 1 2 1 1 2 1 |1 1 1 1 1 2 2 1 2 2 2 1 1 1 1 |1 2 2 1 1 2 2 1 2 1 2 1 1 2 2 1 1 2 |1 1 1 2 2 1 1 1 2 2 2 2 2 2 2 2 |2 1 1 2 1 1 1 1 1 1 1 2 2 1 |2 2 1 2 1 2 2 2 1 |1 1 1 1 2 2 2 1 2 1 1 1 2 1 1 1 1 2 2 1 |2 2 1 2 2 1 1 1 2 2 1 1 1 |2 2 2 1 1 2 1 1 1 2 2 2 2 1 2 1 1 1 2 1 |1 2 1 2 2 2 |2 1 2 2 1 1 2 2 2 1 1 1 |

=============第20个最优解如下=============
最大目标值出现代数：
9754
最大目标值为：
89.86738557385883
最佳分配方案：
2 2 1 1 1 1 2 1 1 1 1 1 1 3 1 3 3 1 |2 1 1 2 2 2 1 2 1 2 1 |2 1 2 1 1 2 1 2 2 2 2 1 |2 1 1 1 2 1 2 1 2 2 2 2 1 2 1 1 |1 1 2 2 1 1 2 1 2 1 |2 1 1 1 1 2 1 1 1 1 1 1 1 2 2 2 1 |1 2 2 2 1 2 2 2 2 2 1 2 2 2 1 2 2 1 |1 1 2 1 2 1 2 |2 2 2 2 2 2 2 2 1 1 2 1 1 1 1 2 2 1 |2 1 1 2 2 1 2 2 1 2 2 2 1 1 1 1 1 2 1 |1 1 1 1 1 2 |1 1 2 1 1 1 1 1 1 2 |2 2 2 2 1 2 2 1 1 2 2 1 2 2 1 2 2 2 1 |2 2 2 2 2 2 1 2 2 |2 1 2 1 2 1 |2 1 2 1 1 2 2 2 2 2 2 2 2 2 1 2 2 |2 1 1 2 1 1 2 1 1 1 2 1 1 1 |1 1 1 1 1 1 1 2 |2 1 1 2 1 1 1 |2 1 2 1 1 1 2 2 2 2 1 2 1 1 2 1 |1 2 1 1 1 2 2 1 2 2 2 1 1 1 1 |1 2 2 1 1 2 2 2 2 1 2 2 1 2 2 1 1 2 |1 1 1 2 2 1 1 1 2 2 2 2 1 2 2 2 |2 1 1 2 1 1 1 1 1 2 1 2 2 2 |2 2 1 2 1 2 2 2 1 |1 1 1 1 2 2 2 1 2 1 1 1 1 1 1 1 1 2 2 1 |2 2 1 2 2 1 1 2 2 2 1 1 1 |2 2 2 1 1 2 1 1 1 2 2 2 2 1 2 1 1 1 1 1 |1 2 1 2 2 2 |2 1 1 1 1 1 2 2 2 2 1 1 |

=============第21个最优解如下=============
最大目标值出现代数：
9913
最大目标值为：
89.35040657986077
最佳分配方案：
1 2 1 1 1 2 2 1 1 1 2 2 2 2 1 2 2 1 |2 1 2 2 2 2 1 2 1 2 1 |2 2 2 1 1 2 1 2 2 1 1 1 |2 1 1 1 2 1 2 1 2 2 2 2 1 2 1 1 |1 1 2 2 1 1 1 1 2 1 |2 1 1 1 1 2 2 1 2 1 1 2 1 2 2 2 1 |1 1 2 2 1 2 2 2 2 2 1 2 2 2 1 2 2 1 |1 1 2 1 1 1 2 |2 1 2 2 2 2 2 2 1 1 2 1 1 1 1 2 2 1 |2 1 1 2 2 1 2 2 1 2 2 2 1 1 1 1 1 1 1 |1 1 1 1 1 2 |1 1 1 1 1 1 1 1 1 2 |2 2 2 2 1 2 2 1 1 2 2 2 2 2 1 1 2 1 1 |2 2 2 2 2 2 1 2 2 |2 1 2 1 2 1 |2 2 2 1 1 2 2 2 1 1 2 2 2 2 1 2 2 |2 1 1 2 1 2 2 1 1 1 2 1 1 1 |1 2 1 2 2 1 1 2 |2 2 1 2 1 1 1 |2 1 2 1 1 1 2 2 2 2 2 2 1 1 1 1 |1 2 1 1 1 2 2 1 2 2 2 1 1 1 1 |1 2 2 1 1 2 2 2 2 1 2 1 1 2 2 1 1 2 |1 1 1 2 2 1 1 1 2 2 1 2 1 2 2 2 |2 1 1 2 1 1 1 1 1 1 1 2 2 1 |2 2 1 2 1 2 2 2 1 |1 1 2 2 2 2 2 1 2 1 1 1 2 1 1 1 2 2 2 1 |2 2 1 2 2 1 1 1 2 2 1 1 1 |2 2 2 1 1 2 1 1 1 2 2 2 2 1 2 1 1 1 2 1 |1 2 1 2 2 2 |2 1 1 1 1 1 2 2 2 1 1 2 |

=============第22个最优解如下=============
最大目标值出现代数：
9735
最大目标值为：
89.41953172169565
最佳分配方案：
2 1 1 1 2 2 2 1 1 1 2 2 1 2 1 2 2 1 |2 1 2 2 2 2 1 2 1 2 1 |2 1 2 1 1 2 1 2 2 1 2 1 |2 1 1 1 2 1 2 1 2 2 2 2 1 2 1 1 |1 1 2 2 1 1 2 1 2 2 |2 2 1 1 1 2 1 1 2 1 1 1 1 2 2 2 1 |1 1 2 2 1 2 2 2 2 2 1 2 2 2 2 2 2 1 |1 2 2 1 2 1 2 |2 1 2 2 2 2 2 2 1 1 2 1 1 1 1 2 2 1 |2 1 1 2 2 1 2 2 1 2 2 2 1 1 1 1 1 2 1 |1 1 1 1 1 2 |1 1 2 1 1 1 1 1 1 2 |2 2 1 2 1 2 2 1 1 2 2 2 2 2 1 2 2 1 1 |2 2 2 2 2 2 1 2 2 |2 1 2 2 2 1 |2 1 2 1 1 2 2 2 1 2 2 2 1 2 1 2 1 |2 1 1 2 1 1 2 1 1 1 2 1 1 1 |1 2 1 1 1 1 1 2 |2 2 1 2 1 1 1 |2 1 2 1 1 1 1 2 2 1 1 2 1 1 2 2 |1 2 1 1 1 2 2 1 2 2 2 1 1 1 1 |1 2 2 1 1 2 2 1 2 1 2 1 1 2 2 1 1 2 |1 1 1 2 2 1 1 1 2 2 1 2 1 2 2 2 |1 1 1 2 1 1 1 1 1 1 1 2 2 1 |2 2 1 2 1 2 2 2 1 |1 1 1 2 2 2 2 1 2 1 1 1 2 1 1 1 1 2 2 1 |2 2 1 2 2 1 1 2 2 2 1 1 1 |2 2 2 1 1 2 1 1 1 2 2 2 2 2 2 1 1 1 1 1 |1 2 1 2 2 2 |2 1 2 2 1 1 2 2 2 1 1 2 |

=============第23个最优解如下=============
最大目标值出现代数：
9730
最大目标值为：
89.28081828094389
最佳分配方案：
2 1 1 1 1 2 2 1 1 1 2 2 1 2 1 2 2 1 |2 2 2 2 2 2 2 2 1 2 1 |2 2 2 1 1 2 1 2 2 1 2 1 |2 1 1 1 2 1 2 1 2 2 2 2 1 2 1 1 |1 1 2 2 1 1 2 1 2 1 |2 2 1 1 1 2 1 1 2 1 1 1 1 2 2 2 1 |1 2 2 2 1 2 2 2 2 2 1 2 2 2 1 2 2 2 |1 2 2 1 1 1 2 |2 2 2 2 2 2 2 2 1 1 2 1 1 1 1 2 2 1 |2 1 1 2 2 1 2 2 1 2 2 2 1 1 1 1 1 1 1 |1 1 1 1 1 2 |1 1 1 1 1 1 1 1 1 2 |2 2 2 2 1 2 2 1 1 2 2 2 2 2 1 1 2 2 1 |2 2 2 2 2 2 1 2 2 |2 1 2 1 2 2 |2 1 2 1 1 2 2 2 2 2 2 2 1 2 1 2 2 |2 1 1 2 1 1 2 1 1 1 2 1 1 1 |1 2 1 1 2 1 1 2 |2 1 1 2 1 1 1 |2 1 2 1 1 1 1 1 2 2 1 2 1 1 2 1 |1 1 1 1 1 2 2 1 2 2 2 1 1 1 1 |1 2 2 1 1 2 2 1 2 1 2 1 1 2 2 1 1 2 |1 1 2 2 2 1 1 1 2 2 1 2 1 2 2 2 |1 1 1 2 1 1 2 1 1 1 1 2 2 1 |2 2 1 2 1 2 2 2 1 |1 1 1 2 2 2 2 2 2 1 1 1 1 1 1 1 1 2 2 1 |1 2 1 2 2 1 1 1 2 2 1 1 1 |2 2 2 1 1 2 1 1 1 2 2 2 2 1 2 1 1 1 1 1 |1 2 1 2 2 2 |2 1 1 2 1 1 2 2 2 2 1 2 |

=============第24个最优解如下=============
最大目标值出现代数：
9872
最大目标值为：
90.0038973755212
最佳分配方案：
2 2 1 1 2 2 2 1 1 1 2 2 1 2 1 2 2 1 |2 2 2 2 2 2 2 2 1 2 1 |2 2 2 1 1 2 1 2 2 2 2 1 |2 1 1 1 2 1 2 1 2 2 2 2 1 2 1 1 |1 1 2 2 1 1 2 1 2 1 |2 2 1 1 1 2 1 1 2 1 1 1 1 2 2 2 1 |1 1 2 2 2 2 2 2 2 2 1 2 2 2 1 2 2 2 |1 1 2 1 1 1 2 |2 2 2 2 2 2 1 1 1 1 2 1 1 1 1 2 2 1 |2 1 1 2 2 1 2 2 1 2 2 2 1 1 1 2 1 1 1 |2 2 1 1 1 2 |1 1 2 1 1 1 1 1 1 2 |2 2 2 2 1 2 2 1 1 2 2 1 2 2 1 2 2 1 1 |2 2 2 2 2 2 1 2 2 |2 1 2 1 2 1 |2 1 2 1 1 2 2 2 1 2 2 2 1 1 1 1 1 |2 1 1 2 1 1 2 1 1 1 2 1 1 1 |1 2 1 1 1 1 1 2 |2 1 1 2 1 1 1 |2 1 2 1 1 1 2 2 2 2 1 2 1 1 2 1 |1 1 1 1 1 2 2 1 2 2 2 1 1 1 1 |1 2 2 1 1 2 1 1 2 1 2 1 1 2 2 1 1 2 |1 1 1 2 2 1 1 1 2 1 1 2 1 2 2 2 |2 1 1 2 1 1 1 1 1 2 1 2 2 2 |2 2 1 2 1 1 2 2 1 |1 2 1 2 2 2 2 1 2 1 1 1 2 1 2 1 1 2 2 1 |1 2 1 2 2 2 1 2 2 2 1 1 1 |2 2 2 1 1 2 1 1 1 2 2 2 2 1 2 1 1 1 1 1 |1 2 1 2 2 2 |2 1 1 2 1 1 2 2 2 2 1 1 |

=============第25个最优解如下=============
最大目标值出现代数：
9846
最大目标值为：
89.19385041756254
最佳分配方案：
2 2 1 1 1 2 2 1 1 1 1 2 1 2 1 2 2 1 |2 1 2 2 2 2 2 2 1 2 1 |2 2 2 1 1 2 1 2 2 1 2 1 |2 1 1 1 2 1 2 2 2 2 2 2 1 2 1 1 |1 1 2 2 1 1 2 1 2 1 |2 2 1 1 1 2 2 1 2 1 1 2 1 2 2 2 1 |1 1 2 2 1 2 2 2 2 2 1 2 2 2 1 2 2 1 |1 2 2 1 2 1 2 |2 1 2 2 2 2 2 2 1 1 2 1 1 1 1 2 2 1 |2 1 1 2 1 1 2 2 1 2 2 2 1 1 1 2 1 2 1 |1 1 1 1 1 2 |1 1 2 1 1 1 1 1 1 2 |2 2 2 2 1 2 2 1 1 2 2 2 2 2 1 2 2 2 1 |2 2 2 2 2 2 1 2 2 |2 1 2 1 2 2 |2 1 2 1 1 2 2 2 1 1 2 2 1 1 1 2 1 |2 1 1 2 1 1 2 1 1 1 2 1 1 1 |1 2 1 2 2 2 2 2 |2 1 1 2 1 1 1 |2 1 2 1 1 1 2 2 2 2 1 2 1 1 2 2 |1 2 1 1 1 2 2 1 2 2 2 1 1 1 1 |1 2 2 1 1 2 1 1 2 1 2 1 1 2 2 1 1 2 |1 1 1 2 2 1 1 1 2 2 1 2 1 2 2 2 |2 1 1 2 2 1 1 1 1 1 1 2 2 1 |2 2 1 2 1 2 2 2 1 |1 1 1 1 2 2 2 1 2 1 1 1 1 1 1 1 1 2 2 1 |2 1 1 2 2 1 1 1 2 2 1 1 1 |2 2 2 1 1 2 1 1 1 2 2 2 2 1 2 1 1 1 1 1 |1 2 1 2 2 2 |2 1 1 1 1 1 2 2 2 1 1 1 |

=============第26个最优解如下=============
最大目标值出现代数：
9682
最大目标值为：
89.44590871208082
最佳分配方案：
2 2 1 1 2 2 2 1 1 1 2 2 1 2 1 2 2 1 |2 2 1 2 2 2 2 2 1 2 2 |2 2 2 1 1 2 2 2 2 2 2 1 |2 1 1 1 2 1 2 2 2 2 2 2 1 2 1 1 |1 1 2 2 1 1 1 1 2 1 |2 2 1 1 1 2 2 1 2 1 1 2 1 2 2 2 1 |1 2 2 2 1 2 2 2 2 2 1 2 2 2 1 2 2 1 |1 1 2 1 1 1 2 |2 1 2 2 2 2 2 2 1 1 2 1 1 1 2 2 2 1 |2 1 1 2 1 1 2 2 1 2 2 2 1 1 1 1 1 1 1 |2 1 1 1 1 2 |1 1 1 1 1 1 1 1 1 2 |2 2 1 2 1 2 1 1 1 2 2 2 2 2 1 1 2 1 1 |2 2 2 2 2 2 1 2 2 |2 1 2 1 2 2 |2 1 2 1 1 2 2 2 1 1 2 2 1 1 1 2 2 |2 1 1 2 1 1 2 1 1 1 2 1 1 1 |1 1 1 1 1 1 1 2 |2 1 1 2 1 1 1 |2 1 2 1 1 1 1 2 2 2 1 2 1 1 1 2 |1 2 1 1 1 1 2 1 2 2 2 1 1 1 1 |1 2 1 1 1 2 2 1 2 1 2 1 1 2 2 1 1 2 |1 1 1 2 2 1 1 1 2 1 1 2 1 2 2 2 |2 1 1 2 1 1 1 1 1 1 1 2 2 1 |2 2 1 2 1 2 2 2 1 |1 1 2 2 2 2 2 1 2 1 1 1 1 1 1 1 1 2 2 1 |2 2 1 2 2 2 1 2 2 2 1 1 1 |2 2 2 1 1 2 1 1 2 2 2 2 2 1 2 1 1 1 2 1 |2 2 1 2 2 2 |2 1 2 1 1 1 2 2 2 2 1 2 |

=============第27个最优解如下=============
最大目标值出现代数：
9625
最大目标值为：
90.9678446093581
最佳分配方案：
2 2 1 1 1 2 2 1 1 1 2 2 2 2 2 2 2 1 |2 1 1 3 2 2 2 3 1 2 1 |2 2 2 1 1 2 2 2 2 1 2 1 |2 1 1 1 3 1 2 1 2 2 3 2 1 1 1 1 |1 1 2 2 1 1 1 1 2 1 |3 1 1 1 1 2 1 1 1 1 1 2 1 2 2 3 1 |1 2 2 2 1 2 2 2 2 2 1 1 2 2 1 2 2 1 |1 2 2 1 1 1 2 |2 1 2 2 2 2 1 1 1 1 2 1 1 1 2 2 2 1 |2 1 1 2 1 1 2 2 1 2 2 2 1 1 1 1 1 1 1 |1 1 1 1 1 2 |1 1 2 1 1 1 1 1 1 2 |2 2 2 3 1 2 2 1 2 2 2 2 2 2 1 2 2 1 1 |2 2 2 2 2 2 1 2 2 |2 1 2 1 2 1 |2 1 2 1 1 2 2 2 2 2 2 2 2 2 1 2 2 |2 1 1 2 1 2 2 1 1 1 2 1 1 1 |1 1 1 1 1 1 1 2 |2 1 1 2 1 1 1 |2 1 2 1 1 1 1 1 2 2 1 2 1 1 2 1 |1 2 1 1 1 1 2 1 2 2 2 1 1 1 1 |1 2 2 1 1 2 2 1 2 1 2 1 1 2 2 1 1 2 |1 1 1 2 2 1 1 1 2 2 1 2 1 2 2 2 |2 1 1 2 1 1 1 1 1 1 1 2 2 1 |2 2 1 2 1 1 2 2 1 |1 1 1 2 2 2 2 1 2 1 1 1 2 1 1 1 1 2 2 1 |2 2 1 2 2 1 1 2 2 2 1 1 1 |2 2 2 1 1 2 1 1 1 2 2 2 2 1 2 1 1 1 1 1 |1 2 1 2 2 2 |2 1 2 1 1 1 2 2 2 1 1 1 |

=============第28个最优解如下=============
最大目标值出现代数：
9903
最大目标值为：
89.45718285897829
最佳分配方案：
2 2 1 1 1 2 2 1 1 1 2 2 1 2 1 2 2 1 |2 1 1 2 2 2 1 2 1 2 1 |2 2 2 1 1 2 1 2 2 1 1 1 |2 1 1 1 2 1 2 1 2 2 2 2 1 2 1 1 |1 1 2 2 1 1 2 1 2 2 |2 2 1 1 1 2 2 1 2 1 1 2 1 2 2 2 1 |1 1 2 2 1 2 2 2 2 2 1 2 2 1 1 2 2 1 |1 1 2 1 2 1 2 |2 2 2 2 2 2 2 2 1 1 2 1 1 1 1 2 2 1 |2 1 1 2 2 1 2 2 1 2 2 2 1 1 1 1 1 2 1 |1 1 1 1 1 2 |1 1 2 1 1 1 1 1 1 2 |2 2 1 2 1 2 2 1 1 2 2 1 2 2 1 2 2 1 1 |2 2 2 2 2 2 1 2 2 |2 1 2 2 2 1 |2 1 2 1 1 2 1 1 1 1 2 2 1 2 1 2 2 |2 1 1 2 1 1 2 1 1 1 2 1 1 1 |1 2 2 2 1 1 1 2 |2 2 1 2 1 1 1 |2 2 2 1 1 1 2 2 2 2 2 2 1 1 2 2 |1 2 1 1 1 2 2 1 2 2 2 1 1 1 2 |1 2 2 1 1 2 2 2 2 1 2 2 1 2 2 2 2 2 |1 1 1 2 2 1 1 1 2 2 2 2 2 2 2 2 |2 1 1 2 2 1 1 1 1 1 1 2 2 1 |2 1 1 2 1 1 2 2 1 |1 1 1 1 2 2 1 1 2 1 1 1 1 1 1 1 1 2 2 1 |2 1 1 2 2 1 1 1 2 2 1 1 1 |2 2 2 1 1 2 1 1 1 2 2 2 2 1 2 1 1 1 1 1 |1 1 1 2 2 2 |2 1 1 1 1 1 2 2 2 2 1 1 |

=============第29个最优解如下=============
最大目标值出现代数：
9776
最大目标值为：
91.60745004246476
最佳分配方案：
2 2 1 1 1 2 2 1 1 1 2 2 1 2 1 2 2 1 |2 1 1 3 2 2 1 3 1 2 1 |2 1 2 1 1 2 1 3 2 2 2 1 |2 1 1 1 3 1 2 1 2 2 3 2 1 1 1 1 |1 1 2 2 1 1 2 1 2 1 |2 2 1 1 1 2 2 1 2 1 1 2 1 2 2 2 1 |1 1 2 2 1 2 2 2 2 2 1 1 2 1 1 2 2 1 |1 1 2 1 1 1 2 |2 1 2 2 2 2 1 2 1 1 2 1 1 1 1 2 2 1 |2 1 1 2 1 1 2 2 1 2 2 2 1 1 1 1 1 1 1 |1 1 1 1 1 2 |1 1 1 1 1 1 1 1 1 2 |2 2 2 2 1 2 2 1 1 2 2 1 2 2 1 2 2 2 1 |1 1 2 3 2 2 1 2 2 |2 1 2 2 2 2 |2 2 2 1 1 2 2 2 1 2 2 2 2 2 1 2 2 |2 1 1 2 1 1 2 1 1 1 2 1 1 1 |1 2 1 1 1 1 1 2 |2 2 1 2 1 1 1 |2 1 2 1 1 1 1 2 2 2 1 2 1 1 2 1 |1 1 1 1 1 1 2 1 2 2 2 1 1 1 1 |1 2 2 1 1 2 2 2 2 1 2 1 1 2 2 1 1 2 |1 1 1 2 2 1 1 1 2 2 1 2 1 2 2 2 |2 1 1 2 1 1 1 1 1 1 1 2 2 2 |2 2 1 2 1 2 2 2 1 |1 1 1 2 2 2 2 1 2 1 1 1 2 1 1 1 1 2 2 1 |2 2 1 2 2 1 1 2 2 2 1 1 1 |2 2 2 1 1 2 1 1 1 2 2 2 2 1 2 1 1 1 2 1 |1 2 1 2 2 2 |2 1 1 2 1 1 2 2 2 2 1 1 |

=============第30个最优解如下=============
最大目标值出现代数：
9707
最大目标值为：
89.62243731659714
最佳分配方案：
2 2 1 1 1 2 2 1 1 1 1 2 1 2 1 2 2 1 |2 1 2 2 2 2 2 2 1 2 1 |2 2 2 1 1 2 1 2 2 2 2 1 |2 1 1 1 2 1 2 2 2 2 2 2 1 2 1 1 |1 1 2 2 1 1 2 1 2 2 |2 2 1 1 1 2 2 1 2 1 1 2 1 2 2 2 1 |1 2 2 2 1 2 2 2 2 2 1 1 2 2 1 2 2 1 |1 1 2 1 1 1 2 |2 1 2 2 2 2 1 1 1 1 2 1 1 1 1 2 2 1 |2 1 1 2 2 1 2 2 1 2 2 2 1 1 1 2 1 1 1 |1 1 1 1 1 2 |1 1 2 1 1 1 1 1 1 2 |2 2 2 2 1 2 2 1 1 2 2 2 2 2 1 2 2 2 1 |2 1 2 2 2 2 1 2 2 |2 1 2 1 2 1 |2 1 2 1 1 2 2 2 2 2 2 2 1 2 1 2 2 |2 1 1 2 1 1 2 1 1 1 2 1 1 1 |1 2 1 1 1 1 1 2 |2 2 1 2 1 1 1 |2 1 2 1 1 1 1 2 2 2 2 2 1 1 2 2 |1 2 1 1 1 2 2 1 2 2 2 1 1 1 1 |1 2 2 1 1 2 1 1 2 1 2 1 1 2 2 1 1 2 |1 1 1 2 2 1 1 1 2 1 1 2 1 2 2 2 |1 1 1 2 1 1 1 1 1 1 1 2 2 1 |2 2 1 2 1 1 2 2 1 |1 1 1 2 2 2 2 1 2 1 1 1 1 1 1 1 1 2 2 1 |2 2 1 2 2 1 1 1 2 2 1 1 1 |2 2 2 1 1 2 1 1 2 2 2 2 2 1 2 1 1 1 2 1 |1 2 1 2 2 2 |2 1 2 2 1 1 2 2 2 2 1 1 |

=============第31个最优解如下=============
最大目标值出现代数：
9984
最大目标值为：
91.4271277501501
最佳分配方案：
2 1 1 1 1 2 2 1 1 1 1 2 1 3 1 3 2 1 |2 1 1 2 2 2 2 2 1 2 1 |2 2 2 1 1 2 1 3 2 2 2 1 |2 1 1 1 3 1 2 2 2 2 3 2 1 2 1 1 |1 1 2 2 2 2 2 1 2 1 |2 2 1 1 1 2 1 1 2 1 1 1 1 2 2 2 1 |1 1 2 2 1 2 2 2 2 2 1 2 2 2 1 2 2 1 |1 1 2 1 1 1 2 |2 1 1 2 2 2 2 2 1 1 2 1 1 1 1 1 2 1 |2 1 1 2 1 1 2 2 1 2 2 2 1 1 1 1 1 1 1 |2 1 1 1 1 2 |1 1 2 1 1 1 1 1 1 2 |2 2 2 2 1 2 1 1 1 2 2 1 2 2 1 1 2 1 1 |2 1 2 2 2 2 1 2 2 |2 1 2 1 2 1 |2 1 2 1 1 2 2 2 2 2 2 2 1 2 2 2 2 |2 1 1 2 1 2 2 1 1 1 2 1 1 1 |1 2 1 1 2 2 1 2 |2 2 1 2 1 1 1 |2 1 2 1 1 1 1 2 2 2 2 2 1 1 2 1 |1 1 1 1 1 1 2 1 2 2 2 1 1 1 1 |1 2 1 1 1 2 1 1 2 1 2 1 1 2 2 1 1 2 |1 1 1 2 2 1 1 1 2 2 1 2 2 2 2 2 |2 1 1 2 1 1 1 1 1 1 1 2 2 1 |2 2 1 2 1 2 2 2 1 |1 1 1 2 2 2 2 1 2 1 1 1 1 1 1 1 1 2 2 1 |2 2 1 2 2 1 1 2 2 2 1 1 1 |2 2 2 1 1 2 1 1 1 2 2 2 2 1 2 1 1 1 1 1 |1 2 1 2 2 2 |2 1 2 2 1 1 2 2 2 2 1 1 |

=============第32个最优解如下=============
最大目标值出现代数：
9460
最大目标值为：
92.42115490168584
最佳分配方案：
2 2 1 1 2 1 2 1 1 1 2 2 2 2 1 3 3 1 |2 1 2 3 2 2 2 2 1 2 1 |2 2 2 1 1 2 1 3 2 1 2 1 |2 1 1 1 3 1 3 1 2 2 3 3 1 1 1 1 |1 1 2 2 1 1 2 1 2 2 |3 2 1 1 1 2 1 1 2 1 1 1 1 2 2 3 1 |1 1 2 2 1 2 2 2 2 2 1 1 2 1 1 2 2 1 |1 1 2 1 1 1 2 |2 1 1 1 2 2 1 1 1 1 2 1 1 1 2 2 2 1 |2 1 1 2 2 1 2 2 1 2 2 2 1 1 1 1 1 1 1 |1 1 1 1 1 2 |1 1 2 1 1 1 1 1 1 2 |2 2 2 2 1 2 1 2 1 2 2 2 2 2 1 2 2 1 1 |2 1 2 3 2 2 2 2 2 |2 1 2 1 2 2 |2 1 2 1 1 2 2 2 2 1 2 2 1 1 1 2 1 |2 1 1 2 1 1 2 1 1 1 2 1 1 1 |1 2 1 1 1 1 1 2 |2 1 1 2 1 1 1 |2 1 2 1 1 1 1 2 2 1 1 2 1 1 2 1 |1 2 1 1 1 1 2 1 2 2 2 1 1 1 1 |1 2 2 1 1 2 2 1 2 1 2 1 1 2 2 1 1 2 |1 1 1 2 2 1 1 1 2 2 1 2 1 2 2 2 |2 1 1 2 2 1 1 1 1 2 1 2 2 1 |2 1 1 2 1 2 2 2 1 |1 1 1 2 2 2 2 1 2 1 1 1 2 1 1 1 1 2 2 1 |2 2 1 2 2 1 2 2 2 2 1 1 1 |2 2 2 1 1 2 1 1 1 2 2 2 2 1 2 1 1 1 1 1 |1 2 1 2 2 2 |2 1 1 1 1 1 2 2 2 1 1 1 |

=============第33个最优解如下=============
最大目标值出现代数：
9496
最大目标值为：
89.56240949525477
最佳分配方案：
2 1 1 1 2 2 2 1 1 1 2 2 1 2 1 2 2 1 |2 1 2 2 2 2 2 2 1 2 1 |2 2 2 1 1 2 1 2 2 1 2 1 |2 1 1 1 2 1 2 2 2 2 2 2 1 2 1 1 |1 1 2 2 1 1 2 1 2 1 |2 2 1 1 1 2 1 1 2 1 1 1 1 2 1 2 1 |1 1 2 2 1 2 2 2 2 2 1 1 2 1 1 2 2 1 |1 1 2 1 1 1 2 |2 1 2 2 2 2 2 2 1 1 2 1 1 1 2 2 2 2 |2 1 1 2 2 1 2 2 1 2 2 2 1 1 1 1 1 2 1 |1 1 1 1 1 2 |1 1 2 2 1 1 1 1 1 2 |2 2 2 2 1 2 2 2 2 2 2 2 2 2 1 2 2 1 1 |2 1 2 2 2 2 1 2 2 |2 1 2 1 2 1 |2 1 2 1 1 2 2 2 2 2 2 2 2 2 1 2 2 |2 1 1 2 1 1 2 1 1 1 2 1 1 1 |1 1 1 1 1 1 1 2 |2 1 1 2 1 1 1 |2 1 2 1 1 1 1 1 2 1 1 2 1 1 2 1 |1 2 1 1 1 2 2 1 2 2 2 1 1 1 1 |1 2 2 1 1 2 2 2 2 1 2 1 1 2 2 1 1 2 |1 1 1 2 2 1 1 1 2 2 1 2 1 2 2 2 |2 1 1 2 1 1 2 1 1 2 1 2 2 2 |2 2 1 2 1 2 2 2 1 |1 1 1 1 2 2 2 2 2 1 1 1 1 1 1 1 1 2 2 1 |2 2 1 2 2 1 1 1 2 2 1 1 1 |2 2 2 1 1 2 1 1 1 2 2 2 2 1 2 1 1 1 1 1 |1 2 1 2 2 2 |2 1 1 2 1 1 2 2 2 2 1 1 |

=============第34个最优解如下=============
最大目标值出现代数：
9996
最大目标值为：
89.48383909142424
最佳分配方案：
2 2 1 1 1 2 2 2 1 1 2 2 2 2 1 2 2 1 |2 1 2 2 2 2 2 2 1 2 1 |2 2 2 1 1 2 2 2 2 2 2 1 |2 1 1 1 2 1 2 2 2 2 2 2 1 2 1 1 |1 1 2 2 1 1 1 1 2 1 |2 2 1 1 1 2 1 1 2 1 1 2 1 2 2 2 1 |1 1 2 2 1 2 2 2 2 2 1 1 2 1 1 2 2 2 |1 1 2 1 1 1 2 |2 1 2 2 2 2 2 1 1 1 2 1 1 1 1 2 2 1 |2 1 1 2 2 1 2 2 1 2 2 2 1 1 1 1 1 1 1 |1 1 1 1 1 2 |1 1 1 1 1 1 1 1 1 2 |2 2 1 2 1 2 1 1 1 2 2 1 2 2 1 2 2 2 1 |2 1 2 2 2 2 1 2 2 |2 1 2 1 2 1 |2 1 2 1 1 2 2 2 1 1 2 2 1 2 2 2 2 |2 1 1 2 1 1 2 1 1 1 2 1 1 1 |1 1 1 1 1 2 1 2 |2 1 1 2 1 1 1 |2 2 2 1 1 1 2 2 2 2 1 2 1 1 2 2 |1 2 1 1 2 2 2 1 2 2 2 1 1 1 1 |1 2 2 1 1 2 2 1 2 1 2 1 1 2 2 2 1 2 |1 1 1 2 2 1 1 1 2 2 1 2 2 2 2 2 |2 1 1 2 2 1 1 1 1 1 1 2 2 1 |2 1 1 2 1 2 2 2 1 |1 1 1 1 2 2 2 1 2 1 1 1 1 1 1 1 1 2 2 1 |2 2 1 2 2 1 1 2 2 2 1 1 1 |2 2 2 1 1 2 1 1 1 2 2 2 2 1 2 1 1 1 2 1 |1 2 1 2 2 2 |2 1 2 1 1 1 2 2 2 2 1 1 |

=============第35个最优解如下=============
最大目标值出现代数：
9540
最大目标值为：
88.73252671188943
最佳分配方案：
2 2 1 1 1 2 2 1 1 1 1 2 1 2 1 2 2 1 |2 1 2 2 2 2 1 2 1 2 1 |2 1 2 1 1 2 1 2 2 1 2 1 |2 1 1 1 2 1 2 2 2 2 2 2 1 2 1 1 |1 1 2 2 1 1 1 1 2 1 |2 2 1 1 1 2 2 1 2 1 1 1 1 2 2 2 1 |1 1 2 2 1 2 2 2 2 2 1 1 2 1 1 2 2 1 |1 1 2 1 1 1 2 |2 1 2 2 2 2 2 2 1 1 2 1 1 1 1 2 2 2 |2 1 1 2 2 1 2 2 1 2 2 2 1 1 1 1 1 1 1 |1 1 1 1 1 2 |1 1 1 1 1 1 1 1 1 2 |2 2 2 2 1 2 2 1 1 2 2 1 2 2 1 2 2 2 1 |2 2 2 2 2 2 1 2 2 |2 1 2 2 2 2 |2 2 2 1 1 2 2 2 2 2 2 2 2 2 1 2 2 |2 1 1 2 1 2 2 1 1 1 2 1 1 1 |1 1 1 1 1 1 1 2 |2 1 1 2 1 1 1 |2 1 2 1 1 1 2 2 2 2 2 2 1 1 2 2 |1 2 1 1 1 2 2 2 2 2 2 1 1 1 1 |1 2 2 1 1 2 2 1 2 1 2 2 1 2 2 2 1 2 |1 1 2 2 2 1 1 1 2 1 1 2 1 2 2 2 |2 1 1 2 1 1 1 1 1 1 1 2 2 1 |2 1 1 1 1 2 2 2 1 |1 1 1 2 2 2 2 1 2 1 1 1 1 1 1 1 1 2 2 1 |2 2 1 2 1 1 1 1 2 2 1 1 1 |2 2 2 1 1 2 1 1 1 2 2 2 2 1 2 1 1 1 2 1 |1 2 1 2 2 2 |2 1 2 1 1 1 2 2 2 2 1 2 |

=============第36个最优解如下=============
最大目标值出现代数：
9877
最大目标值为：
90.07203973192826
最佳分配方案：
2 2 1 1 1 2 2 1 1 1 2 2 1 2 1 3 2 1 |2 1 2 2 2 2 1 2 1 2 1 |2 2 2 1 1 2 1 2 2 1 2 1 |2 1 1 1 3 1 2 1 2 2 2 2 1 2 1 1 |1 1 2 2 1 1 1 1 2 1 |2 2 1 1 1 2 1 1 2 1 1 2 1 2 2 2 1 |1 1 2 2 1 2 2 2 2 2 1 2 2 2 1 2 2 1 |1 2 2 1 1 1 2 |2 1 2 2 2 2 2 1 1 1 2 1 1 1 1 2 2 1 |2 1 1 2 1 1 2 1 1 2 2 2 1 1 1 1 1 1 1 |1 1 1 1 1 2 |1 1 2 2 1 1 1 1 1 2 |2 2 2 2 1 2 2 1 2 2 2 2 2 2 1 2 2 2 1 |2 2 2 2 2 2 1 2 2 |2 1 2 1 2 2 |2 1 2 1 1 2 2 2 2 2 2 2 2 2 1 2 2 |2 1 1 2 1 1 2 1 1 1 2 1 1 1 |1 2 1 1 1 1 1 2 |2 2 1 2 1 1 1 |2 1 2 1 1 1 2 2 2 2 1 2 1 1 2 1 |1 1 1 1 1 1 2 1 2 2 2 1 1 1 1 |1 2 2 1 1 2 1 1 2 1 2 1 1 2 2 1 1 2 |1 1 1 2 2 1 1 1 2 2 1 2 2 2 2 2 |1 1 1 2 1 1 1 1 1 2 1 2 2 1 |2 2 1 2 1 1 2 2 1 |1 1 1 2 2 2 2 1 2 1 1 1 1 1 1 1 1 2 2 2 |2 2 1 2 2 1 1 1 2 2 1 1 1 |2 2 2 1 1 2 1 1 1 2 2 2 2 1 2 1 1 1 2 1 |1 2 1 2 2 2 |2 1 2 2 1 1 2 2 2 1 1 1 |

=============第37个最优解如下=============
最大目标值出现代数：
9713
最大目标值为：
89.57772836426932
最佳分配方案：
2 2 1 1 1 2 2 1 1 1 2 2 1 2 1 2 2 1 |2 1 2 2 2 2 2 2 1 2 1 |2 1 2 1 1 2 2 2 2 1 2 1 |2 1 1 1 2 1 2 1 2 2 2 2 1 2 1 1 |1 1 2 2 1 1 2 1 2 1 |2 2 1 1 1 2 1 1 2 1 1 2 1 2 2 2 1 |1 1 2 2 1 2 2 2 2 2 1 1 2 1 1 2 2 1 |1 2 2 1 1 1 2 |2 1 2 2 2 2 2 2 1 1 2 1 1 1 2 2 2 1 |2 1 1 2 2 1 2 2 1 2 2 2 1 1 1 1 1 2 1 |1 1 1 1 1 2 |1 1 1 1 1 1 1 1 1 2 |2 2 2 2 1 2 2 1 1 2 2 1 2 2 1 1 2 1 1 |2 2 2 2 2 2 1 2 2 |2 1 2 1 2 1 |2 1 2 1 1 2 2 2 1 2 2 2 2 2 1 2 2 |2 1 1 2 1 2 2 1 1 1 2 1 1 1 |1 2 1 1 2 1 1 2 |2 2 1 2 1 1 1 |2 1 2 1 1 1 2 2 2 2 1 2 1 1 2 2 |1 2 1 1 1 1 2 1 2 2 2 1 1 1 1 |1 2 2 1 1 2 2 1 2 1 2 1 1 2 2 1 1 2 |1 1 1 2 2 1 1 1 2 1 1 2 1 2 2 2 |2 1 1 2 1 1 1 1 1 1 1 2 2 1 |2 2 1 2 1 2 2 2 1 |1 2 2 2 2 2 2 1 2 1 1 1 2 1 1 1 1 2 2 1 |1 2 1 2 2 1 1 1 2 2 1 1 1 |2 2 2 1 1 2 1 1 1 2 2 2 2 1 2 1 1 1 1 1 |1 2 1 2 2 2 |2 1 2 2 1 1 2 2 2 2 1 1 |

=============第38个最优解如下=============
最大目标值出现代数：
9823
最大目标值为：
90.38638354517605
最佳分配方案：
2 1 1 1 1 2 2 1 1 1 1 2 1 2 1 3 2 1 |2 2 2 3 2 2 2 2 1 2 1 |2 1 1 1 1 2 1 2 1 1 2 1 |2 1 1 1 2 1 2 2 2 2 2 2 1 2 1 1 |1 1 2 2 1 1 1 1 2 2 |2 2 1 1 1 2 2 1 2 1 1 1 1 2 2 2 1 |1 1 2 2 1 2 2 2 2 2 1 2 2 1 1 2 2 1 |1 2 2 1 2 1 2 |2 2 2 2 2 2 1 2 1 1 2 1 1 1 1 2 2 1 |2 1 1 2 2 1 2 2 1 2 2 2 1 1 1 1 1 2 1 |1 1 1 1 1 2 |1 1 2 1 1 1 1 1 1 2 |2 2 2 2 1 2 2 1 1 2 2 2 2 2 1 1 2 2 1 |2 2 2 2 2 2 1 2 2 |2 1 2 1 2 2 |2 2 2 1 1 2 2 2 1 2 2 2 1 2 1 2 2 |2 1 1 2 1 2 2 1 1 1 2 1 1 1 |1 2 1 2 2 2 1 2 |2 2 1 2 1 1 1 |2 2 2 1 1 1 1 2 2 2 1 2 1 1 2 1 |1 2 1 1 1 2 2 1 2 2 2 1 1 1 1 |1 2 2 1 1 2 1 1 2 1 2 1 1 2 2 1 1 2 |1 1 1 2 2 1 1 1 2 2 1 2 1 2 2 2 |2 1 1 2 1 1 1 1 1 1 1 2 2 1 |2 1 1 1 1 1 2 2 1 |1 1 1 1 2 2 1 1 2 1 1 1 1 1 1 1 1 2 2 1 |2 2 1 2 2 1 1 1 2 2 2 1 1 |2 2 2 1 1 2 1 1 2 2 2 2 2 1 2 1 1 1 2 1 |1 1 1 2 2 2 |2 1 1 1 1 1 2 2 2 2 1 2 |

=============第39个最优解如下=============
最大目标值出现代数：
9862
最大目标值为：
89.4943282220576
最佳分配方案：
2 2 1 1 2 2 2 1 1 1 1 2 1 2 1 2 2 1 |2 1 1 2 2 2 1 2 1 2 1 |2 2 2 1 1 2 1 2 2 1 2 1 |2 1 1 1 2 1 2 1 2 2 2 2 1 2 1 1 |1 1 2 2 1 1 2 1 2 2 |2 1 1 1 1 2 2 1 2 1 1 2 1 2 2 2 1 |1 1 2 2 1 2 2 2 2 2 1 1 2 1 1 2 2 1 |1 1 2 1 1 1 2 |2 1 2 2 2 2 2 2 1 1 2 1 1 1 1 2 2 1 |2 1 1 2 1 1 2 2 1 2 2 2 1 1 1 1 1 1 1 |1 1 1 1 1 2 |1 1 1 1 1 1 1 1 1 2 |2 2 2 2 2 2 2 1 1 2 2 2 2 2 1 2 2 1 1 |2 2 2 2 2 2 1 2 2 |2 1 2 1 2 1 |2 2 2 1 1 2 2 2 2 2 2 2 2 2 2 2 1 |2 1 1 2 1 1 2 1 1 1 2 1 1 1 |1 2 1 2 2 1 1 2 |2 1 1 2 1 1 1 |2 1 2 1 1 1 1 2 2 2 1 2 1 1 2 1 |1 2 1 1 1 2 2 1 2 2 2 1 1 1 1 |1 2 2 1 1 2 1 1 2 1 2 1 1 2 2 1 1 2 |1 1 1 2 2 1 1 1 2 2 1 2 1 2 2 2 |2 1 1 2 2 1 1 1 1 2 1 2 2 1 |2 2 1 2 1 2 2 2 1 |1 1 2 2 2 2 2 1 2 1 1 1 1 1 1 1 1 2 2 1 |2 2 1 2 2 1 1 2 2 2 1 1 1 |2 2 2 1 1 2 1 1 1 2 2 2 2 1 2 1 1 1 2 1 |1 2 1 2 2 2 |2 1 2 2 1 1 2 2 2 1 1 1 |

=============第40个最优解如下=============
最大目标值出现代数：
8991
最大目标值为：
89.40834034773812
最佳分配方案：
2 2 1 1 1 2 2 1 1 1 2 2 1 2 1 3 2 1 |2 1 1 2 2 2 1 2 1 2 1 |2 2 2 1 1 2 2 2 2 1 2 1 |2 1 1 1 2 1 2 2 2 2 2 2 2 2 1 1 |1 1 2 2 1 1 2 1 2 1 |2 2 1 1 1 2 2 1 2 1 1 2 1 2 2 2 1 |1 1 2 2 1 2 2 2 2 2 1 2 2 2 1 2 2 1 |1 1 2 1 1 1 2 |2 2 2 2 2 2 2 2 1 2 2 1 1 1 1 2 2 1 |2 1 1 2 2 1 2 2 1 2 2 2 1 1 1 1 1 2 1 |1 1 1 1 1 2 |1 1 2 1 1 1 1 1 1 2 |2 2 1 2 1 2 1 1 1 2 2 1 2 2 1 2 2 2 1 |2 2 2 2 2 2 1 2 2 |2 1 2 1 2 1 |2 1 2 1 1 2 2 2 1 2 2 2 2 2 1 2 2 |2 1 1 2 1 1 2 1 1 1 2 1 1 1 |1 2 1 2 1 2 1 2 |2 2 1 2 1 1 1 |2 1 2 1 1 1 2 2 2 2 1 2 1 1 2 2 |1 2 1 1 1 2 2 1 2 2 2 1 1 1 2 |1 2 2 1 1 2 2 1 2 1 2 1 1 2 2 1 1 2 |1 1 1 2 2 1 1 1 2 1 1 2 1 2 2 2 |1 1 1 2 1 1 1 1 1 1 1 2 2 1 |2 2 1 2 1 2 2 2 1 |1 1 1 1 2 2 2 1 2 1 1 1 2 1 1 1 1 2 2 1 |2 1 1 2 2 1 1 1 2 2 1 1 1 |2 2 2 1 1 2 1 1 1 2 2 2 2 1 2 1 1 1 1 1 |1 1 1 2 2 2 |2 1 1 1 1 1 2 2 2 1 1 1 |

=============第41个最优解如下=============
最大目标值出现代数：
9975
最大目标值为：
90.08140833357906
最佳分配方案：
2 2 1 1 1 2 2 1 1 1 1 2 1 2 1 2 2 1 |2 1 2 2 2 2 2 2 1 2 1 |2 2 2 1 1 2 1 2 2 2 2 1 |2 1 1 1 2 1 2 2 2 2 2 2 1 2 1 1 |1 1 2 2 1 1 1 1 2 1 |2 2 1 1 1 2 1 1 2 1 1 2 1 2 2 2 1 |1 1 2 2 1 2 2 2 2 2 1 1 2 1 1 2 2 1 |1 1 2 1 1 1 2 |2 1 2 2 2 2 2 1 1 1 2 1 1 1 1 2 2 2 |2 1 1 2 1 1 2 2 1 2 2 2 1 1 1 1 1 1 1 |1 2 1 1 1 2 |1 1 2 1 1 1 1 1 1 2 |2 2 2 2 1 2 2 1 1 2 2 2 2 2 1 2 2 1 1 |2 2 2 2 2 2 1 2 2 |2 1 2 1 2 1 |2 1 2 1 1 2 2 2 2 2 2 2 1 2 1 2 2 |2 1 1 2 1 1 2 1 1 1 2 1 1 1 |1 2 1 1 1 1 1 2 |2 2 1 2 1 1 1 |2 1 2 1 1 1 1 2 2 2 1 2 1 1 2 1 |1 2 1 1 1 2 2 1 2 2 2 1 1 1 1 |1 2 2 1 1 2 1 1 2 1 2 1 1 2 2 1 1 2 |1 1 1 2 2 1 2 1 2 2 1 2 1 2 2 2 |2 1 1 2 1 1 1 1 1 2 1 2 2 1 |2 2 1 2 1 2 2 2 1 |1 2 2 2 2 2 2 2 2 1 1 1 2 1 1 1 1 2 2 1 |2 2 1 2 2 1 1 2 2 2 1 1 1 |2 2 2 1 1 2 1 2 1 2 2 2 2 1 2 1 1 1 1 1 |1 2 1 2 2 2 |2 1 1 1 1 1 2 2 2 1 1 1 |

=============第42个最优解如下=============
最大目标值出现代数：
9792
最大目标值为：
89.37318574838771
最佳分配方案：
2 2 1 1 2 2 2 1 1 1 2 2 1 2 1 2 2 1 |2 1 2 2 2 2 1 2 1 2 1 |2 1 2 1 1 2 2 2 2 1 2 1 |2 1 1 1 2 1 2 1 2 2 2 2 1 2 1 1 |1 1 2 2 1 1 1 1 2 1 |2 2 1 1 1 2 2 1 2 1 1 2 1 2 2 2 1 |1 1 2 2 1 2 2 2 2 2 1 2 2 2 1 2 2 1 |1 1 2 1 1 1 2 |2 1 2 2 2 2 1 2 1 1 2 1 1 1 1 2 2 1 |2 1 1 2 2 1 2 2 1 2 2 2 1 1 1 1 1 1 1 |1 1 1 1 1 2 |1 1 2 1 1 1 1 1 1 2 |2 2 1 2 1 2 2 1 1 2 2 1 2 2 1 2 2 1 1 |2 2 2 2 2 2 1 2 2 |2 1 2 1 2 1 |2 1 2 1 1 2 2 2 1 1 2 2 1 1 1 2 2 |2 1 1 2 1 2 2 1 1 1 2 1 1 1 |1 2 1 2 2 2 2 2 |2 1 1 2 1 1 1 |2 1 2 1 1 1 1 2 2 2 2 2 1 1 2 2 |1 2 1 1 1 2 2 1 2 2 2 1 1 1 1 |1 2 2 1 1 2 2 1 2 1 2 1 2 2 2 1 1 2 |1 1 1 2 2 1 1 1 2 2 1 2 1 2 2 2 |2 1 1 2 1 1 1 1 1 2 1 2 2 1 |2 2 1 2 1 2 2 2 1 |1 1 1 1 2 2 2 1 2 1 1 1 2 1 1 1 1 2 2 1 |2 2 1 2 2 1 1 2 2 2 1 1 1 |2 2 2 1 1 2 1 1 1 2 2 2 2 1 2 1 1 1 2 1 |1 2 1 2 2 2 |2 1 1 2 1 1 2 2 2 1 1 1 |

=============第43个最优解如下=============
最大目标值出现代数：
9915
最大目标值为：
89.79402631023024
最佳分配方案：
2 2 1 1 1 1 2 1 1 1 1 2 1 2 1 2 2 1 |2 1 2 2 2 2 2 2 1 2 1 |2 2 2 1 1 2 2 2 2 1 2 1 |2 1 1 1 2 1 2 2 2 2 2 2 1 2 1 1 |1 1 2 2 1 1 2 1 2 1 |2 2 1 1 1 2 2 1 2 1 1 1 1 2 2 2 1 |1 1 2 2 1 2 2 2 2 2 1 2 2 1 1 1 2 1 |1 1 2 1 2 1 2 |2 2 2 2 2 2 2 2 1 1 2 1 1 1 2 2 2 1 |2 1 1 2 2 1 2 2 1 2 2 2 1 1 1 1 1 1 1 |2 1 1 1 1 2 |1 1 2 1 1 1 1 1 1 2 |2 2 2 2 1 2 2 1 1 2 2 2 2 2 1 2 2 2 1 |2 2 2 2 2 2 1 2 2 |2 1 2 1 2 2 |2 1 2 1 1 2 2 2 1 1 2 2 1 2 1 2 1 |2 1 1 2 1 1 2 1 1 1 2 1 1 1 |1 2 1 2 1 2 1 2 |2 2 1 2 1 1 1 |2 1 2 1 1 1 2 1 2 1 1 2 1 1 2 1 |1 2 1 1 1 2 2 1 2 2 2 1 1 1 1 |1 2 2 1 1 2 1 1 2 1 2 1 1 2 2 1 1 2 |1 1 1 2 2 1 1 1 2 2 1 2 1 2 2 2 |2 1 1 2 1 1 2 1 1 1 1 2 2 1 |2 2 1 2 1 2 2 2 1 |1 2 2 2 2 2 2 1 2 1 1 1 1 1 1 1 1 2 2 1 |2 2 1 2 2 1 1 1 2 2 1 1 1 |2 2 2 1 1 2 1 1 1 2 2 2 2 1 2 1 1 1 1 1 |1 2 1 2 2 2 |2 1 1 2 1 1 2 2 2 1 1 1 |

=============第44个最优解如下=============
最大目标值出现代数：
9615
最大目标值为：
91.6029312324164
最佳分配方案：
2 2 1 1 1 2 2 1 1 1 2 1 1 3 1 3 2 1 |2 2 2 2 2 3 2 3 1 2 2 |2 2 2 1 1 2 2 3 2 2 2 1 |2 1 1 1 3 1 3 1 2 2 2 2 1 2 1 1 |1 1 2 2 1 1 2 1 2 1 |2 2 1 1 1 2 2 1 2 1 1 1 1 2 2 2 1 |1 2 2 2 1 2 2 2 2 2 1 2 2 1 1 2 2 1 |1 1 2 1 2 1 2 |2 1 2 2 2 2 1 1 1 1 2 1 1 1 1 2 2 1 |2 1 1 2 2 1 2 1 1 2 2 2 1 1 1 1 1 1 1 |1 1 1 1 1 2 |1 1 2 1 1 1 1 1 1 2 |2 2 2 2 1 2 2 1 1 2 2 1 2 2 1 1 2 1 1 |2 2 2 2 2 2 1 2 2 |2 1 2 1 2 1 |2 2 2 1 1 2 2 2 1 2 2 2 1 1 1 2 2 |2 1 1 2 1 1 2 1 1 1 2 1 1 1 |1 1 1 1 1 1 1 2 |2 1 1 2 1 1 1 |2 2 2 1 1 1 2 2 2 2 1 2 1 1 2 1 |1 2 1 1 1 2 2 1 2 2 2 1 1 1 1 |1 2 2 1 1 2 1 1 2 1 2 1 1 2 2 1 1 2 |1 1 1 2 2 1 1 1 2 2 1 2 1 2 2 2 |2 1 1 2 1 1 1 1 1 1 1 2 2 1 |2 1 1 2 1 2 2 2 1 |1 1 1 1 2 2 2 1 2 1 1 1 1 1 1 1 1 2 2 1 |2 2 1 2 2 1 1 1 2 2 1 1 1 |2 2 2 1 1 2 1 1 2 2 2 2 2 1 2 1 1 1 2 1 |1 2 1 2 2 2 |2 1 1 1 1 1 2 2 2 2 1 1 |

=============第45个最优解如下=============
最大目标值出现代数：
9843
最大目标值为：
89.99597949314156
最佳分配方案：
2 2 1 1 1 2 2 1 1 1 2 2 1 2 1 2 2 1 |2 1 2 2 2 2 2 2 1 2 1 |2 1 2 1 1 2 1 2 2 2 2 1 |2 1 1 1 2 1 2 2 2 2 2 2 1 2 1 1 |1 1 2 2 1 1 2 1 2 1 |2 1 1 1 1 2 2 1 2 1 1 2 1 2 2 2 1 |1 1 2 2 1 2 2 2 2 2 1 2 2 1 1 2 2 1 |1 1 2 2 1 1 2 |2 2 2 2 2 2 2 2 1 1 2 1 1 1 1 2 2 1 |2 1 1 2 2 1 2 2 1 2 2 2 1 1 1 1 1 1 1 |1 1 1 1 1 2 |1 1 2 1 1 1 1 1 1 2 |2 2 2 2 1 2 2 1 1 2 2 2 2 2 1 2 2 2 1 |2 2 2 2 2 2 1 2 2 |2 1 2 1 2 2 |2 1 2 1 1 2 2 2 1 1 2 2 2 2 1 2 2 |2 1 1 2 1 1 2 1 1 1 2 1 1 1 |1 1 1 1 1 1 1 2 |1 1 1 2 1 1 1 |2 1 2 1 1 1 1 1 2 2 1 2 1 1 2 1 |1 2 1 1 1 1 2 1 2 2 2 1 1 1 1 |1 2 2 1 1 2 2 1 2 1 2 1 1 2 2 1 1 2 |1 1 2 2 2 1 1 1 2 2 1 2 1 2 2 2 |2 1 1 2 2 1 1 1 1 1 1 2 2 1 |2 2 1 2 1 2 2 2 1 |1 1 1 1 2 2 2 1 2 1 1 1 1 1 1 1 2 2 2 2 |2 2 1 2 2 2 1 2 2 2 1 1 1 |2 2 2 1 1 2 1 1 1 2 2 2 2 1 2 1 1 1 2 1 |1 2 1 2 2 2 |2 1 1 1 1 1 2 2 2 2 1 1 |

=============第46个最优解如下=============
最大目标值出现代数：
9318
最大目标值为：
90.1538931512497
最佳分配方案：
2 2 1 1 1 2 2 1 1 1 2 2 1 2 1 2 2 1 |2 1 2 2 2 2 1 2 1 2 1 |2 1 2 1 1 2 1 2 2 1 2 1 |2 1 1 1 2 1 2 1 2 2 2 2 1 2 1 1 |1 1 2 2 1 1 2 1 2 2 |2 2 1 1 1 2 2 1 2 1 1 2 1 2 2 2 1 |1 1 2 2 1 2 2 2 2 2 1 2 2 1 1 2 2 1 |1 1 2 1 1 1 2 |2 1 2 2 2 2 2 2 1 1 2 1 1 1 1 2 2 1 |2 1 1 2 1 1 2 2 1 2 2 2 1 1 1 1 1 1 1 |1 1 1 1 1 2 |1 1 1 1 1 1 1 1 1 2 |2 2 2 2 1 2 2 1 1 2 2 1 2 2 1 1 2 2 1 |2 2 2 2 2 2 1 2 2 |2 1 2 1 2 1 |2 1 2 1 1 2 2 2 2 1 2 2 1 2 1 2 2 |2 1 1 2 1 2 2 1 1 1 2 1 1 1 |1 2 1 2 2 2 1 2 |2 2 1 2 1 1 1 |2 1 2 1 1 1 2 2 2 2 1 2 1 1 2 1 |1 2 1 1 1 2 2 1 2 2 2 1 1 1 1 |1 2 2 1 1 2 1 1 2 1 2 1 1 2 2 1 1 2 |1 1 1 2 2 1 1 1 2 2 1 2 1 2 2 2 |2 1 1 2 1 1 1 1 1 2 1 2 2 1 |2 2 1 2 1 1 2 2 1 |1 2 2 2 2 2 2 1 2 1 1 1 1 1 1 1 1 2 2 1 |2 2 1 2 2 1 1 2 2 2 1 1 1 |2 2 2 1 1 2 1 1 1 2 2 2 2 1 2 1 1 1 1 1 |1 2 1 2 2 2 |2 1 2 2 1 1 2 2 2 1 1 2 |

=============第47个最优解如下=============
最大目标值出现代数：
9883
最大目标值为：
89.36456448857365
最佳分配方案：
2 2 1 1 1 2 2 1 1 1 2 2 1 2 1 2 2 1 |2 2 2 2 2 2 1 2 1 2 1 |2 2 2 1 1 2 1 2 2 1 2 1 |2 1 1 1 2 1 2 1 2 2 2 2 1 2 1 1 |1 1 2 2 1 1 2 1 2 1 |2 2 1 1 1 2 2 1 2 1 1 2 1 2 2 2 1 |1 2 2 2 1 2 2 2 2 2 1 1 2 2 1 2 2 1 |1 2 2 1 1 1 2 |2 2 2 2 2 2 2 2 1 1 2 1 1 1 2 2 2 1 |2 1 1 2 1 1 2 1 1 2 2 2 1 1 1 1 1 2 1 |1 1 1 1 1 2 |2 1 2 1 1 1 1 1 1 2 |2 2 2 2 1 2 2 1 2 2 2 2 2 2 1 2 2 2 1 |2 2 2 2 2 2 2 2 2 |2 1 2 2 2 1 |2 1 2 1 1 2 2 2 1 2 2 2 2 2 2 2 2 |2 1 1 2 1 1 2 1 1 1 2 1 1 1 |1 2 1 1 2 1 1 2 |2 1 1 2 1 1 1 |2 2 2 1 1 1 1 1 2 2 1 2 1 1 2 1 |1 2 1 1 1 2 2 1 2 2 2 1 1 1 1 |1 2 2 1 1 2 2 1 2 1 2 1 1 2 2 1 1 2 |1 1 1 2 2 1 1 1 2 2 1 2 1 2 2 2 |1 1 1 2 1 1 1 1 1 1 1 2 2 1 |2 2 1 1 1 1 2 2 1 |1 1 1 1 2 2 2 1 2 1 1 1 1 1 1 1 1 2 2 1 |1 2 1 2 2 1 1 1 2 2 1 1 1 |2 2 2 1 1 2 1 1 1 2 2 2 2 1 2 1 1 1 1 1 |1 2 1 2 2 2 |2 1 1 1 1 1 2 2 2 2 1 1 |

=============第48个最优解如下=============
最大目标值出现代数：
9520
最大目标值为：
89.56667602585668
最佳分配方案：
2 1 1 1 1 1 2 2 1 1 1 2 1 2 1 2 2 1 |1 1 1 2 2 2 1 2 1 2 1 |2 1 2 1 1 2 1 2 2 1 2 1 |2 1 1 1 2 1 2 2 2 2 2 2 1 2 1 1 |1 1 2 2 1 1 2 1 2 1 |2 1 1 1 1 2 2 1 2 1 1 2 1 2 2 2 1 |1 2 2 2 1 2 2 2 2 2 1 2 2 1 1 2 2 1 |1 1 2 1 1 1 2 |2 1 2 2 2 2 2 2 1 2 2 1 1 1 2 2 2 1 |2 1 1 2 2 1 2 2 1 2 2 2 1 1 1 2 1 2 1 |1 1 1 1 1 2 |1 1 1 1 1 1 1 1 1 2 |2 2 2 2 1 2 1 1 2 2 2 2 2 2 1 2 2 2 1 |2 2 2 2 2 2 1 2 2 |2 1 2 2 2 2 |2 1 2 1 1 2 2 2 1 1 2 2 1 1 1 2 2 |2 1 1 2 1 1 2 1 1 1 2 1 1 1 |1 2 1 1 1 1 1 2 |2 1 1 2 1 1 1 |2 1 2 1 1 1 1 2 2 2 1 2 1 1 2 1 |1 2 1 1 2 2 2 1 2 2 2 1 1 1 1 |1 2 2 1 1 2 1 1 2 1 2 1 1 2 2 1 1 2 |1 1 1 2 2 1 1 1 2 2 1 2 1 2 2 2 |2 1 1 2 1 1 1 1 1 2 1 2 2 1 |2 2 1 2 1 2 2 2 1 |1 1 2 2 2 2 2 1 2 1 1 1 2 1 2 1 1 2 2 1 |2 2 1 2 2 1 1 2 2 2 1 1 1 |2 2 2 1 1 2 1 1 2 2 2 2 2 1 2 1 1 1 2 1 |1 2 1 2 2 2 |2 1 2 1 1 1 2 2 2 1 1 1 |

=============第49个最优解如下=============
最大目标值出现代数：
9761
最大目标值为：
90.6916097874096
最佳分配方案：
2 2 1 1 1 2 2 1 1 1 2 2 1 2 1 2 2 1 |2 1 2 2 2 2 1 2 1 2 1 |2 1 2 1 1 2 1 2 2 2 2 1 |2 1 1 1 2 1 2 2 2 2 2 2 1 2 1 1 |1 1 2 2 1 1 2 1 2 1 |2 2 1 1 1 2 1 1 2 1 1 2 1 2 2 3 1 |1 2 2 2 1 2 2 2 2 2 1 2 2 2 1 2 2 1 |1 1 2 1 1 1 2 |2 2 2 2 2 2 2 2 1 1 2 1 1 1 2 2 2 1 |2 1 1 2 2 1 2 2 1 2 2 2 1 1 1 1 1 1 1 |1 1 1 1 1 2 |1 1 1 1 1 1 1 1 1 2 |2 2 2 2 1 2 2 1 2 2 2 2 2 2 1 2 2 2 1 |2 2 2 2 2 2 2 2 2 |2 1 2 1 2 1 |2 2 2 2 1 2 2 2 1 2 2 2 1 2 1 2 2 |2 1 1 2 1 1 2 1 1 1 2 1 1 1 |1 2 1 1 1 1 1 2 |2 1 1 2 1 1 1 |2 1 2 1 1 1 2 2 2 2 1 2 1 1 1 1 |1 1 1 1 1 1 2 1 2 2 2 1 1 1 1 |1 2 1 1 1 2 1 1 2 1 2 1 1 2 2 1 1 2 |1 1 2 2 2 1 1 1 2 1 1 2 1 2 2 2 |1 1 1 2 1 1 1 1 1 1 1 2 2 1 |2 1 1 2 1 1 2 2 1 |1 1 1 2 2 2 2 2 2 1 1 1 2 1 1 1 1 2 2 1 |2 2 1 2 2 1 1 2 2 2 1 1 1 |2 2 2 1 1 2 1 1 1 2 2 2 2 1 2 1 1 1 2 1 |1 2 1 2 2 2 |2 1 2 2 1 1 2 2 2 1 1 1 |

=============第50个最优解如下=============
最大目标值出现代数：
9934
最大目标值为：
91.29006858316644
最佳分配方案：
2 1 1 1 2 1 2 1 1 1 1 2 1 3 1 3 2 1 |2 1 1 3 2 2 1 2 1 2 1 |2 2 2 1 1 2 1 2 2 2 2 1 |2 1 1 1 2 1 3 1 2 2 2 2 1 2 1 1 |1 1 2 2 1 1 2 1 2 1 |2 2 1 1 1 2 2 1 2 1 1 1 1 2 2 3 1 |1 1 2 2 1 2 2 2 2 2 1 2 2 1 1 2 2 1 |1 1 2 1 1 1 2 |2 1 2 2 2 2 2 2 1 1 2 1 1 1 1 2 2 1 |2 1 1 2 2 1 2 2 1 2 2 2 1 1 1 1 1 1 1 |2 1 1 1 1 2 |1 1 2 1 1 1 1 1 1 2 |2 2 1 2 1 2 1 1 1 2 2 2 2 2 1 2 2 1 1 |1 2 2 3 2 2 1 2 2 |2 1 1 1 2 1 |2 1 2 1 1 2 2 2 2 2 2 2 1 2 1 2 2 |2 1 1 2 1 1 2 1 1 1 2 1 1 1 |1 1 1 1 2 1 1 2 |2 2 1 2 1 1 1 |2 1 2 1 1 1 2 2 2 2 1 2 1 1 2 1 |1 2 1 1 1 2 2 1 2 2 2 1 1 1 2 |1 2 2 1 1 2 1 1 2 1 2 1 1 2 2 1 1 2 |1 1 2 2 2 1 1 1 2 2 1 2 1 2 2 2 |2 1 1 2 2 1 2 1 1 1 1 2 2 1 |2 2 1 2 1 1 2 2 1 |1 1 1 2 2 2 2 1 2 1 1 1 2 1 1 1 1 2 2 1 |2 2 1 2 2 1 1 2 2 2 1 1 1 |2 2 2 1 1 2 1 1 1 2 2 2 2 1 2 1 1 1 1 1 |1 2 1 2 2 2 |2 1 1 1 1 1 2 2 2 2 1 1 |

=============第51个最优解如下=============
最大目标值出现代数：
8941
最大目标值为：
89.72548956644461
最佳分配方案：
2 1 1 1 1 2 2 1 1 1 1 2 1 2 1 2 2 1 |2 1 1 2 2 2 1 3 1 2 1 |2 2 2 1 1 2 1 2 2 2 2 1 |2 1 1 1 2 1 2 1 2 2 2 2 1 2 1 1 |1 1 2 2 1 1 1 1 2 1 |2 1 1 1 1 2 1 1 2 1 1 2 1 2 2 2 1 |1 2 2 2 1 2 2 2 2 2 1 2 2 2 1 2 2 1 |1 1 2 1 2 1 2 |2 2 2 2 2 2 2 2 1 1 2 1 1 1 2 2 2 2 |2 1 1 2 2 1 2 2 1 2 2 2 1 1 1 1 1 2 1 |1 1 1 1 1 2 |1 1 2 1 1 1 1 1 1 2 |2 2 2 2 1 2 2 1 1 2 2 1 2 2 1 2 2 2 1 |2 1 2 2 2 2 1 2 2 |2 1 2 1 2 2 |2 1 2 1 1 2 2 2 1 2 2 2 1 2 1 2 1 |2 1 1 2 1 2 2 1 1 1 2 1 1 1 |1 1 1 1 2 1 1 2 |2 1 1 2 1 1 1 |2 2 2 1 1 1 1 2 2 2 1 2 1 1 2 1 |1 2 1 1 1 2 2 1 2 2 2 1 1 1 1 |1 2 2 1 1 2 1 1 2 1 2 1 1 2 2 1 1 2 |1 1 2 2 2 1 1 1 2 2 1 2 1 2 2 2 |2 1 1 2 1 1 1 1 1 1 1 2 2 1 |2 2 1 2 1 2 2 2 1 |1 1 2 2 2 2 2 1 2 1 1 1 2 1 1 1 1 2 2 1 |2 2 1 2 2 1 1 1 2 2 1 1 1 |2 2 2 1 1 2 1 2 1 2 2 2 2 1 2 1 1 1 2 1 |1 2 1 2 2 2 |2 1 1 1 1 1 2 2 2 1 1 1 |

=============第52个最优解如下=============
最大目标值出现代数：
9814
最大目标值为：
89.35205237927082
最佳分配方案：
2 1 1 1 1 2 2 1 1 1 1 2 1 2 1 2 2 1 |2 1 2 2 2 2 2 2 1 2 1 |2 2 2 1 1 2 2 2 2 1 2 1 |2 1 1 1 2 1 2 1 2 2 2 2 1 2 1 1 |1 1 2 2 1 1 2 1 2 1 |2 1 1 1 1 2 1 1 2 1 1 2 1 2 2 2 1 |1 1 2 2 1 2 2 2 2 2 1 2 2 2 1 2 2 1 |1 2 2 1 2 1 2 |2 1 2 2 2 2 2 2 1 1 2 1 1 1 1 2 2 1 |2 1 1 2 2 1 2 2 1 2 2 2 1 1 1 1 1 1 1 |1 1 1 1 1 2 |1 1 2 1 1 1 1 1 1 2 |2 2 2 2 1 2 2 1 1 2 2 1 2 2 1 1 2 2 1 |2 2 2 2 2 2 1 2 2 |2 1 2 1 2 2 |2 1 2 1 1 2 2 2 2 2 2 2 2 2 2 2 2 |2 1 1 2 1 2 2 1 1 1 1 1 1 1 |1 1 1 1 1 1 1 2 |2 1 1 2 1 1 1 |2 1 2 1 1 1 2 2 2 2 1 2 1 1 2 1 |1 2 1 1 1 1 1 1 2 2 2 1 1 1 1 |1 2 2 1 1 2 2 1 2 1 2 1 1 2 2 2 1 2 |1 1 2 2 2 1 1 1 2 2 1 2 1 2 2 2 |2 1 1 2 1 1 1 1 1 2 1 2 2 1 |2 2 1 2 1 1 2 2 1 |1 2 2 2 2 2 2 1 2 1 1 1 1 1 1 1 1 2 2 1 |2 2 1 2 2 1 1 2 2 2 1 1 1 |2 2 2 1 1 2 1 1 1 2 2 2 2 1 2 1 1 1 1 1 |1 2 1 2 2 2 |2 1 1 2 1 1 2 2 2 1 1 1 |

=============第53个最优解如下=============
最大目标值出现代数：
9949
最大目标值为：
89.24174286958326
最佳分配方案：
2 2 1 1 1 2 2 1 1 1 1 2 1 2 1 2 2 1 |2 1 2 2 2 2 2 2 1 2 1 |2 2 2 1 1 2 2 2 2 2 2 1 |2 1 1 1 2 1 2 2 2 2 2 2 1 2 1 1 |2 1 2 2 1 1 2 1 2 2 |2 2 1 1 1 2 2 1 2 1 1 2 1 2 2 2 1 |1 1 2 2 1 2 2 2 2 2 1 1 2 2 1 2 2 2 |1 1 2 1 1 1 2 |2 2 2 2 2 2 2 2 1 1 2 1 1 1 2 2 2 1 |2 1 1 2 1 1 2 2 1 2 2 2 2 1 1 1 1 1 1 |1 1 1 1 1 2 |1 1 1 1 1 1 1 1 1 2 |2 2 2 2 1 2 2 1 2 2 2 2 2 2 1 2 2 1 1 |2 2 2 2 2 2 1 2 2 |2 1 2 1 2 1 |2 1 2 1 1 2 2 1 1 1 2 2 1 2 1 2 2 |2 1 1 2 1 1 2 1 1 1 2 1 1 1 |1 2 1 1 1 1 1 2 |2 2 1 2 1 1 1 |2 2 2 1 1 1 1 2 2 2 1 2 1 1 1 1 |1 2 1 1 1 2 2 1 2 2 2 1 1 1 1 |1 2 2 1 1 2 1 1 2 1 2 1 2 2 2 1 1 2 |1 1 1 2 2 1 1 1 2 2 1 2 2 2 2 2 |2 1 1 2 2 1 1 1 1 1 1 2 2 1 |2 2 1 1 1 2 2 2 1 |1 1 2 1 2 2 2 1 2 1 1 1 2 1 1 1 1 2 2 1 |2 2 1 2 2 1 1 1 2 2 1 1 1 |2 1 2 1 1 2 1 1 1 2 2 2 2 1 2 1 1 1 1 1 |1 1 1 2 2 2 |2 1 1 1 1 1 2 2 2 2 1 1 |

=============第54个最优解如下=============
最大目标值出现代数：
9178
最大目标值为：
89.87291459718276
最佳分配方案：
2 2 1 1 1 2 2 1 1 1 2 2 1 2 1 2 2 1 |2 2 2 2 2 2 2 2 1 2 1 |2 2 2 1 1 2 1 2 2 1 2 1 |2 1 1 1 2 1 2 2 2 2 2 2 1 2 1 1 |1 1 2 2 1 1 1 1 2 2 |2 1 1 1 1 2 1 1 2 1 1 2 1 2 2 2 1 |1 2 2 2 1 2 2 2 2 2 1 1 2 1 1 2 2 1 |1 1 2 1 1 1 2 |2 1 2 2 2 2 2 2 1 2 2 1 1 1 1 2 2 1 |2 1 1 2 2 1 2 1 1 2 1 2 1 1 1 1 1 1 1 |1 1 1 1 1 2 |1 1 1 1 1 1 1 1 1 2 |2 2 2 2 1 2 2 1 2 2 2 2 2 2 1 2 2 2 1 |2 2 2 2 2 2 1 2 2 |2 1 2 2 2 1 |2 1 2 1 1 2 2 2 1 1 2 2 1 1 1 2 1 |2 1 1 2 1 1 2 1 1 1 2 1 1 1 |1 1 1 1 1 1 1 2 |2 1 1 2 1 1 1 |2 1 2 1 1 1 2 2 2 2 1 2 1 1 2 1 |1 2 1 1 1 2 2 1 2 2 2 1 1 1 1 |1 2 2 1 1 2 2 1 2 1 2 2 1 2 2 2 1 2 |1 1 1 2 2 1 1 1 2 1 1 2 1 2 2 2 |2 1 1 2 1 1 1 1 1 2 1 2 2 1 |2 2 1 2 2 2 2 2 1 |1 2 1 2 2 2 2 1 2 1 1 1 1 1 1 1 1 2 2 1 |2 2 1 2 2 1 1 2 2 2 1 1 1 |2 2 2 1 1 2 1 1 2 2 2 2 2 1 2 1 1 1 1 1 |1 2 1 2 2 2 |2 1 2 1 1 1 2 2 2 2 1 2 |

=============第55个最优解如下=============
最大目标值出现代数：
9418
最大目标值为：
90.22968402141025
最佳分配方案：
3 1 1 1 1 2 2 1 1 1 2 2 1 3 1 2 2 1 |2 1 2 2 2 2 2 2 1 2 1 |2 2 2 1 1 2 2 3 2 1 2 1 |2 1 1 1 2 1 2 1 2 2 2 2 1 1 1 1 |1 1 2 2 1 1 2 1 2 1 |2 1 1 1 1 2 1 1 2 1 1 1 1 2 2 2 1 |1 1 2 2 1 2 2 2 2 2 1 1 2 1 1 2 2 1 |1 1 2 1 1 1 2 |2 2 2 2 2 2 2 1 1 1 2 1 1 1 1 2 2 1 |2 1 1 2 1 1 2 2 1 2 2 2 1 1 1 1 1 1 1 |1 1 1 1 1 2 |1 1 2 1 1 1 1 1 1 2 |2 2 2 2 1 2 2 1 1 2 2 2 2 2 1 2 2 2 1 |2 2 2 2 2 2 1 2 2 |2 1 2 1 2 2 |2 1 2 1 1 2 2 2 2 2 2 2 1 2 1 2 2 |2 1 1 2 1 1 2 1 1 1 2 1 1 1 |1 2 1 1 2 1 1 2 |2 1 1 2 1 1 1 |2 1 2 1 1 1 1 2 2 2 1 2 1 1 2 2 |1 2 1 1 1 2 2 1 2 2 2 1 1 1 1 |1 2 2 1 1 2 1 1 2 1 2 1 1 2 2 1 1 2 |1 1 1 2 2 1 1 1 2 2 1 2 1 2 2 2 |2 1 1 2 2 1 1 1 1 2 1 2 2 1 |2 2 1 2 1 2 2 2 1 |1 1 1 2 2 2 2 1 2 1 1 1 2 1 1 1 2 2 2 1 |2 2 1 2 2 1 1 2 2 2 1 1 1 |2 2 2 1 1 2 1 1 1 2 2 2 2 1 2 1 1 1 2 1 |1 1 1 2 2 2 |2 1 1 2 1 1 2 2 2 1 1 1 |

=============第56个最优解如下=============
最大目标值出现代数：
9599
最大目标值为：
89.7774935143353
最佳分配方案：
2 2 1 1 1 2 2 1 1 1 1 2 1 2 1 2 2 1 |2 1 2 2 2 2 2 2 1 2 1 |2 2 2 1 1 2 1 2 2 1 2 1 |2 1 1 1 2 1 2 1 2 2 2 2 1 2 1 1 |1 1 2 2 1 1 1 1 2 1 |2 1 1 1 1 2 1 1 2 1 1 2 1 2 2 2 1 |1 1 2 2 1 2 2 2 2 2 1 1 2 2 1 2 2 1 |1 1 2 1 1 1 2 |2 1 2 2 2 2 2 1 1 2 2 1 1 1 2 2 2 1 |2 1 1 2 2 1 2 2 1 2 2 2 1 1 1 2 1 1 1 |1 1 1 1 1 2 |1 1 2 1 1 1 1 1 1 1 |2 2 2 2 1 2 2 1 1 2 2 1 2 2 1 2 2 1 1 |2 2 2 2 2 2 1 2 2 |2 1 2 2 2 1 |2 2 2 1 1 2 2 2 1 2 2 2 2 2 1 2 2 |2 1 1 2 1 1 2 1 1 1 2 1 1 1 |1 2 1 2 2 2 1 2 |2 1 1 2 1 1 1 |2 2 2 1 1 1 2 2 2 2 1 2 1 1 1 1 |1 2 1 1 1 2 2 1 2 2 2 1 1 1 1 |1 2 2 1 1 2 2 2 2 2 2 1 1 2 2 1 1 2 |1 1 1 2 2 1 1 1 2 1 2 2 1 2 2 2 |2 1 1 2 2 1 1 1 1 2 1 2 2 1 |2 2 1 2 1 2 2 2 1 |1 1 1 1 2 2 2 1 2 1 1 1 2 1 1 1 1 2 2 1 |2 2 1 2 1 1 1 1 2 2 1 1 1 |2 2 2 1 1 2 1 1 1 2 2 2 2 1 2 1 1 1 1 1 |1 1 1 2 2 2 |2 1 1 2 1 1 2 2 2 1 1 2 |

=============第57个最优解如下=============
最大目标值出现代数：
9912
最大目标值为：
91.03623066644748
最佳分配方案：
2 1 1 1 1 2 2 1 1 1 1 2 1 3 1 3 2 1 |2 1 1 2 2 2 2 2 1 2 1 |2 1 1 1 1 2 1 3 1 1 2 1 |2 1 1 1 2 1 2 2 2 2 2 2 1 2 1 1 |1 1 2 2 1 1 1 1 2 1 |2 2 1 1 1 2 2 1 2 1 1 1 1 2 2 2 1 |1 2 2 2 1 2 2 2 2 2 1 2 2 2 1 2 2 1 |1 2 2 1 1 1 2 |2 2 2 2 2 2 2 2 1 2 2 1 1 1 1 2 2 1 |2 1 1 2 2 1 2 2 1 2 2 2 1 1 1 1 1 2 1 |1 1 1 1 1 2 |2 1 1 1 1 1 1 1 1 2 |2 2 2 2 1 2 2 1 1 2 2 2 2 2 1 1 2 2 1 |2 2 2 3 2 2 2 2 2 |2 1 2 1 2 2 |2 2 2 1 2 2 2 2 2 2 2 2 1 2 1 2 2 |2 1 1 2 1 1 2 1 1 1 2 1 1 1 |1 1 1 1 1 1 1 2 |1 1 1 2 1 1 1 |2 1 2 1 1 1 1 1 2 1 1 2 1 1 1 1 |1 1 1 1 1 2 2 1 2 2 2 1 1 1 1 |1 2 2 1 1 2 2 2 2 1 2 1 1 2 2 2 1 2 |1 1 1 2 2 1 1 1 2 1 1 2 1 2 2 2 |2 1 1 2 1 1 1 1 1 2 1 2 2 1 |2 2 1 2 1 2 2 2 1 |1 1 1 1 2 2 2 1 2 1 1 1 2 1 1 1 1 2 2 1 |2 2 1 2 2 1 1 1 2 2 1 1 1 |2 2 2 1 1 2 1 1 2 2 2 2 2 1 2 1 1 1 1 1 |2 2 1 2 2 2 |2 1 1 2 1 1 2 2 2 1 1 1 |

=============第58个最优解如下=============
最大目标值出现代数：
9748
最大目标值为：
91.06734878305232
最佳分配方案：
2 1 1 1 1 2 2 1 1 1 2 2 1 2 1 3 2 1 |1 1 1 2 2 2 2 2 1 2 1 |2 2 2 1 1 2 1 2 2 1 2 1 |2 1 1 1 2 1 2 1 2 2 3 2 1 2 1 1 |1 1 2 2 1 1 1 1 2 1 |2 2 1 1 1 2 1 1 1 1 1 1 1 2 2 3 1 |1 1 2 2 1 2 2 2 2 2 1 2 2 2 1 2 2 1 |1 1 2 1 1 1 2 |2 1 2 2 2 2 2 2 1 1 2 1 1 1 2 2 2 1 |2 1 1 2 2 1 2 1 1 2 2 2 1 1 1 1 1 2 1 |1 1 1 1 1 2 |1 1 2 1 1 1 1 1 1 2 |2 2 2 2 1 2 2 1 1 2 2 1 2 2 1 2 2 1 1 |2 2 2 2 2 2 1 2 2 |2 1 2 2 2 1 |2 2 2 1 1 2 2 2 2 1 2 2 1 2 1 2 1 |2 1 1 2 1 1 2 1 1 1 2 1 1 1 |1 2 1 2 2 1 1 2 |2 1 1 2 1 1 1 |2 2 2 1 1 1 1 2 2 2 1 2 1 1 2 2 |1 2 1 1 2 1 2 1 2 2 2 1 1 1 1 |1 2 2 1 1 2 2 1 2 1 2 1 1 2 2 1 1 2 |1 1 1 2 2 1 1 1 2 2 1 2 1 2 2 2 |2 1 1 2 1 1 2 1 1 1 1 2 2 1 |2 1 1 2 1 2 2 2 1 |1 1 1 1 2 2 2 1 2 1 1 1 1 1 1 1 1 2 2 1 |2 2 1 2 2 1 1 2 2 2 1 1 1 |2 2 2 1 1 2 1 1 2 2 2 2 2 1 2 1 1 1 2 1 |1 2 1 2 2 2 |2 1 2 2 1 1 2 2 2 2 1 1 |

=============第59个最优解如下=============
最大目标值出现代数：
9726
最大目标值为：
92.795154451327
最佳分配方案：
2 2 1 1 2 2 2 1 1 1 2 2 1 3 1 3 3 1 |2 2 2 3 2 3 1 3 1 2 1 |2 2 2 1 1 2 1 3 1 1 2 1 |2 1 1 1 3 1 3 1 2 2 2 2 1 2 1 1 |1 1 2 2 1 1 1 1 2 1 |2 2 1 1 1 2 2 1 2 1 1 2 1 2 2 3 1 |1 1 2 2 1 2 2 2 2 2 1 1 2 2 1 2 2 1 |1 1 2 1 1 1 2 |2 1 2 2 2 2 1 1 1 1 2 1 1 1 2 2 2 1 |2 1 1 2 2 1 2 2 1 2 2 2 1 1 1 1 1 1 1 |1 1 1 1 1 2 |1 1 1 1 1 1 1 1 1 2 |2 2 2 2 1 2 1 1 1 2 2 2 2 2 1 2 2 1 1 |2 2 2 3 2 2 1 2 2 |2 1 2 1 2 1 |2 1 2 1 1 2 2 2 1 1 2 2 1 1 1 2 1 |2 1 1 2 1 1 2 1 1 1 2 1 1 1 |1 2 1 1 1 1 1 2 |2 2 1 2 1 1 1 |2 1 2 1 1 1 1 1 2 2 1 2 1 1 2 1 |1 2 1 1 1 1 2 1 2 2 2 1 1 1 1 |1 2 2 1 1 2 2 2 2 1 2 1 1 2 2 1 1 2 |1 1 2 2 2 1 1 1 2 2 1 2 1 2 2 2 |1 1 1 2 2 1 1 1 1 2 1 2 2 1 |2 1 1 2 1 2 2 2 1 |1 1 1 1 2 2 2 1 2 1 1 1 2 1 1 1 1 2 2 1 |2 2 1 2 2 1 1 1 2 2 1 1 1 |2 2 2 1 1 2 1 1 1 2 2 2 2 1 2 1 1 1 2 1 |1 2 1 2 2 2 |2 1 1 1 1 1 2 2 2 2 1 1 |

=============第60个最优解如下=============
最大目标值出现代数：
9758
最大目标值为：
90.80159423861603
最佳分配方案：
2 2 1 1 2 2 2 1 1 1 2 2 1 2 1 3 2 1 |2 1 2 2 2 2 2 3 1 2 1 |2 1 2 1 1 2 2 2 2 1 2 1 |2 1 1 1 2 1 2 2 2 2 2 2 1 2 1 1 |1 1 2 2 1 1 2 1 3 1 |3 2 1 1 1 2 2 1 2 1 1 2 1 2 2 2 1 |1 1 2 2 1 2 2 2 2 2 1 1 2 1 1 2 2 1 |1 1 2 1 1 1 2 |2 1 2 2 2 2 2 1 1 1 2 1 1 1 2 2 2 1 |2 1 1 2 1 1 2 2 1 2 2 2 1 1 1 1 1 1 1 |1 1 1 1 1 2 |1 1 1 1 1 1 1 1 1 2 |2 2 1 2 1 2 2 1 1 2 2 1 2 2 1 2 2 1 1 |2 2 2 2 2 2 2 2 2 |2 1 2 1 2 1 |2 1 2 1 1 2 2 2 1 2 2 2 1 1 1 2 2 |2 1 1 2 1 1 2 1 1 1 2 1 1 1 |1 2 1 2 2 1 1 2 |2 2 1 2 1 1 1 |2 1 2 1 1 1 2 2 2 2 1 2 1 1 2 2 |1 2 1 1 1 2 2 1 2 2 2 1 1 1 1 |1 2 1 1 1 2 2 1 2 1 2 1 1 2 2 1 1 2 |1 1 1 2 2 1 1 1 2 1 1 2 1 2 2 2 |1 1 1 2 1 1 1 1 1 2 1 2 2 1 |2 2 1 2 1 2 2 2 1 |1 1 1 2 2 2 2 1 2 1 1 1 1 1 1 1 1 2 2 1 |2 2 1 2 2 1 1 2 2 2 1 1 1 |2 2 2 1 1 2 1 1 1 2 2 2 2 1 2 1 1 1 2 1 |1 2 1 2 2 2 |2 1 1 1 1 1 2 2 2 2 1 1 |

最大适应度：92.795154451327
最小适应度：88.73252671188943
平均适应度：90.08833550983628
估计标准差值：0.8471007707575383
最佳分配：
2 2 1 1 2 2 2 1 1 1 2 2 1 3 1 3 3 1 |2 2 2 3 2 3 1 3 1 2 1 |2 2 2 1 1 2 1 3 1 1 2 1 |2 1 1 1 3 1 3 1 2 2 2 2 1 2 1 1 |1 1 2 2 1 1 1 1 2 1 |2 2 1 1 1 2 2 1 2 1 1 2 1 2 2 3 1 |1 1 2 2 1 2 2 2 2 2 1 1 2 2 1 2 2 1 |1 1 2 1 1 1 2 |2 1 2 2 2 2 1 1 1 1 2 1 1 1 2 2 2 1 |2 1 1 2 2 1 2 2 1 2 2 2 1 1 1 1 1 1 1 |1 1 1 1 1 2 |1 1 1 1 1 1 1 1 1 2 |2 2 2 2 1 2 1 1 1 2 2 2 2 2 1 2 2 1 1 |2 2 2 3 2 2 1 2 2 |2 1 2 1 2 1 |2 1 2 1 1 2 2 2 1 1 2 2 1 1 1 2 1 |2 1 1 2 1 1 2 1 1 1 2 1 1 1 |1 2 1 1 1 1 1 2 |2 2 1 2 1 1 1 |2 1 2 1 1 1 1 1 2 2 1 2 1 1 2 1 |1 2 1 1 1 1 2 1 2 2 2 1 1 1 1 |1 2 2 1 1 2 2 2 2 1 2 1 1 2 2 1 1 2 |1 1 2 2 2 1 1 1 2 2 1 2 1 2 2 2 |1 1 1 2 2 1 1 1 1 2 1 2 2 1 |2 1 1 2 1 2 2 2 1 |1 1 1 1 2 2 2 1 2 1 1 1 2 1 1 1 1 2 2 1 |2 2 1 2 2 1 1 1 2 2 1 1 1 |2 2 2 1 1 2 1 1 1 2 2 2 2 1 2 1 1 1 2 1 |1 2 1 2 2 2 |2 1 1 1 1 1 2 2 2 2 1 1 |
GA算法运行求解巡逻调度问题耗时：3小时，48分钟，29秒
