第1个BestWave: 
1 6 1 1 1 1 |1 1 1 6 1 1 1 6 1 1 1 1 1 1 5 |realPatrol = 40|fitness = 1.1500228165358812

最优解的最大适应度：1.1500228165358812
最优解的最小适应度：1.1500228165358812
最优解的平均适应度：1.1500228165358812
估计标准差值：NaN
最优解的最佳分配：
1 6 1 1 1 1 |1 1 1 6 1 1 1 6 1 1 1 1 1 1 5 |40|realPatrol = 40
WWO算法运行求解巡逻调度问题耗时：0小时，0分钟，8秒
第1个BestWave: 
1 6 1 1 1 1 |1 1 1 6 1 1 1 6 1 1 1 1 1 1 5 |realPatrol = 40|fitness = 1.1554996252156449

最优解的最大适应度：1.1554996252156449
最优解的最小适应度：1.1554996252156449
最优解的平均适应度：1.1554996252156449
估计标准差值：NaN
最优解的最佳分配：
1 6 1 1 1 1 |1 1 1 6 1 1 1 6 1 1 1 1 1 1 5 |40|realPatrol = 40
WWO算法运行求解巡逻调度问题耗时：0小时，0分钟，7秒
