0.42902146264069557 0.9602845866485955 0.8867103312072396 0.12656615716207822 0.20270920466360132 0.2524433804880966 0.27650702741136396 0.795696362748668 0.6339494859637711 0.5285581496085158
0.44665349036179164 0.42737337425984695 0.1709263845067519 0.9503179069294959 0.669017748770631 0.0441752901985222 0.7526684621381657 0.601152298818367 0.7510018547699224 0.23042884968570512 0.6704485378691074 0.6169975958740616 0.08270078429768603 0.8519959984493577
0.384715482903118 0.6205227231556519 0.025055983373803825 0.46544020352412924 0.25888023377991276 0.9211894813188412 0.5156123619826634 0.9316953515502608 0.37271287894782534 0.8992529493608625 0.11539383325805426 0.3593116259034009 0.4979813916705075 0.10347857770032051 0.12075229611683787
0.48324085058173744 0.37727261452399047 0.4799599068755812 0.587826142059316 0.5769506561494324 0.8036847934395427 0.5629650494640607 0.7444596144797987 0.9584198539553792 0.6942655831481817 0.04822360302702317 0.0850897541483847 0.05426907767491208 0.12369357100441204 0.8944844778813242 0.8381986986245251 0.21091910392339305
0.6767608619078839 0.9305333558927795 0.8334589527088142 0.387245446932248 0.8987132640040822 0.1621530915805616 0.4466656250484918 0.9897118065557227 0.23143935123072112 0.3667426080552212 0.5549542734379753 0.20841584906140406 0.12087328204093524 0.8624802587620035 0.6726443987269692 0.4808692358396922
0.21678662897241113 0.32402459892960117 0.8393285153189763 0.8396608042452216 0.0703923292464328 0.24779051324734114 0.06654271516412462 0.13041439682681577 0.7878697481019976 0.8368213098072813 0.8875097413606388 0.20765493953154326 0.27904260342999415
0.5181970804093752 0.5360369498141616 0.9783346078405798 0.9400023568993596 0.584777170058117 0.2356807560956187 0.765846811681273 0.8264672612112226 0.327869330031186 0.9687562691907214 0.4713703670201247 0.7711033208841057 0.938150742625577 0.6566749781271383 0.9843360932637477 0.7929061162924409
0.5888362327808278 0.5684350388154769 0.03969775414559461 0.31005312950187935 0.047695589591718074 0.6528681723861935 0.6065153084045346 0.689384069647749 0.3830680039406326
0.49246390176900046 0.30012123882307196 0.8858528758552208 0.4335030565007284 0.9522460415265261 0.6188433230309549 0.11391686260574832 0.6210780479574975 0.5462686218580153 0.5958944926503791 0.40989068996706723 0.31479908347535873 0.06682686820445694
0.907617621122877 0.9397891457991558 0.6627876161115624 0.8074466889822974 0.03078611332204012 0.9211199639234777 0.5501872433614949 0.8001194510813375 0.8041127119595018 0.8494592853087347 0.0938951359720803 0.48009137817739556 0.37250748211486806
0.4614544632898312 0.8953298715247244 0.3277956516889897 0.04695191377585144 0.8851457145728922 0.2784925290489139 0.3872326624543781 0.5581202011659325 0.9961845820102619 0.12256008499620735 0.08325735980747538 0.9080794383834204 0.4446494968008415 0.5561706007017347 0.9068252241183826 0.5015397050180159 0.9817198720649547 0.9344162089161892 0.6472775116667843 0.5962002655791713
0.9184677515631078 0.039355870347878505 0.27421249999446845 0.470753075554218 0.8304620534625407 0.06059138584424274 0.548395035006453 0.9190547245212547 0.8017527209383947 0.3741207858855148 0.40149717489226366 0.36986741138635404
0.27011374648333847 0.6052900702864442 0.3082430676377877 0.0633952930238641 0.012171003497322306 0.12520969774915883 0.881747287396229 0.5386065669126345 0.502227050613858 0.7994840291110021 0.44349052269672296 0.8990324065563322
0.7022178716474743 0.4035227504203508 0.7034680746461125 0.9793730177933851 0.5522970719428905 0.6800595870829171 0.20357636936021242
0.17081676577065416 0.02204111948344012 0.02179974963931747 0.7182686833140411 0.1294923656412287 0.2212048848872677 0.15534877506956626 0.110916503060166 0.4099252220094632 0.23632936404236632 0.29174645080735495 0.1521539988360972
0.48375742307635866 0.5153147128463976 0.774036127523862 0.7277628173782966 0.5133174862081733
0.4663191512197314 0.22334505391098294 0.49837099301959253 0.8998892665500537 0.600029924294781 0.991933646651462 0.2213942262626191 0.3877307480193929 0.905476062160623 0.7545915938680765 0.6772393183825783 0.21703222021528612 0.4691125625269428
0.7186160117920434 0.47681924137289017 0.8520793546843477 0.11490398697936498 0.25740200425094933 0.26589573374867126 0.43490019512795003 0.9495712047180034 0.4834080867284059 0.07366983106750834 0.03962702741138314 0.9020375329644525 0.44292918185893265
0.12838237712065317 0.9186914429465324 0.8294216546081536 0.6077171058724848 0.2114662617281343 0.6587985361279667 0.9336722578229534 0.4570333537967316 0.914008138432559 0.09238884599468698 0.053125271850333534 0.07820168793100858 0.4149326258063249 0.1489979636907426 0.9118873041893713 0.7641476983512895 0.13941314082763337 0.5405631200257507 0.3570096414833985
0.012769799837268033 0.6985427204080698 0.3653009893692229 0.02891517758564993 0.05528170572531317 0.6972659297373885 0.8162959556646897 0.9044761579117533 0.02889782692780235 0.3869757963986533 0.4133882415508416 0.1445134579634854 0.34340407502261594 0.3220229874771789 0.07034039372969228 0.5882993374948616 0.8212630270480419 0.8656623950493386 0.8535869945853877 0.7768927813315104
0.016947817945303777 0.10068035703539227 0.2841354825371198 0.10482253001658125 0.7631816499589853 0.9730990767290436 0.22038811957112286 0.9057563462912307 0.40967926970898905 0.07394694113915479 0.04679253452025755 0.12235452596651807 0.33384460879698435 0.7241128266202631 0.6913059254282609 0.07350509758240673
0.21267356699493328 0.7107693414104679 0.7936701851631477 0.03357213558746277 0.7008431546084356 0.5907537428083892
0.386447718925297 0.4281635242905452 0.8116385663600734 0.576637766815301 0.141655328169477 0.049232948954185084 0.8549766398654732 0.6449964598003175 0.5176604028326445
0.7090808370314016 0.3403295195133619 0.5636028098348878 0.6637671224917278 0.7280033456615761 0.911834578573991 0.15492974631794232 0.41362127279243255 0.15396187905524844 0.028296560016200657 0.5474325384249237 0.32320144755963087 0.22470635431937752 0.6321452437776599 0.45361376415663107
0.22474023618995378 0.8532830002785251 0.138707310439323 0.32484019638892553 0.3344326851619123 0.676793818217279 0.2803827519066525 0.2872850834249387
0.669240694752434 0.2956468877579554 0.6594867751750247 0.10121118574359751 0.13649035921794483 0.7463479615546348 0.2986252362024043 0.817088756553781
0.31928601174154675 0.7451317660166208 0.37851661403093173 0.996760250668821 0.8910274455086207 0.09241658394026292 0.4801559185217009 0.0760173029808595 0.08351915214086457 0.9591890713781981
0.1011360871974743 0.3465473374660937 0.5552979489877313 0.21598695542835214 0.5647994088366567 0.49023651911276583 0.03988239457644023 0.35314460803473324 0.17568686260422928 0.5772828657161664 0.4576605681192461 0.22740298647145563 0.46548547692228587 0.8514771762305545
0.7500842239268496 0.4248577399447256 0.5603437328468323 0.2013513350002631 0.9807258299556029 0.19353014759453982 0.5630324263942094 0.80467311840327
0.6445811221051939 0.38059347138932076 0.03197363185363916 0.06598327214423072 0.8347639653429703 0.21947316311162735 0.7736422196992291 0.6225246386733487 0.12444066524228463 0.9806618153858166 0.29526499109776577 0.8230053948636505 0.7914903547629812 0.49715094631292983 0.31109955060598715 0.07616752018510775 0.5039537406424822 0.18087938392310593
0.20786970013041217 0.5020982222814055 0.12584621988101052 0.8705334537684931 0.313167285713205 0.4586268491785619 0.025362903955620665 0.03340782787657373
0.2347997186171764 0.3279910893325588 0.9908912954215289 0.6948454056211122 0.859169933069262 0.205235772613612 0.314573826935737 0.9980238614130579
0.8628208185594325 0.4395244962551399 0.5584260310473288 0.014541099573976387 0.983257965104725 0.5426984769965627 0.2642173504270489 0.6523752700850707 0.7330853047284578 0.08600876916375041 0.5054602275128773
0.36235553836057 0.6353446613476571 0.22597739152429758 0.1179291740847234 0.1772779988525546 0.49774615511401155 0.29380960462309086 0.3141454871188732 0.7592361057783621 0.8192079661999578 0.24968412077638474 0.16721423277816735 0.46060884462464124
0.8337945695604702 0.31358940783364603 0.5002885818922774 0.5824597529111937 0.3647494329286722 0.06815389616427232 0.4997633886464392 0.6008482668497794 0.12486340527259485 0.19613462116681876 0.5530629351170302 0.4267403058017127 0.9089024762357542 0.7658830439917746 0.5655891125737015 0.9488282316786648
0.5392382292014192 0.312198535371656 0.3760354007765445 0.25063050952324467 0.2271820266884495 0.17750954700292168 0.544847511139544 0.20373980238235467 0.7898186798985033 0.7592891827283995 0.40712560291785904 0.2880236338186235 0.8353679495191999 0.844015894852308
0.8087142505649971 0.08695480884009395 0.6392719794901606 0.8758323281723166 0.7926148055923767 0.5520591888706949 0.6383142989490124 0.45933432250223977 0.9621809297169158 0.6747168177283962
0.8811209121800921 0.3206387667310765 0.237821877802136 0.9462375542437919 0.9603765123805775 0.04903381638368305
0.20513953482837124 0.40825561083263445 0.5950084418554 0.4531060096838031 0.35456309544822046 0.2850480916891202 0.21944903605134275 0.030268920940639023 0.9956222287248415 0.1973801497022151 0.6518811745632906 0.04708401772563272 0.783013278325584 0.6939156259901766 0.1641051103130091 0.08966958524953143 0.42656311144373843 0.39110456599395893 0.9123337130401705
0.40883428905805075 0.313085498357908 0.34576966538711734 0.3608313905295308 0.25335219297434997 0.5049498024991192 0.4263619860750399 0.5888564409838104 0.56701248439015 0.6679460973810604 0.3090414006537686 0.4258492571533544 0.7707310964859596 0.4597316808331425 0.3233607808626297 0.6002284670790627 0.08010400741220508 0.9497828333786869
0.04939292075087408 0.04351501152711655 0.661310569748001 0.7823518729704104 0.4736378945740297 0.06379825909173548
0.5242422580339922 0.6954427828373781 0.9249833964623511 0.9207915559540906 0.9611368327211566 0.4412705556481633 0.3743641457835016
0.10889401521232273 0.9318391761032708 0.037057545210178434 0.6325770018615153 0.22478293584029968 0.14308971521269415 0.6393463905237008
0.1799559110491127 0.7221059710408285 0.518958051059473 0.5602728713528898 0.4192971848686281 0.9378249399136452 0.1226937383163313 0.02044339906937656 0.27954804762543406 0.34268284429195617 0.5068578833146496 0.8001996644598776 0.5923319608577506 0.4621230256818452
0.9186284247798034 0.13913061895785286 0.29638282695306806 0.25378462298797383 0.06063929494494683 0.36270388104794843 0.6963949217110835 0.23343044896331586
0.894617137000315 0.6548415181245956 0.14266924124383729 0.22283386233815508 0.42542162216017515 0.176152346899676 0.18624675967204704 0.15075824083260525 0.9468746891736712 0.5893603676648742 0.07096780152812415 0.8017076591917303 0.8979805749205364 0.48623156557418606 0.6190817992412613 0.2866098001733916 0.358792847895399 0.4540030291971104 0.8706550493377714
0.2250124913914722 0.21927672313443017 0.4339570728502338 0.7390844028513545 0.9097315755309331 0.012043886602830737 0.3003588931571267 0.6555229962800075 0.8221842015559745 0.3908040104045337
0.33449005328192183 0.8239598099494315 0.019872729850254067 0.18078156631908077 0.8759616228091579 0.7760675735303838 0.5066552314809236 0.2651880458069164 0.10187873535151702 0.24074423834275863 0.7115455494588715 0.18311930240377097 0.46375550682285144 0.9675214603977594 0.592831128524803 0.16896416391038538 0.3823416870838282
0.12569871154752038 0.341278790153241 0.481565369216298 0.03172493505669673 0.7221852043396003 0.0591190276313905 0.45296465684530957 0.3362101081703401 0.5805915663894812 0.05035654049202873 0.15159458522528377 0.8565538667817835 0.3621122154867971 0.08274963615747727
0.8732448514579008 0.11614638061298611 0.8351741414767783 0.18253405017183402 0.7050363968546732 0.812682783858105 0.48570133415009914 0.3496354177820912 0.03297795906051063 0.4967561878419248 0.18315434263105987 0.843723730554826 0.7724587372154484
0.71563002022553 0.6892525912477439 0.5700068050847227 0.3032481864120519 0.27821092586374235 0.7164729030684147 0.3681423842919562 0.056227806671742 0.6759449528455852 0.692040118288996 0.0880690559320124 0.12817182153293308 0.25399829910435445 0.26018693852733243 0.5429128047265365 0.5234229669884486 0.3276600118408435 0.3109575096819605
0.6014214578671254 0.4172760263990846 0.010417684357609347 0.7877654602375697 0.9606114289882011 0.9752868148722948 0.21260872205329534
0.9182896161286068 0.42348135549585364 0.4955650132390906 0.8029376908111541 0.4241014828075369 0.7567542339483957 0.1873898848160839 0.8594772427176569 0.3736663005336877 0.6496551254999304 0.9092032995986297 0.2820332150398174 0.7510456775909976 0.4967133629395631
0.30218993641695435 0.3039560642653832 0.39875198029292086 0.27549840462188224 0.9322456967680175 0.7286189247410655 0.9877659356959256 0.19405629622935403 0.42316497365930134 0.9438596018701084 0.07072643575459031 0.13260739283283404 0.6473437488652745 0.23669649223100334 0.3657376510508936 0.5798001195367072 0.30720053404310954 0.24058051440000006 0.8381108636175079
0.11548389845525481 0.8908582697944403 0.878332931911744 0.5656696113931479 0.13957278471794785 0.6394099893642325 0.41574609745578633 0.19999451491407128 0.16011598433243932 0.5403077322519309 0.8135867800187098 0.33116975438813195 0.4831736292428343 0.48206837389914164 0.26944382257041266 0.9372160364867795 0.8325164908847448 0.7695821928810335 0.91549983228635
0.3614558906507849 0.1885254690249625 0.6568388137240472 0.803883349120859 0.6615545679400253 0.6229616860763431 0.4048523085933171 0.2977712147212176 0.20291590904099308 0.07951039108103851 0.2869715492196043 0.1538621326606
0.9464851924203855 0.15917208947418918 0.4216032683024729 0.9202312744625663 0.7868219980457636 0.5746811696514655 0.7036552957139101 0.10290169806062253 0.31055335801881934 0.039177831064089015 0.23072340899553412 0.11473216180838536 0.7680040108347046
0.7013410297188112 0.47820038110939744 0.18142200358654673 0.9119229640369654 0.02211059938164047 0.32907686094212496 0.611572627267408 0.8067860578608195 0.6969834381461362 0.23923348658315488 0.14082092741939198 0.6501529575692653 0.6326644289818099 0.3974903081379065
0.5740740743647281 0.48399159473862047 0.46758434395268206 0.5415837463774925 0.16482601508061864 0.03875696499338813 0.5624675071981899 0.9865833636804391 0.6464248093516559 0.5063212884255879 0.27973911590665795 0.061039789359815105 0.30698585119235094 0.9896005899145104 0.3291071395745771 0.3483721519766182
0.9174102587788492 0.3369085532591676 0.41113611950776435 0.6466574119839512 0.8906681128965889 0.6376913078400412 0.1310501350567404
0.9890760179161654 0.5501457051513884 0.4433574160551448 0.6913594544539583 0.26979759072526915 0.9054314544581472 0.4124154784892277 0.8742007724552416 0.17605681476491195 0.20542917147941042 0.7830672256397754 0.12251265451967976 0.6965746047585517 0.5911386122984935 0.3187770593387095 0.7633384986260573 0.2593206835362822 0.7038314401313811 0.26314928645777386 0.9766559668290149
0.5278938073012412 0.7886776660790548 0.11969303550547371 0.8891776157688351 0.6655118124750845 0.5291404458716603 0.17973954069657472 0.23454894606634105 0.9287588385192496 0.7936588819615394 0.6478999504142587 0.8192909976484144 0.9898279935230495 0.9632771981391564
0.03901262197943691 0.9776909584797076 0.13602788480261888 0.6569540662877688 0.7035262351796391
0.09864030604561003 0.308787530784894 0.1703005978419972 0.14970135343528318 0.3631514861170668
0.6012988436929014 0.2634458484304878 0.09088536286835054 0.03295457759317074 0.8542775022662202 0.3646178685366017 0.8744269763174692 0.1581826565008888 0.4031027558590743 0.6378540054595243 0.7855440461272244 0.37569952690963976 0.6768125094657651 0.9660184909673889 0.5546441155947025 0.9191058808051993 0.21008565107077565 0.30400593020354544 0.4502204379576165 0.6368798271189909
0.7634342332645269 0.3916481764336393 0.3115059383360255 0.5464652101424449 0.8943580589245569 0.561418539753652
0.4855671220794596 0.13941630798465784 0.843180982326807 0.6725403917799297 0.4124535186891587 0.3759391086223546
0.801692087861467 0.13055885138233148 0.5593932699559171 0.10634059090844397 0.9305572647887754 0.4198227017080627 0.8608344448378537 0.43200328967057655 0.9427456994114805 0.45565010248774723 0.3153808025542883 0.41954900513396015 0.1649326948428724 0.523214755231955 0.3033554267211055 0.3688364101582299 0.8769940885791581 0.6313911504860446 0.49984947236760385
0.7683582970290027 0.5913004936519699 0.6819355286489208 0.46767325392492143 0.1004612171976283 0.9785473326133405 0.7674557415947337 0.9426250768062051 0.3136050431711915
0.015324667543289882 0.7556366887291904 0.8199291059399608 0.3096128905227916 0.2905345952550794 0.18213928854086123 0.9955658881334649
0.14053109470941244 0.8831058057447849 0.3804794745909274 0.05953074859761425 0.30232709417317777 0.21223418885202538 0.8240201075646902 0.35980190198690776 0.15119728089659704 0.013595414110430437 0.44297211686016 0.5259873902195171 0.8227398860833675 0.7506293167407659 0.8280024375813881
0.46024134794038185 0.11466747060806791 0.4890880411221788 0.351685170454662 0.9501017976777401
0.8800913870829241 0.07556911545655022 0.9796081992475162 0.8333996321062965 0.98070509434771 0.13672120850399547 0.14446163944577856 0.8493243352595298 0.6574259111147719 0.4452148855565661 0.5788850749574372 0.0921047643016162 0.8302246902489088 0.3814125871375989 0.8762396612691978 0.5145738584572067 0.04898021476584563 0.05595075443639021
0.03279762410596719 0.38813463893064365 0.8732400971276529 0.29816448224784753 0.9401040755330525 0.583329764149429 0.4407523835164861 0.11843910986634171 0.03246909577921035 0.6813403179972544 0.5225519834880148 0.3391647956326265 0.08168493236126946 0.49130022518340316 0.7662434479907471
0.27899980421689036 0.2891407048424271 0.01131022070690495 0.418916623204324 0.8586145952898537 0.34451961219606775 0.29247118373901493 0.8968639304428712 0.3029934164673266 0.060215819680704795 0.5351299802852828 0.8509382306004303 0.6057117921398205 0.3614958227575198 0.6848405930310036 0.9239974073860274 0.4443876826079668 0.9642562184932462 0.3422924962941078
0.09042686153934705 0.6037205895027764 0.44499278680258253 0.2866429316707156 0.9772134877525845 0.10318749217122174 0.9512974567129289 0.955313024207775 0.3814644809105851 0.27055646319259097 0.5358377904925411 0.34536854662823013 0.5306221966030437 0.5599072738348858 0.22235079011887152
0.2221037346423763 0.8589206646750096 0.6038162862538766 0.048695074087907235 0.57938228115864 0.35686203837962954 0.9937662194654979 0.5394584528031893 0.9536628421634087 0.47966111956444046 0.7906834963488305 0.9790044929423317 0.7894465410953323 0.6357138993713876
0.9987857079985931 0.4051700074744414 0.5681325811661359 0.637190082911711 0.5906375141370609 0.044087114916443425 0.35495296820713873 0.8518330412585595
0.28946850077079206 0.7178063828570862 0.5097809443530406 0.34796977833233395 0.29639777534737155 0.42853474699476013 0.8471678813982747 0.4335912642662618 0.39523966716260917 0.11637927878906874 0.20896180797785197 0.9051584839305011 0.22603145949149708 0.6915007711327547 0.40929580934550597 0.32252155817991435
0.5203286720215036 0.06653269392228114 0.9866081454744131 0.5130097322799048 0.956654872234649 0.8110094222626422 0.48066597293239793 0.9603572238634702 0.78327256159583 0.3863742197476442 0.014312961015949251
0.25267454552762736 0.8076583093564191 0.2479006745788009 0.14984644675919723 0.34815801219121323 0.5577197458338864 0.8085628779777754 0.22855282902487306 0.40764927650410976 0.19888370284624457 0.7795279354160689
0.19899059992558543 0.03951499011940551 0.6737140703682472 0.662520901598525 0.9651083392553195 0.08461077478557183 0.9766850614688498 0.3708256907136011 0.5392204494758807 0.447326761945376 0.6661390817236945 0.8881366570586067 0.6572366358876148 0.4428815592330221 0.9283013825236845 0.23786444152295425
0.7243517258579472 0.7511389398822015 0.32450180288911773 0.9598257169766412 0.6186501806071508 0.21326673808245106 0.7824714349195668 0.9765098763990603 0.6077653944265092 0.12953923383395283 0.19573612194571763 0.3773175537496078 0.1698570535001407 0.15450518846062633 0.6517204369640622 0.5063037002695814 0.43473007091446664
0.25960013563648127 0.8892051477722569 0.767034811809496 0.3439168848583551 0.6730770240680014 0.7392480953734839 0.887183190014579 0.8999803330655247 0.362861766802736 0.2905823773570751 0.925432370749537
0.9851674735626945 0.8396095752362371 0.590847888757624 0.6241566244372199 0.977855226206314 0.08484650360992468 0.9087913606609781 0.15316350374232213 0.06197663507826037 0.35262397648652455 0.3297869514439758
0.8025519612765205 0.48980223786608257 0.9925982067301244 0.22768352315884766 0.7264402180779145 0.302074150328912 0.3078648439588216 0.6300767875710771 0.1839556065237865 0.7615507072987677 0.6922377356263278 0.5416337803715582 0.5994550601160391 0.7865180560649025 0.8589548354191286 0.4110637508794675 0.18045892160851415 0.9297599081351576 0.5460271987357196 0.7517337741657679
0.3492313165828854 0.8858505979321466 0.04261656783884135 0.39376983730110593 0.28232930633933584 0.5754463379777086 0.6959349663376794 0.1667622839963479 0.11176934444717022 0.6094980352241871 0.26920389915947135 0.11691271839967012 0.4017230679773659 0.7989947229343233 0.8981939635129835 0.050612443714996284 0.12585545235683557
0.49696908007195467 0.5167850271085512 0.0180351865827661 0.11255748228528564 0.05905776510066697
0.18084490866403563 0.7853558260689611 0.9284012060164483 0.46690693454024096 0.03451913876524773 0.6326735523526783 0.8541590282712064 0.15514891232900976 0.463757096139418 0.6866225313164122 0.48268003042723917 0.2575491994368168
0.9985693514084146 0.12199449329388277 0.5838051065816765 0.36123322992569346 0.7181188973817597 0.775477364210604 0.6183283101470439 0.3796507436963911 0.7812936267130863 0.4968304925260127 0.3107763043996942
0.5351207937606333 0.16988976039790807 0.2584717152242351 0.7594780891503997 0.7704238302735622 0.38195619967412486 0.4835430048928321 0.6120364946738684 0.6159673820118864 0.589206553193205 0.3850507065648363 0.7248889033694274 0.5245505652787349 0.3747015509985357 0.7446435550005813 0.1371580611929066 0.9996872612085118 0.9252357137976425
0.9389954475109082 0.971445589333133 0.3458220916844288 0.5270331324218002 0.884602060273821 0.4376089841259633 0.6095824528627899 0.5634640746539187 0.5980798489785226 0.7798892110537975 0.7004592771647296 0.6795390580916093 0.5887721479537255 0.9130197045093864 0.6169935492697924 0.999919978892742 0.7636221295150216 0.07914881157883817
0.7806696640708284 0.7251068460810745 0.6608635631991026 0.5845462293856256 0.23427647214144776 0.9243172685984881 0.829110145458316 0.9531404011254039 0.6644953057121297 0.7433696518331208 0.9618905594621935 0.8829470936557754 0.9499099844904727 0.7416141977789681 0.8245806848344894 0.17140113162655848 0.395506146304747 0.6136258046833695 0.4210268182400905
0.916491341078621 0.1830387256111318 0.13897934119325342 0.8909320863905288 0.9624253277689324 0.8433936941501421 0.6569742736650832 0.5762959000149473 0.6913144102462566
0.1322561591359301 0.27265679516178437 0.1558501241808691 0.22606968263218732 0.5640196822861009 0.1559078073588118
0.4905274120561575 0.2843395969183039 0.4209325211864188 0.6167231324446701 0.8005268067714887 0.6888950182415801 0.9449742817709277
0.747106263349188 0.8355081678124395 0.046381779390780385 0.8088921217168444 0.5632275590638074 0.5838514340181865 0.7338115282120076 0.49019874624492654 0.15067217447057532 0.5347583834215859 0.23055093813622562 0.8877449016669503 0.27070836212108224 0.8982542022012822 0.022894762649396043 0.924727060306123 0.5565507502328055
0.2928623852198337 0.6685725620752485 0.7546767981766832 0.4555771333686565 0.25888151607150217 0.8697397076762292 0.5281011679252268 0.7963765155062762 0.856783512350948 0.3751420375276903 0.9670037245901383 0.07836336338659275
0.7952829371616288 0.4152198583194158 0.8425147886252063 0.08648882173801928 0.9320930792889393 0.17793034086188386 0.3272936806211235 0.03431125255148299 0.12228948012428198 0.5880188067770091 0.6792401984964522 0.7853583368890399 0.9145428389640413
0.8283581087619829 0.1963619100487982 0.4153214737967559 0.6142627955184496 0.7088011489130073 0.10439276986673317 0.8261666092191159 0.03491086293838984 0.18575547351651128 0.5189435549310923 0.937729357168515 0.04439503194195707
0.2143903268857204 0.7025880081245857 0.39278126104991823 0.5025503457057038 0.2450244790854905 0.7143487605847372 0.5179122828101057 0.06823911508651184 0.6158201886307078 0.5445457393699205 0.1348685904614264 0.8005711831767384 0.37542163499901504 0.021904569678490828 0.14521820231982377 0.9681489784498964 0.011627741958350016 0.3521961210058143
0.1453859378984823 0.13308385455303148 0.9055776967594004 0.058488655577361805 0.5792074186443095 0.8228095496666178 0.4552541126453781 0.972342092064895 0.26119607508731496 0.6324353912660426 0.8473716618420161
0.7129593439255365 0.5057000386490497 0.6835361083284098 0.21292107363930377 0.23743317879475673 0.5150456265633659 0.12186708757747777 0.5287764461467408 0.549786743947494 0.04362107363096182 0.7565228413841214
0.6158501178746971 0.5095050731417948 0.8146499656121176 0.15652377339827175 0.35329331113197693 0.27168943107894084 0.8821354470169107 0.5577200718449663 0.03819141969203248 0.8308398627775226 0.16212648428313226
0.8532439424943562 0.021092100799045513 0.11858193759545996 0.5150652016843488 0.41451996475643965 0.2495297975034692 0.32240147045218065 0.9245185981421811 0.7970610213293993 0.8144747644430146 0.14763683637985275 0.06708089323316456 0.9459305475905471 0.1483349710637658 0.11860107067857864 0.15365261407998904 0.7598448725586238 0.927778995679463
0.7067671244366283 0.9036594985253016 0.370417295814039 0.6402230415888231 0.28444716692425254 0.6910698292185518
0.31401367827846854 0.7993396333129518 0.6613327134228427 0.11430099547095342 0.6280925707268578 0.12239676099482263 0.2886350456823534 0.791275627805883 0.4317455847131173 0.010624381641938713 0.091376387128231 0.15599584748892664 0.8814320496853705
0.8731315406286806 0.9636300914453303 0.4440482760635148 0.6576199362714452 0.23516176868067545 0.5641933798493457 0.6714354379788536 0.7661981186333765 0.3626741978050232 0.19129999612304158 0.4540490859886393 0.48011782733091957 0.257377936773197 0.29453966267587856
0.14395776936966923 0.37174992026107573 0.1594222387690074 0.5401502657925317 0.2834767882206317 0.9149114972629406 0.018959719387229894 0.5622834088050974 0.6487205974753071
0.017419681039466832 0.012750108442432045 0.7977177706541939 0.9110074678026299 0.5803723929451312 0.20786124028163727 0.40480437822705645
0.29709421983305534 0.16913488505709323 0.3813502277006867 0.019177132013517756 0.39776305784547894 0.593227652933377 0.9825709503817665 0.408945951059132 0.788765845345059 0.10796629408641979 0.2934556099656515 0.3907145815220199 0.788549973583037 0.18979435809426945 0.7017566852318333 0.04482438022282077
0.31354831710402076 0.1497811531484381 0.4428114426736793 0.403723902094689 0.6741105056463343 0.8657216790505637 0.7269055624697341 0.9513001476389227 0.7023845625179752 0.5826815441224119 0.8817626835663922 0.7733792258829628 0.4576288427124978 0.4446703758814259
0.8330761472958531 0.12041597250582252 0.5545407565213583 0.6364073963190777 0.7403250204830506 0.24263932084879355 0.0962341432019184 0.31385918296802534
0.7003799340395712 0.735605994409327 0.7654797711412679 0.05538388790589617 0.7176062519783011 0.24023817819919233
0.025742592564240704 0.8019082794097996 0.43630944640177227 0.3559813215472775 0.6174076242913669 0.1545930495217342 0.42944532680293845 0.9787163625770898
0.38438097646777736 0.5119088246963385 0.2565299528445341 0.5364960168768333 0.4619845526948503 0.49494906055910587 0.7636361954604617 0.5360480626611744 0.8287336400482556 0.8201489002056347 0.689252313612463
0.0512987788523209 0.5421933701764055 0.4323569683145299 0.8516037487574337 0.7919183114466216 0.5126551791296248 0.1684251533848651 0.9558037862071411 0.46507447069836133 0.5978570681479487
0.19213477042569185 0.3028989006714501 0.577205276978999 0.02739094747900498 0.6453699467309901
0.35751422466232663 0.5746806442450559 0.19679797285255554 0.32797805234251265 0.7663800978308039 0.20272199692429063 0.4186478366496254 0.09972368460714925
0.8165346690910892 0.050883514689005635 0.971130349806694 0.6521474669263233 0.13944845307507106 0.2007727454142423 0.5838570805504671 0.6959821126360639 0.05570576822860097 0.1874979643491829 0.30567917568929026 0.9610581962917255 0.7142036452452837 0.13057810313090198 0.5403715929289842 0.7203480635524102 0.7900929945613909 0.8027366734999432 0.9230166656986718 0.1879514543270201