1.940398576290646 3.0732907088633397 2.6492730425021622 0.6928067994904188 1.2286629607105017 2.7503296416444525 3.4868601136063297 3.917397803105893 1.247654696440457 4.193130821697732
3.3886349574440047 2.5705887637695386 1.341901985746079 4.33372470485877 1.7957577938956844 2.496909246586366 4.271994430316863 4.019109331546882 1.8301363910440114 4.891863554999588 4.360038294843827 1.9951640538957092 0.5181196573785976 3.789506652616302
4.473507529114645 1.2122838011942343 2.399590585966645 3.1392655812338566 2.347870632582387 4.969350693150473 1.806287886059407 3.375585934447102 3.7879253302093936 4.815492283689007 4.640546406706477 1.6071273295392428 3.467950208695295 1.2975313576511824 4.923639662895425
3.291002287042488 4.871581786372207 4.075116440356323 2.211514977336442 0.5119460575826853 2.8737502437966627 4.125226700655892 4.194955011439559 3.7563261608678404 1.5690619192527109 3.223079454877721 3.9110600018225585 2.856542949366165 1.1936866536332835 0.617423221851426 4.493435114947163 2.0826438224749593
1.3711146772147988 3.814782955208187 2.7795777285883094 2.6748677608371123 1.436068100851159 1.6494305192774088 3.375702013571294 1.4433548319111622 2.2554086025330595 2.8436854954789967 4.951596561089181 2.909402802527569 1.7700522518685042 4.556607531917939 2.601104493008787 1.8264199907394143
4.92770919910822 3.978226574959227 1.5574228460499637 4.298118580869062 2.762687909530562 1.8511594450103621 4.89666149908028 0.6065135323857358 3.1060550981326687 4.391798377421498 2.0979622711558883 2.2729346435880293 3.7771204291077005
3.439210165535253 2.453967992189466 4.30153086225055 3.6155120134472245 1.7814687050705866 1.3415440408748562 2.996638654908635 4.862038445459108 4.996351402912424 0.7693946767275159 4.702907195098002 3.186081617547835 4.296158262681274 4.916576893398097 3.2902170112745006 4.587439955948199
2.7848743687782833 1.063907022282151 4.194198229521859 2.9713448999527787 4.71997553141076 1.3988638256279777 1.8275495874572405 3.406796491011907 3.3208836221268045
0.6438333688642921 0.6973777711430371 3.4304165689196444 2.8814123544043877 3.8174046227279397 2.0994228290088697 0.750693048166245 4.424499375437931 4.188908907643871 1.3113037460858983 4.340789555308471 3.884102903690618 1.127514769071515
4.7738126745147484 2.1820215490495363 1.811349565039151 4.078925228824902 4.331807080529399 4.334647956543787 1.8798497204533915 3.3250869872583184 1.7043919594631058 4.567807473414845 4.50855562086357 1.4953124628446974 2.967855457849634
4.476225233121893 0.7296195987606697 0.500825423721325 2.964214556322881 4.84774484804684 3.0034143452614326 1.6589819295638215 2.1932467979536074 3.522787638469137 2.523212904254446 3.7582796998940906 3.4065303326765295 2.6045217590855634 1.6579796683903654 3.1907586350369743 0.7982825592468471 0.6368194599042579 4.053308393801156 4.044507405774876 3.379681740312178
3.766010526376347 3.0477475280315915 2.705730491175402 4.330877618908619 4.441988676878396 1.9645884351846747 1.0671922213287246 1.3480388328583932 2.394403400751454 4.007645931449154 0.8778430949768117 0.7415573348315574
3.440472061761588 3.923645452319156 3.597047348975675 3.295922217289075 4.142370839764997 1.2935348217715308 1.8360680490446262 2.671795695052367 2.4342158818336346 3.780375132088544 2.579330604415833 4.9164693622496
3.081319970608271 1.3924173706536793 3.378472419550889 4.950147136159582 1.2177124012145752 1.3165575870937525 0.603300949622328
2.712396350157909 4.73183348085026 3.1395673532265427 3.615519090328117 3.9856273111371507 4.434869246638215 4.30233070283745 2.4034432511118475 1.2606088531786506 4.751363695883387 3.9257739923987502 1.278923295839135
1.8727922030066222 4.117549522398656 1.206258171204336 2.6912904773543476 3.017614922938252
4.859263324240917 4.902909364376498 4.057396734563227 4.647972507579731 3.5483614482815407 2.0296962040735584 4.241670420180156 4.167692535888719 4.704228937242996 0.7210195177730777 1.9456047131856802 2.7611134528192443 3.7152754393375513
2.8611606577860678 1.282205651131875 3.140766127041058 4.004235814290649 3.4551439623150553 3.2176661473312747 3.9526754693773025 0.7506467642852388 0.8713989981625251 3.8598957086932204 2.55194381345445 0.914043003056566 3.005065987093473
2.261523646192267 0.850047120330775 3.3722215337626777 3.0948700102609994 4.483606975163774 4.43966977489536 0.7003447783762932 1.376196754458823 1.6355118639383925 4.222924262995532 3.9687048592948626 4.968333436220019 0.9663019548484134 4.304443660690778 4.929649729549132 2.874797004140291 4.833453390443808 3.9621085607473896 4.597468431282166
1.222253551787437 1.5158327082505352 4.075060853165123 1.9989622852202653 0.8757382743320234 0.8696078496475582 4.471178077209959 2.286976658625284 2.8457200383471246 2.2481293157475095 2.2543270995380498 3.464346866197414 2.946008580738128 3.4198055232668505 3.285483439540914 1.1615083835987088 3.4705881158595586 4.921609097738258 1.6211995657091853 0.7474525263862881
2.2321636221288594 1.3800905982103084 3.357922604925394 3.030753616336652 1.6455424669947796 4.316637095937644 3.99130832672125 1.425075556461521 2.144928285761625 2.829204517220182 2.0759470799834387 1.211861531408379 2.0957868172909446 1.808863308114291 3.1628111184626895 3.9318385474819877
4.499150828796154 4.506235771612336 4.699253666556158 3.4765201431476425 1.1890630645923081 3.8102680191368266
1.799534124879567 4.6310640931470575 2.8923125979835547 3.53976584450791 3.0326127395588305 3.1406441369064693 3.453703130176746 0.876739547158722 2.628352731669093
1.8339214602646234 1.7297973736668433 2.7898376769530975 0.7732891755500111 2.9392491606583757 4.619415916084088 0.9060163848313736 1.9527647860312412 2.9719236349923666 1.4301222951271182 2.7890769352903386 1.5975065689011019 3.9540917028026805 3.7765133121904784 1.9748186243450052
1.1096090529291627 1.7528538455581881 3.9683345538958195 1.3942916810422759 3.175408943141553 3.4866508824658453 4.874278408675097 2.988998869223571
3.1208836537848867 1.2551983319966264 4.04077604676052 0.8848814257516526 0.9289725054380505 1.8940331892254112 4.904177342853523 2.9455402374098587
3.417615266987112 2.541165435907961 4.259420007446629 0.8693803338481789 1.9723222217522904 1.5303743192576706 3.238621054092064 3.7302286075542255 2.637734647272658 0.9933672108074043
3.9089819092853033 1.4864664612310794 1.298903514285638 4.561320184190608 4.7209770011451875 0.9998289593932079 3.124909209830767 2.205242586715087 1.925008490211864 2.011761893221194 3.9049646969455933 4.044162346074481 3.727535338666925 2.8225922560515806
1.3802880014985497 2.880300401793843 1.8761473600430936 3.6067534232212948 2.1638020932953825 4.291207708401528 0.5471331276377183 4.375922417405588
3.3441106430870633 4.820260027108602 3.3588008066844157 3.5711625584691764 3.390221742813344 4.158959761771529 3.5491389642179545 1.1250303352551096 0.509133922353312 0.7071675955658785 1.3373669652951992 1.0850909738228434 1.1596688687883443 4.0306893701160345 3.2355006294689237 2.5314037083073977 3.492829331565895 2.009566734573614
2.588270793596745 4.0522716416497016 1.0714815282488392 3.88497444126235 4.397560726078607 4.964920687076135 1.320304390989274 4.967800237682064
2.0309887884862903 0.7807522616732724 1.270718376730149 1.4677846237313799 1.22334126168 0.6184358720051681 3.794900884596328 3.238523888151257
2.354270188890106 0.8623397771619886 4.6680153254245385 0.710691479961663 1.8260019772613325 1.3486652132333181 1.458423486358808 3.903506355134776 3.970757962994367 3.2371343782770556 1.4219241415866521
1.1627799090499455 2.7891746878327703 3.492200400493994 2.767951065235035 4.6727972806709195 1.4582122242040514 2.5544801361109197 0.8731857916097501 3.328840833341666 4.449877126272075 0.8304789898174967 3.2411851195052286 3.7373389198583515
1.27053974277228 2.0666616405341056 4.245391208841546 2.931422430704267 1.2647085910414175 1.0025384750692443 3.4472874609357445 2.3511011390020045 4.626832700364534 2.41667328246776 4.051484129573803 2.2393177475218833 4.230032263329928 1.789383736115004 4.845159956569583 1.847817045180286
4.111619181033737 4.306391391889981 2.7705570364214536 4.730067550042119 4.951845186737314 1.8187948311246989 3.5961206279192868 2.4223968727245264 3.1445293840609327 1.156474564616388 3.9843949531082528 0.9790561485306251 3.5860411438568347 4.364403257228975
3.602928948887171 3.1321005851849053 1.1025799515547345 1.9943233614637723 2.2882199738934146 4.292778481894767 3.4947673893453737 1.037865893390148 3.652111859397183 3.697543499040154
0.503279960405288 4.431424880475337 3.9150888241405175 2.2288559625388196 2.589580306200826 4.297962838627791
4.661546655296983 0.8086174329096512 3.781761407344892 0.7164120111842656 3.138397039343011 1.7703802743575123 3.457102118300982 0.8254498682031624 3.1602501592749275 4.265401722052805 4.320137703183429 1.9751647826680379 2.6419438360710528 0.5471624559922967 2.4878816136845376 4.937491016822856 1.2523313056513277 4.909144556729971 4.5122928373326605
3.87428197151721 0.6720085464174099 1.1214656911220682 4.85416265448142 0.8405009721098791 1.4420566443715095 2.923391767001663 4.772304829270384 2.5692512867166295 3.9108946675362817 1.9807997749373594 0.8072631262245533 4.645225234918287 0.8219840530413386 3.71034153441114 3.0197064298070235 4.423646264035181 4.63639169377292
3.5053554438764527 1.8902678007017366 1.1928856845551818 4.751117682732063 2.1725031254279057 4.799785180063088
1.1106780192839687 1.3566101459532638 0.802656772465699 2.7867379997730515 2.3662201425108496 4.775035570719698 4.354737624183012
4.822128506756679 4.3334288866278285 3.7346417422949356 3.9270100590358012 1.151140830232595 2.18424333806757 1.664945728677647
1.5267585246804138 0.8256138494698937 1.5250986729362292 4.242498281490115 1.1263262977451174 1.891701983551186 1.1045590428543075 2.5776210330765528 1.9111716017026068 2.803048995579121 1.0155885091740953 3.6087818194462793 2.3838966309825134 1.0013849711616691
3.08204886664388 3.463168357506358 1.3871302106865546 1.7436654683651331 3.275753197456681 2.749540280204749 4.647697846053208 3.6576985427734208
2.5577687219815104 4.972583514196227 0.6246855363709761 2.6766676964722675 1.4756474706279714 0.9967605125536021 4.764807142582079 1.937038075279983 2.1768789528555317 3.2420457345390488 1.7299098515649172 2.924040776704981 3.2180973647352804 1.0639524299407137 2.7635028657341287 0.6142617745008849 4.159437156869998 1.555905032859667 4.105870327709528
4.59582093296318 3.4339219536214363 4.3132776868908245 2.250630867545545 0.6432052309715313 4.872881808369591 4.515315412098449 2.359531492110596 2.9860309133352163 1.5501354725407905
3.5136753560659475 2.316813426158344 4.038838692421548 0.7800346055653287 2.4644662833485835 3.709665583421981 1.652484193456634 4.167457058149594 3.904438293866322 3.4670794800064906 1.506768750136762 1.5614494814734265 4.551366499606051 2.4758473244597274 2.5886601275707437 0.6084562207030393 1.003692625183589
1.7194941461024784 4.290788231875806 2.335937174016578 4.425133476253511 3.353612263344152 2.0208543512580723 3.3226632539386722 2.2262345381175996 4.6393655083371605 2.83417737316862 3.0280929262962526 2.1967404910601385 1.8058570460683725 0.9888063425774525
3.2599711226806765 0.5001765175200238 0.7016069466903412 1.4754592885327669 2.056654703642725 4.915175005022406 2.025558256919647 4.993008881444794 1.9486577318962102 2.696856235875382 3.4988335632343337 0.5243129820729016 0.6425218118567021
0.9359618009077089 1.049890033870658 1.6169001405258403 4.13935716242268 0.8134623426222863 0.9377692659197386 0.6883466843059985 1.1602604650589448 3.6840041496295552 3.730816860673843 0.6571443879906267 4.5013071342441116 4.47282866051726 0.6915452453204788 2.446435458757568 2.081925416426653 4.937694823187092 3.892240569309458
1.9202018007126544 2.982201383118328 2.429850996616303 4.300464963640001 1.0893249599259138 2.1870249043128878 2.88625174009547
3.1287793962078143 4.468392395959727 3.5679748484577583 0.8989795181639233 4.438816625848967 1.773205789073848 0.8374580605554081 1.3372302967331073 4.826256751264261 1.2236562230124903 1.8038497212409188 4.142239258111786 1.9903087551705325 3.5569604970829847
4.741251932888352 3.5761659300106974 3.108979521196498 2.962213246959817 3.562970685716374 1.8822329410783578 4.699709272814123 1.5187872449710687 3.2539271676803105 3.0052996018126468 1.043881521078426 1.8583261725183082 1.6739577054247343 2.2295781915575157 1.793263804756645 3.172902137779836 1.3913190690532558 0.8133402535299874 3.5566121502933923
1.8603689360451745 4.643703647944488 1.439232678162855 4.585474051331006 2.532024812403285 2.852684455237985 1.0532162841108133 3.639647911925428 1.307404013008938 1.336745668856655 3.435160496237334 1.2148117747828109 4.786349060370565 2.9779196535884354 2.1297699993644295 4.057504337260381 3.319472911940236 3.0975382193034755 0.6677925044246728
3.2759482682543526 2.1947024291287267 3.1877202898038104 4.824347119472896 0.8791268126058421 4.619800621666672 4.426955893556242 4.4937346886672405 3.2410769065411307 0.9085976221955212 1.0805091850816393 4.108236532967816
4.792539425899591 4.572119153989078 1.4493534780533073 2.89217562637382 4.6879060604538365 1.574878803537179 1.4849613068424716 0.6219102718864477 1.7818277486892584 0.8413131278979689 1.5315134635077587 3.457448834130231 4.976902623812449
4.187666062400335 4.891954131933697 1.3220200698314342 3.3715354420880392 2.2105886147568596 3.5398055987539148 1.2322010381685977 4.645361456776223 0.7853009763149479 2.814770658044944 2.423101584059462 4.768553183915321 4.713371107453532 1.3468904578404042
4.570620910446562 1.910881564505645 1.7129968302459033 1.751384327488091 2.885939927586499 3.3565751452889003 4.363133866473541 1.324292772505416 1.3461794771902933 3.8018250189399754 2.7968959937511833 4.047652327939257 3.329549905840199 1.6232057718844701 3.8893599242708596 0.6821726458664248
0.9433384526608524 1.057338336275261 4.40023798059668 1.0852479759831446 4.8687236986015945 0.7247899858894387 3.512842118957942
0.6426245233563406 0.5976759950894996 3.5645133572824297 0.9573411955997253 3.8431574075354353 1.0040994152942673 1.019048926842132 2.9185227287818485 3.5578297903883342 4.773886036958675 4.725266102528654 4.7061018596237965 2.0065705098485167 1.8167037672773079 4.5205969960648416 2.20907657549453 2.709392973364133 2.3961021282615897 0.770512158384198 1.964712145195716
4.921994303133773 4.843920910568137 1.8594197412555835 4.247441079157831 1.6501887210849218 1.3700005702850218 3.1642155571353467 2.423302254189456 3.822415588437739 3.638842613725421 3.94738911708214 3.9214951543621646 2.0750477662161804 4.961134750849042
1.364891416993884 1.0462085035754924 1.8713421091613391 4.639950630851715 4.182896228312645
4.989092207362895 3.831610083221586 4.718954687413159 0.8371372601393405 1.805569971384992
3.199550216325957 1.6030859985870949 1.1486780577986817 2.7866478165364734 3.3076738782762694 2.760964258952023 1.330774917437505 1.5919588199005232 1.7333664409568603 1.9726576457959852 1.3829168441578212 2.7094865845252825 4.5563673870528865 0.8564690936541938 2.070177435057227 4.772745607700919 2.7383123383198447 2.694043861352003 3.928690723711139 1.4971522648725668
4.645472887025894 2.874370040862838 4.621362254604362 4.9939029976637235 3.1269390350808592 3.0941391763610784
0.9918531951114458 3.481881460564811 1.3422300678255432 1.784452009188644 3.3294265236822334 2.4459518212342535
1.7046817493700108 4.0820002397553 3.1624189818617703 1.083447377743452 4.86994732809667 4.526624742066848 3.8439038974235444 4.439752134929629 3.6525601448502987 2.5465439476775966 4.279536231620323 2.958573764365217 0.5977490476393306 0.6875669555416928 3.3746207330874833 3.2628421229755684 2.6705544199687425 4.453250366233724 4.645121386969814
0.8381246118274358 4.149787369758763 2.5492261515433805 2.4456295295243757 2.9120282531793933 1.830484099901459 4.766823942724945 0.9162354260256942 1.2102708557488375
0.5452457044113923 1.6986295212267621 2.039797480074032 0.9229297075751256 4.812219063566632 4.951766450183416 0.6312798527455445
1.632838279290056 1.1054622523810678 3.5134571452256145 4.151629633553162 3.6421803943612554 4.822048331529563 4.927813919802015 3.450090766510462 4.083039431002154 2.989503610919351 4.962831128428255 3.3909028890449613 1.4129919985260406 4.117038125302916 1.9821917101604711
4.8130079491533255 1.3777929223970735 1.8445129724637859 2.787774390699309 3.4046902185634327
2.2697797348279 3.6842046232834886 3.265639531980562 2.348998606581657 4.322832414314128 2.182164284444871 3.250791443576493 3.01035312026901 3.36255590337877 2.7483308115890317 1.1241616837234825 4.487912736697602 2.8738097636876683 2.7175493293114004 1.2690246396739167 1.5570801205102356 0.9567927438599322 3.9072550343312837
1.1434528750747914 1.3569493919590025 3.217594069820618 2.5318248347780754 1.3704389959558816 2.1585489585643396 1.4794591186487633 2.818459736343175 4.907954927157643 3.1664101712594235 4.806970857075722 3.0449498926586984 1.0374890440850588 1.564292183425391 1.706932487358304
0.9857888410867102 3.601496905814548 4.91482011471667 3.0069433007272712 4.40983962282243 2.127719836708243 1.5623426230464157 1.815490937761383 4.8201204797960004 3.7014707916751624 2.8684929730722937 0.6358408392963546 0.5642647906669904 4.685756334018681 1.4307372148624893 3.6400875737915106 2.2728248892140703 3.643497623810849 4.895618644831118
3.809434900817594 0.8018248233888552 1.5861339364827944 4.080458776069179 1.612110047463139 3.9658345627816574 3.4585356507240936 4.859952267414236 1.1212682598268462 3.3483219553151864 2.571423080493405 2.1573909503049102 1.9718298488087629 2.867155232114962 4.509384319062301
4.904181514932841 2.8173989930394923 0.5548659927619204 4.875100696364901 1.495868088506464 3.476241760214969 4.685645400655191 2.5785374107675243 4.078051622383956 1.7487631700483122 1.9440359869954 4.243623021230237 0.9413943282853916 4.448000201494507
3.283892905744037 1.1843379185299954 3.391325191789616 2.5093588228083483 3.970428674565725 1.797151124567873 1.6851138642878722 3.1361519668309343
1.5330169350877905 1.1273880708398283 1.9966551936693442 0.7934545591026694 2.981920744724296 3.7933838065566023 3.3776068415238423 4.4843717111291905 3.658222465121647 4.394167934695092 0.8324500633861744 3.130026269001985 4.992972748009339 3.4839497299005617 3.9145920929928293 2.527400256878051
0.7489365195376968 4.169814498518056 4.1808076629030495 2.777624585432147 0.5063047567246559 2.8778126741872865 2.9121129305558053 3.2613919784749794 3.732353718402334 1.3370167755773998 1.72059757745925
4.1878760449483 4.244269009769216 2.85114321510845 1.0137846287543089 0.9588708992603767 3.7342194767705754 3.4629767852838116 4.780768685341751 0.5708219174066194 4.276249954291326 3.668109007697898
1.7976818557105194 2.0240025964020463 1.8756786249715596 3.9013927908470936 4.623960967346978 3.7202971477182025 3.6534192970855055 0.6020380152726136 1.6754446572819237 2.6088813141835985 4.180018044165987 2.7614154217972873 0.7154995334638442 1.3825524060752823 1.2871731589721618 0.971406494427488
3.801179873972147 2.836537805039809 4.38813118993261 2.1205312828944614 0.5578484587414205 2.0763232656321255 2.932580252655065 4.5301060442419105 3.1327370326305366 2.10137001462928 1.1065325945703641 3.483326521948373 1.795603244062446 4.397548531730026 1.263170624812456 2.776442234128926 3.4129368329637577
2.042700152158287 2.33675058967696 0.6130835163853059 4.4210997284793105 3.4669413728449987 4.648389155523399 4.3703180120737555 1.963329829204628 4.412161100436455 3.0599265743838338 2.4881643916049603
3.035717564753849 4.303616651979725 1.8700468761845364 4.973054709440942 0.8080642651517755 1.1806150698535145 3.6754478302866107 0.7601337598296047 4.746956185340432 4.032977136377575 3.1390937290494474
0.9493049505081268 4.7704402270663895 4.855308154837657 3.2174441865801104 4.215573621353277 2.40636194042309 4.96206208486308 1.8990447231345498 3.4955091764945116 4.309728435614984 1.6029633281809927 1.3979742959153905 2.868544929132847 0.5183835641110698 4.680560387772537 4.527384618366316 1.8843489187755655 4.990833087694526 3.3995154982650053 4.150731187463217
4.435647585162269 3.275235957980465 4.970693133411191 1.6712805110875621 1.1396520514513555 4.604374755923542 3.0521914663200462 1.4740947687753772 3.570631994939734 1.2978476711028324 1.4341670719208288 3.5789314425835013 4.081200039892094 4.579772924273634 1.564637838782333 4.4973591659647525 1.8605165971504496
3.787972836883537 2.3694026099725685 1.9128806151250728 2.303892717176778 3.9589063469198527
3.940800637128027 4.818963210820211 4.210163254353072 1.921543918151504 0.5572403217396147 0.6566212482641685 1.2807230525642577 1.8229284283238305 2.1482582856157606 3.790552467291414 3.8672635471604173 2.4383445120805427
2.7383272961595013 3.3508220957372403 2.404013923513271 3.689816046321436 1.086713362170187 4.045700871266328 0.9646903722734144 1.5080794045742496 2.1903889487936077 2.520501141140941 0.9043718029064958
1.525230860247539 0.5323437534819377 0.6971188673339564 1.5821671157238493 4.077920823946136 1.438586377771798 4.779476677859506 1.2118095406332359 1.634270084182308 4.653718498973731 1.751178631026027 3.954206354169119 1.5316083182202647 4.257165059768035 4.723422715609717 2.948491173056642 4.826685063271754 1.3199794676221934
4.913582422039838 2.0762742783252417 1.6151811053012297 0.7455969436239744 1.8478570138376214 1.8675518447656185 1.8731465442808737 3.0469941858127587 3.0850020753098226 2.086130813252193 3.209420353866352 1.8874183512774956 2.8523907965724504 1.677447620156014 3.3951337378104336 4.05218079257914 1.9705205369338818 2.9223001878904595
3.154079607204286 1.1249685934602625 2.3175667390636496 2.3162852182285065 2.956025962752909 1.5137094010487422 2.8516991938152167 1.8866249125204193 1.9539823836507257 2.6082300669682486 3.365614783720667 3.3655881580560125 2.7459748756641686 0.7547835581821554 3.695103479823517 1.3628560054695154 3.322063388881915 4.900975579159636 1.5414531468164996
3.9179495159461015 2.8781351033256373 1.6987028294496374 0.8961117478579099 3.0682329306530125 3.6394332789621933 1.0524237000116274 4.775262967063429 3.8380268094504766
4.938832119363858 1.0654124468827986 2.081837107823665 4.340005718469579 4.537543845265255 3.067607049200281
1.4129639239943297 3.48133031565822 0.5592444120670885 0.9052404771749795 3.021989935641691 3.0838530333859815 1.9325318502571043
0.9346550896699797 0.9259203836691939 4.5602593666240985 2.401178951903916 1.6905276771334266 4.321508775173672 1.1361498341985987 4.966820899831335 1.4921958992976925 3.0362052990574346 2.4718382981723677 0.5745179781842942 4.310851532512771 0.6937893163110251 1.4170354734037212 4.4380575360003345 1.0450794644194068
4.118749377431224 2.026606762565425 3.1289146716806444 1.4425492787291616 2.7383365894843505 4.37623866445619 4.920461036215895 3.2616252569156323 2.3667053908018323 4.143116114805376 0.8873168390606376 2.888241500067397
3.77167203797071 1.3586092581028373 1.9086648130310646 1.510597745034585 4.831353767102109 2.1974858789779907 4.01389506953808 1.1070602006348733 3.3853211111695827 4.1413124183799095 2.4391273245789353 3.421113169619363 4.572879237564228
0.8424733790392298 1.8339557971704241 4.781284519472482 2.529710190377773 2.5196367823140027 4.269190356052583 1.0736797271751546 0.7833455832413925 3.7355089646560344 4.548415025129449 3.89008694372028 3.0478014071364075
3.9433702828417525 2.8188637561282968 2.8555756649092245 0.8681972167666043 3.24015048647096 2.610412642459448 0.8860930916652296 0.7072927239929587 4.330696861840814 1.7054133821050992 1.1387667921550935 3.0976153463770855 1.7904106248688016 4.656644598392038 0.6954586236487076 2.4052126759417485 1.3115670487075395 3.825831974727334
3.0635679468412578 4.564056955383262 1.2324092849274488 1.0109910207132302 1.8871661179677732 4.843735566588068 4.777495597846242 1.5672693476595927 0.8362513631032129 3.807305249356414 1.0828040246064587
2.403018716718318 0.9822444303919096 3.6010482942628483 0.7397385905360673 3.8505014449426724 2.0738032935759207 4.593358228416145 2.768453377537008 3.168936310888286 4.998615285503163 3.6460944344949495
1.122805239724719 3.8365161601424242 3.3540353528648263 1.458485746799994 4.5367638581718825 2.827579284356864 3.4522683109044805 3.471024440662722 2.745254355699333 3.751292620673102 2.754250292879526
0.7547807447955841 4.351175477131541 0.5490045449340268 0.6604691619213406 2.640181310796927 3.8647317505397503 2.9088543455780194 4.286667033675181 1.5585348475795715 2.2112383314683943 4.158270753399088 3.317702718976578 2.6794476654543606 2.789199243384338 4.6376728126110685 4.263808516161246 1.4277651895102208 3.4617330525009673
1.9419844036329246 3.4400557035149673 3.8547840204932298 3.1813101027262713 4.440499730662298 4.7520543504754995
3.120220948509641 3.280289050572195 4.150188653437568 2.3987401917432813 1.5137859766331068 2.307882828292092 3.842706598555484 1.3965619269658192 4.008197756659386 1.1579527023588754 1.2111727913731098 1.3884630090870456 4.789088131501348
2.611427404640589 1.0092094774571612 2.0257588688232113 0.5514882369521749 0.8121591183380382 1.8017817839758625 1.8013427193229665 2.5874430060182365 2.605676499003234 4.835057323231734 3.0686105938913695 0.814796932906273 1.5965614800559225 4.540802682276529
1.6020778166561505 0.9133031596264553 0.7220747632034512 3.339761168957523 4.942865428837328 3.1409463051874873 2.0971690031791637 1.1980066949576695 1.9250696116645711
4.7007348197447785 1.8591797515319408 2.8204436103495683 4.697480473239051 3.716204576516276 1.7292481529985202 2.4364250146461113
3.239202312968665 2.952490697037392 4.011927044445929 3.3438853143346248 4.317431696130527 2.389061193759377 0.7744407499909087 1.7304359641579237 3.0509834938000084 3.6100706136272414 1.9827135258285216 2.2825477017756772 2.224111093756458 4.228779045630439 4.92255040698689 1.2272429238237232
3.7417491552352073 3.703597045875405 1.3012506325409459 1.7246500333339605 4.129514558715196 1.9350514512491057 1.0074509690769637 3.9443192320798177 4.259634261863665 1.9553357846526882 0.6051422280837233 1.2133775348948708 0.527422115775557 1.8350920856822703
2.2515718511479488 3.820399889256681 4.512014604508394 4.635687373038092 0.8581391537928448 3.3953005685092257 3.22977595150963 4.329485757134113
1.4584102896729978 1.7625975643271738 2.9291209663513698 3.5954788873457075 1.908023801810102 2.7830817870247686
4.9814569877816925 3.773128436601926 4.717526644168206 4.957220287030269 4.794529670119111 1.0233844371513183 2.0110780037753075 0.9625499707824898
1.8116652585972726 1.9025846223024072 4.311473066687885 3.8368707055932014 1.5632325278643784 3.602300966262733 3.5750876130071756 2.6992181886325146 2.9051054103218803 3.0461893332742025 2.6391118424094993
3.2214031860565773 4.012989298698892 4.36350957432383 2.497836235930282 2.52432454578517 3.4011813442517878 0.9782247925905243 2.0947732838214 0.7753178622902783 1.6996657765958028
3.1624484380821407 2.6030413228767992 4.005474535384107 4.654403769062103 4.403497787010745
2.9677085092635678 0.5491698237786139 1.312260110702621 0.8249269820405496 3.300686985094363 2.531961278187934 1.1142117652122139 0.6836470594249102
3.051289771126356 1.9975711085752113 0.6483219219707 2.137608953320716 4.223704568793937 3.0698435054375546 2.607413838742097 1.5415086319939997 2.7764104122790214 4.9913638561441624 3.5554655109650732 0.981591468832631 4.21795599009366 1.466858943927793 4.431450203564202 0.6048668405420927 2.8085392953278503 4.966542589236427 2.30968162007789 3.0329106064802236