第1个BestWave: 
1 1 1 4 6 1 1 1 1 1 1 1 1 1 1 |3 1 1 1 1 1 1 5 6 6 1 1 6 1 1 5 1 1 1 1 |6 1 4 1 1 1 1 1 |1 1 1 3 1 1 1 |1 1 1 1 1 1 3 4 1 1 1 1 1 3 1 4 |1 1 1 1 1 1 1 1 1 1 1 1 4 1 |1 5 1 1 1 1 1 1 1 6 1 1 1 1 1 5 |6 1 1 1 1 |1 1 1 1 1 1 1 |1 1 1 1 1 1 6 1 6 1 1 1 1 1 6 |1 1 1 1 1 1 2 1 1 1 1 1 1 1 1 |1 1 1 1 1 1 1 1 1 1 |1 1 1 1 3 |4 1 1 1 1 1 1 1 1 1 1 1 |1 1 1 1 1 1 1 1 1 1 1 6 1 1 1 1 |1 1 1 1 1 1 1 1 |1 1 2 1 1 1 1 1 1 1 6 1 1 1 1 1 1 |3 1 1 3 1 5 1 |1 1 1 1 6 1 1 1 1 6 1 1 1 |1 6 1 1 1 1 5 1 1 2 5 1 1 1 3 1 1 1 1 1 |1 1 1 1 1 1 1 1 1 1 1 1 2 1 1 3 |1 1 1 1 1 1 1 1 1 1 1 1 1 1 |1 1 1 1 1 1 1 1 1 |1 1 1 1 1 1 4 1 4 1 1 1 |6 1 1 6 1 1 1 1 1 1 1 1 1 6 |1 1 1 1 1 1 1 1 1 1 1 1 |1 1 1 1 1 3 1 1 1 1 1 1 1 1 |1 1 1 1 1 1 1 1 1 |1 1 1 1 6 1 1 1 1 1 1 1 1 |1 1 1 1 1 1 1 6 1 1 1 1 1 1 1 1 1 |6 6 1 1 1 1 6 1 1 1 1 1 1 1 1 |5 1 6 1 1 1 1 1 1 |1 5 1 1 1 1 1 1 1 1 1 1 |1 1 1 1 1 1 1 1 1 6 1 1 |1 1 6 1 1 1 1 1 1 1 1 3 6 1 1 6 1 |1 5 1 3 3 2 |1 6 1 1 1 1 1 1 1 1 1 1 1 3 |1 1 1 1 2 1 1 |1 1 1 1 1 |6 1 6 4 4 1 1 1 1 1 1 4 |1 1 1 1 1 1 1 1 1 1 1 1 1 1 6 1 4 1 4 |4 1 3 1 1 1 1 1 2 1 2 6 1 1 1 |1 1 1 1 1 1 6 |1 1 1 2 1 |6 6 1 1 1 1 2 1 5 1 1 1 1 1 1 |1 1 1 1 1 1 1 1 1 |1 1 1 1 6 1 1 1 1 1 1 1 1 6 1 6 1 1 |1 1 1 1 1 1 1 6 |1 1 1 1 6 1 3 1 5 1 1 1 1 1 1 3 1 1 1 |1 1 1 1 1 1 1 1 1 1 1 1 1 3 1 1 1 1 1 |1 4 1 6 1 1 1 1 1 1 1 1 1 |1 1 1 1 1 1 1 1 1 6 1 1 1 1 3 1 |1 1 1 1 1 1 1 |1 1 6 1 1 1 6 6 1 1 1 4 6 6 1 6 1 1 |1 1 1 1 1 1 1 1 6 6 6 1 6 1 1 6 1 4 6 |1 1 3 1 1 1 1 1 6 1 1 1 1 1 1 1 |1 1 1 1 1 1 1 1 1 1 1 1 1 |1 1 6 1 1 |1 1 1 1 1 4 1 1 1 1 1 6 1 4 1 1 |1 1 6 1 1 1 1 1 |realPatrol = 1200|fitness = 1002.1828207895618

第2个BestWave: 
1 1 2 5 6 1 1 1 1 1 1 1 1 1 1 |6 1 1 1 1 1 1 6 6 6 1 1 6 1 1 6 1 1 1 1 |6 1 5 1 1 1 1 1 |1 1 1 1 1 1 1 |2 1 1 1 1 1 3 5 1 1 1 1 1 5 1 6 |1 1 1 1 1 1 1 1 1 1 1 1 6 1 |1 5 1 1 1 1 1 1 1 6 1 1 1 1 1 6 |6 1 1 1 1 |1 1 1 1 1 1 1 |1 1 1 1 1 1 5 1 5 1 1 1 1 1 6 |1 1 1 1 1 1 1 1 1 1 1 1 1 1 1 |1 1 1 1 1 1 1 1 1 1 |1 1 1 1 4 |5 1 1 1 1 1 1 1 1 1 1 1 |1 1 1 1 1 1 1 1 1 1 1 6 1 1 4 1 |1 1 1 1 1 1 1 1 |1 1 4 1 1 1 1 1 1 1 5 1 1 1 1 1 1 |4 1 1 5 1 5 1 |1 1 1 1 6 1 1 1 1 6 1 1 1 |1 6 1 1 1 1 6 1 1 1 3 1 1 1 1 1 1 1 1 1 |1 1 1 1 1 1 1 1 1 1 1 1 1 1 1 1 |1 1 1 1 1 1 1 1 1 1 1 1 1 1 |1 1 1 1 1 1 1 1 1 |6 1 1 1 1 1 6 1 3 1 1 1 |6 1 1 6 1 1 1 1 1 1 1 1 1 1 |1 1 1 1 1 1 1 1 1 1 1 1 |1 1 1 1 1 1 1 1 1 1 1 1 1 1 |1 1 1 1 1 1 1 1 1 |1 1 1 1 6 1 1 1 1 1 1 1 1 |1 1 1 1 1 1 1 2 1 1 1 1 1 2 1 1 1 |6 6 1 1 4 1 6 1 1 1 1 1 1 1 1 |5 1 6 1 1 1 1 1 1 |1 6 1 1 1 1 1 1 1 1 1 1 |1 1 1 1 1 3 1 1 1 6 1 1 |1 1 6 1 1 1 1 1 1 1 1 1 6 1 1 6 1 |1 5 1 3 3 3 |1 6 1 5 1 1 1 6 3 1 1 1 1 4 |1 1 1 1 1 1 1 |1 1 1 1 1 |5 1 6 4 1 1 1 1 1 1 1 1 |1 1 1 1 1 2 1 1 1 1 1 1 1 1 4 1 2 1 3 |5 1 1 1 1 1 1 1 1 1 1 6 1 1 1 |1 1 1 1 1 1 6 |1 1 1 1 1 |6 6 3 1 1 1 1 1 6 1 1 1 1 1 1 |1 1 1 1 1 1 1 1 1 |1 1 1 1 6 1 1 1 1 1 1 1 1 6 1 4 1 1 |1 1 1 1 1 1 1 6 |1 1 1 1 6 1 4 1 4 1 1 1 1 1 1 6 1 3 3 |1 1 1 1 1 1 1 1 1 1 1 1 1 1 1 1 1 1 1 |1 4 1 6 1 1 1 1 1 1 1 1 1 |1 1 1 1 1 1 1 1 1 6 1 1 1 1 1 1 |1 1 1 1 1 1 1 |1 1 6 1 1 1 6 6 1 1 1 3 5 6 1 6 1 1 |1 1 1 1 1 1 1 1 5 6 6 1 5 1 1 6 1 1 6 |1 1 4 1 1 1 1 1 5 1 1 1 1 1 1 1 |1 1 1 1 1 1 1 1 1 1 1 1 1 |1 1 5 1 1 |1 1 1 1 1 1 1 1 1 1 1 6 1 1 1 1 |1 1 6 1 1 1 1 1 |realPatrol = 1200|fitness = 997.131055847691

第3个BestWave: 
1 1 1 3 6 1 1 4 6 1 1 1 1 1 1 |1 1 1 1 1 1 1 5 6 6 1 1 6 1 1 4 1 1 1 1 |6 1 4 1 1 1 1 1 |1 1 1 4 1 1 1 |1 1 1 1 1 1 5 4 1 1 1 1 1 4 1 5 |3 1 1 1 1 1 1 1 1 1 1 1 5 1 |1 4 1 1 1 1 1 1 1 6 1 1 1 1 1 6 |6 1 1 1 1 |1 1 1 1 1 1 1 |1 1 1 1 1 1 5 1 6 1 1 1 1 1 6 |1 1 1 1 1 1 4 1 1 2 1 1 1 1 1 |1 1 1 1 1 1 1 1 1 1 |1 1 1 1 3 |2 1 1 1 1 1 1 1 1 1 1 1 |1 1 1 1 1 1 1 1 1 1 1 6 1 1 1 1 |1 1 1 1 1 1 1 1 |1 1 3 1 1 1 1 1 1 1 5 1 1 1 1 1 1 |4 1 1 1 1 3 1 |1 1 1 1 6 1 1 1 1 6 1 1 1 |1 6 1 1 1 1 6 1 1 3 5 1 1 1 4 1 1 1 1 1 |1 1 1 1 3 1 1 1 1 1 1 1 2 1 1 3 |1 1 1 1 1 1 1 1 1 1 1 1 1 1 |1 1 1 1 1 1 1 1 1 |1 1 1 1 1 1 4 1 1 1 1 1 |6 1 1 5 1 1 1 1 1 1 1 1 1 4 |1 1 1 1 1 1 1 1 1 1 1 1 |1 1 1 1 1 1 1 1 1 1 1 1 1 1 |1 1 1 1 1 1 1 1 1 |1 1 1 1 5 1 1 1 1 1 1 1 1 |1 1 1 1 1 1 1 6 1 1 1 1 1 1 1 1 1 |6 6 1 1 4 1 6 1 1 1 1 1 1 1 1 |6 1 6 1 1 1 1 1 1 |1 6 1 1 1 1 1 1 1 1 2 1 |1 1 1 1 1 3 1 1 1 6 1 1 |1 1 6 1 1 1 1 1 1 1 1 1 6 1 1 6 1 |1 4 1 3 3 1 |1 5 1 5 1 1 1 3 1 1 1 1 1 1 |1 1 1 1 1 1 1 |1 1 1 1 1 |6 1 6 3 4 1 1 1 1 1 1 4 |1 1 1 1 1 1 1 1 1 1 1 1 1 1 5 1 4 1 1 |4 2 1 1 1 1 1 1 1 1 1 6 1 1 1 |1 2 1 1 1 1 6 |1 1 1 1 1 |6 6 4 1 1 1 1 1 6 1 1 1 1 1 1 |1 1 1 1 3 1 1 1 1 |1 1 1 1 6 1 1 1 1 1 1 1 1 6 1 4 1 1 |1 1 1 1 1 1 1 6 |1 1 1 1 6 1 1 1 4 1 1 1 1 1 1 5 1 6 4 |1 1 1 1 1 1 1 1 1 1 1 1 1 4 1 1 1 1 1 |1 5 1 6 1 1 1 1 1 1 1 1 1 |1 3 1 1 1 1 1 1 1 6 1 1 1 1 3 1 |1 1 1 1 1 1 1 |1 1 5 1 1 1 6 6 1 1 1 3 6 6 1 6 1 1 |1 1 1 1 1 1 1 1 4 6 6 1 6 1 1 6 1 1 6 |1 1 1 1 1 1 1 1 5 1 1 1 1 1 1 1 |1 1 1 1 1 1 1 1 1 1 1 1 1 |1 1 4 1 1 |1 1 1 1 1 2 1 1 1 1 1 6 1 1 1 1 |1 1 6 1 1 1 1 1 |realPatrol = 1200|fitness = 999.8099103662746

第4个BestWave: 
1 1 1 4 6 1 1 1 4 3 1 1 1 1 1 |4 1 1 1 1 1 1 6 6 6 1 1 6 1 1 3 1 1 1 1 |6 1 5 1 1 1 1 1 |1 1 1 3 1 1 1 |1 1 1 1 1 1 5 5 1 1 1 1 1 3 1 5 |3 1 1 1 1 1 1 1 1 1 1 1 5 1 |1 3 1 1 1 1 1 1 1 6 1 1 1 1 1 6 |6 1 1 1 1 |1 1 1 1 1 1 1 |1 1 1 1 1 1 5 1 6 1 1 1 1 1 6 |1 1 1 1 3 1 1 1 1 1 1 1 1 1 1 |1 1 1 1 1 1 1 1 2 1 |1 1 1 1 3 |4 1 1 1 1 1 1 1 1 1 1 1 |1 1 1 1 1 1 1 1 1 1 1 6 1 1 1 1 |1 1 1 1 1 1 1 1 |1 1 1 1 1 1 1 1 1 1 6 1 1 1 1 1 1 |4 1 1 4 1 3 1 |1 1 1 1 6 1 1 1 1 6 1 1 1 |1 6 1 1 1 1 5 1 1 4 5 1 1 1 1 1 2 1 1 1 |1 1 1 1 1 1 1 1 1 1 1 1 2 1 1 1 |1 1 1 1 1 1 1 1 1 1 1 1 1 1 |1 1 1 1 1 1 1 1 1 |4 1 1 1 1 1 5 1 4 1 1 1 |6 1 1 6 1 2 1 1 1 1 1 1 1 5 |1 1 1 1 1 1 1 1 1 1 1 1 |1 1 1 1 1 1 1 1 1 1 1 1 1 1 |1 1 1 1 1 1 1 1 1 |1 1 1 4 6 1 1 1 1 1 1 1 1 |1 1 1 1 1 1 1 5 1 1 1 1 1 1 1 1 1 |6 6 1 1 5 1 6 1 1 1 1 1 1 1 1 |4 1 6 1 1 1 1 2 1 |1 1 1 1 1 1 1 1 1 1 1 1 |1 1 1 1 1 4 1 1 1 6 1 1 |1 1 5 1 1 1 1 1 1 1 1 3 6 1 1 5 1 |1 4 1 4 2 2 |1 5 1 6 1 1 1 1 1 1 3 1 1 1 |1 1 1 1 1 1 1 |1 2 1 1 1 |5 1 6 3 4 1 1 1 1 1 1 2 |1 1 1 1 1 1 1 1 1 1 1 1 1 1 6 1 3 1 2 |4 1 1 1 1 1 1 1 1 1 1 6 1 1 1 |1 1 1 1 1 1 6 |1 1 1 2 1 |6 5 1 1 1 1 1 1 6 1 1 1 1 1 1 |1 1 1 1 1 1 1 1 1 |1 1 1 1 6 1 1 1 1 1 1 1 1 6 1 4 1 1 |1 1 1 1 1 1 1 6 |1 1 1 1 6 1 1 1 3 1 1 1 1 1 1 4 1 1 1 |1 1 1 1 1 1 1 1 1 1 1 1 1 1 1 1 1 1 1 |1 5 1 6 1 1 1 1 1 1 1 1 1 |1 3 1 1 1 1 1 1 1 5 1 1 1 1 4 1 |1 1 1 1 1 1 1 |1 1 6 1 1 1 6 6 1 1 1 1 6 6 1 6 1 1 |1 1 1 1 1 1 1 1 6 6 6 1 6 1 1 6 1 4 6 |1 1 3 1 1 1 1 1 6 1 1 1 1 1 1 1 |1 2 1 1 1 1 1 1 1 1 1 1 1 |1 1 5 1 1 |1 1 1 1 1 5 1 1 1 1 1 6 1 3 1 1 |1 1 6 1 1 1 1 1 |realPatrol = 1200|fitness = 999.7857454541306

第5个BestWave: 
1 1 1 1 6 4 1 2 1 6 1 1 1 1 1 |4 1 1 1 1 1 1 5 6 6 1 1 6 1 1 5 1 1 1 1 |6 1 4 1 1 1 1 1 |1 1 1 4 1 1 1 |2 1 1 1 1 1 4 5 1 1 1 1 1 2 1 1 |1 1 1 1 1 1 1 1 1 1 1 1 4 1 |1 1 1 1 1 1 1 2 1 6 1 1 1 1 1 6 |6 1 1 1 1 |1 1 1 1 1 1 1 |1 1 1 1 1 1 6 1 6 1 1 1 1 1 6 |1 1 1 1 1 1 1 1 1 1 1 1 1 1 1 |1 1 1 1 1 1 1 1 1 1 |1 1 1 1 3 |4 1 1 1 1 1 1 1 1 1 1 1 |1 1 1 1 1 1 1 1 1 1 1 6 1 2 4 1 |1 1 1 1 1 1 1 1 |1 1 1 1 1 1 1 1 1 1 4 1 1 1 1 1 1 |4 1 1 1 1 4 1 |1 1 1 1 6 1 1 1 1 6 1 1 1 |1 6 1 1 1 1 6 1 1 3 5 1 1 1 1 1 1 1 1 1 |1 1 1 1 3 1 1 1 1 1 1 1 1 1 1 1 |1 1 1 1 1 1 1 1 1 1 1 1 1 1 |1 1 1 1 1 1 1 1 1 |1 1 1 1 1 1 5 1 2 1 1 1 |5 1 1 6 1 1 1 1 1 1 1 1 1 6 |1 1 1 1 1 1 1 1 1 1 1 1 |1 1 1 1 1 1 1 1 1 1 1 1 1 1 |1 1 1 1 1 1 1 1 1 |1 1 1 1 6 1 1 1 1 1 1 1 1 |1 1 1 1 1 1 1 6 1 1 1 1 1 3 1 1 1 |6 6 1 1 5 1 6 1 1 1 1 1 1 1 1 |3 1 6 1 1 1 1 1 1 |1 5 1 1 1 1 1 1 1 1 1 1 |1 1 1 1 1 4 1 1 1 6 1 1 |1 1 6 1 1 1 1 1 1 1 1 1 6 1 1 5 1 |1 3 1 3 2 1 |1 6 1 5 1 1 1 1 1 1 3 1 1 3 |1 1 1 1 1 1 1 |1 3 1 1 1 |6 1 6 3 5 1 1 1 4 1 1 6 |1 1 1 1 1 1 1 1 1 1 1 1 1 1 5 1 4 1 3 |5 1 1 1 1 1 1 1 1 1 1 6 1 1 1 |1 1 1 1 1 1 5 |4 1 1 4 1 |6 5 1 1 1 1 1 1 6 1 1 1 1 1 1 |1 1 1 1 2 1 1 1 1 |1 1 1 1 6 1 1 1 1 1 1 1 1 6 1 6 1 1 |1 1 1 1 1 1 1 6 |1 1 1 1 6 1 3 1 4 1 1 1 1 1 1 4 1 1 3 |1 1 1 1 1 1 1 1 1 1 1 1 1 3 1 1 1 1 1 |1 4 1 6 1 1 1 1 1 1 1 1 1 |1 1 1 1 1 1 1 1 1 6 1 1 1 1 1 1 |1 1 1 1 1 1 1 |1 1 5 1 1 1 6 6 1 1 1 3 6 5 1 6 1 1 |1 1 1 1 1 1 1 1 5 6 6 1 6 1 1 6 1 3 6 |1 1 4 1 1 1 1 1 6 1 1 1 1 1 1 1 |1 1 1 1 1 2 1 1 1 1 1 1 1 |1 1 4 1 1 |1 1 1 1 1 3 1 1 1 1 1 5 1 2 1 1 |1 1 6 1 1 1 1 1 |realPatrol = 1200|fitness = 998.9380168812634

第6个BestWave: 
1 1 1 3 6 6 1 4 3 1 1 1 1 1 1 |5 1 1 1 1 1 1 3 6 6 3 1 6 1 1 5 1 1 1 1 |6 1 3 1 1 1 1 1 |1 1 1 1 1 1 1 |1 1 1 1 1 1 5 4 1 1 1 1 1 3 1 5 |1 1 1 1 1 1 1 1 1 1 1 1 1 1 |1 4 1 1 1 1 1 1 1 6 1 1 1 1 1 6 |6 1 1 1 1 |1 1 1 1 1 1 1 |1 1 1 1 1 1 6 1 6 1 1 1 1 1 6 |1 1 1 1 1 1 1 1 1 1 1 1 1 1 1 |1 1 1 1 1 1 1 1 1 1 |1 1 1 1 4 |3 1 1 1 1 1 1 1 1 1 1 1 |1 1 1 1 1 1 1 1 1 1 2 6 1 1 5 1 |1 1 1 1 1 1 1 1 |1 1 3 1 1 1 1 1 1 1 4 1 1 1 1 1 1 |2 1 1 3 1 3 1 |1 1 1 1 6 1 1 1 1 6 1 1 1 |1 6 1 1 1 1 5 1 1 3 6 1 1 1 1 1 1 1 1 1 |1 1 1 1 1 1 1 1 1 1 1 1 1 1 1 3 |1 1 1 1 1 1 1 1 1 1 1 1 1 1 |1 1 1 1 1 1 1 1 1 |1 1 1 1 1 1 4 1 1 1 1 1 |6 1 1 4 1 1 1 1 1 1 1 1 1 1 |1 1 1 1 1 1 1 1 1 1 1 1 |1 1 1 1 1 1 1 1 1 1 1 1 1 1 |1 1 1 1 1 1 1 1 1 |1 1 1 1 6 1 1 1 1 1 1 1 1 |1 1 1 1 1 1 1 5 1 1 1 1 1 3 1 3 1 |6 6 1 1 5 1 6 1 1 1 1 1 1 1 1 |5 1 6 1 1 1 1 1 1 |1 6 1 1 1 1 1 1 1 1 1 1 |1 1 1 1 1 4 1 1 1 6 1 1 |1 1 6 1 1 1 1 1 2 1 1 1 6 1 1 6 1 |1 5 1 4 2 2 |1 5 1 6 1 1 1 3 2 1 1 1 1 3 |1 1 1 1 1 1 1 |1 1 1 1 1 |6 1 6 4 5 1 1 1 1 1 1 1 |1 1 1 1 1 1 1 1 1 1 1 1 1 1 5 1 3 1 1 |5 1 1 1 1 1 1 1 2 1 1 6 1 1 1 |1 1 1 1 1 1 6 |1 1 1 1 1 |6 6 3 1 1 1 1 1 6 1 1 1 1 1 1 |1 1 1 1 1 1 1 1 1 |3 1 1 1 6 1 1 1 1 1 1 1 1 6 1 4 1 1 |1 1 1 1 1 1 1 6 |1 1 1 1 6 1 5 1 4 1 1 1 1 1 1 4 1 4 3 |1 1 1 1 1 1 1 1 1 1 1 1 1 3 1 1 1 1 1 |1 5 1 1 1 1 1 1 1 1 1 1 1 |1 1 1 1 1 1 1 1 1 6 1 1 1 1 1 1 |1 1 1 1 1 1 1 |1 1 6 1 1 1 6 6 1 1 1 4 6 6 1 6 1 1 |1 1 1 1 1 1 1 1 4 6 6 1 5 1 1 6 1 3 6 |1 1 4 1 1 1 1 1 6 1 1 1 1 1 1 1 |1 1 1 1 1 1 1 1 1 1 1 1 1 |1 1 4 1 1 |1 1 1 1 1 5 1 1 1 1 1 6 1 4 1 1 |1 1 6 1 1 1 1 1 |realPatrol = 1200|fitness = 998.3490995819398

第7个BestWave: 
1 1 1 1 6 1 1 1 3 1 1 1 1 1 1 |4 1 1 1 1 1 1 1 4 6 1 1 6 1 1 6 1 1 1 1 |6 1 5 1 1 1 1 1 |1 1 1 1 1 1 1 |1 1 1 1 1 1 5 4 1 1 1 1 1 5 1 4 |4 1 1 1 1 1 1 1 1 1 1 1 4 1 |1 3 1 1 1 1 1 1 1 6 1 1 1 1 1 6 |6 1 1 1 1 |1 1 1 1 1 1 1 |1 1 1 1 1 1 6 1 6 1 1 1 1 1 6 |1 1 1 1 1 1 1 1 1 1 1 1 1 1 1 |1 1 1 1 1 1 1 1 1 1 |1 1 1 1 2 |5 1 1 1 1 1 1 1 1 1 1 1 |1 1 1 1 1 1 1 1 1 1 1 6 1 1 6 1 |1 1 1 1 1 1 1 1 |1 1 1 1 1 1 1 1 1 1 5 1 1 1 1 1 1 |3 1 1 3 1 3 1 |1 1 1 1 6 1 1 1 1 6 1 1 1 |1 6 1 1 1 1 6 1 1 3 6 1 1 1 1 1 1 1 1 1 |1 1 1 1 1 1 1 1 1 1 1 1 1 1 1 5 |1 1 1 1 1 1 1 1 1 1 1 1 1 1 |1 1 1 1 2 1 1 1 1 |1 1 1 1 1 1 4 1 1 1 1 1 |6 1 1 5 1 1 1 1 1 1 1 1 1 5 |1 1 1 1 1 1 1 1 1 1 1 1 |1 1 1 1 1 4 1 1 1 1 1 1 1 1 |1 1 1 1 1 1 1 1 1 |1 1 1 5 6 1 1 1 1 1 1 1 1 |1 1 1 1 1 1 1 5 1 1 1 1 1 1 1 1 1 |6 6 1 1 5 1 6 1 1 1 1 1 1 1 1 |4 1 6 1 1 1 1 2 1 |1 6 1 1 1 1 1 1 1 1 1 1 |1 1 1 1 1 2 1 1 1 6 1 1 |1 1 6 1 1 1 1 1 1 1 1 3 6 1 1 6 1 |1 4 1 4 3 1 |1 6 1 5 1 1 1 1 3 1 4 1 1 3 |1 1 1 1 1 1 1 |1 1 1 1 1 |6 1 6 2 1 1 1 1 1 1 1 6 |1 1 1 1 1 1 1 1 1 1 1 1 1 1 5 1 4 1 3 |4 1 1 1 1 1 1 1 1 1 1 6 1 1 1 |1 1 3 1 1 1 5 |1 1 1 2 1 |6 6 4 1 1 1 1 1 4 1 1 1 1 1 1 |1 1 1 1 3 1 1 1 1 |1 1 1 1 6 1 1 1 1 1 1 1 1 6 1 6 1 1 |1 1 1 1 1 1 1 6 |1 1 1 1 6 1 1 1 5 1 1 1 1 1 1 4 1 3 2 |1 1 1 1 1 1 1 1 1 1 1 1 1 3 1 1 1 1 1 |1 4 1 6 1 1 1 1 1 1 1 1 1 |1 1 1 1 1 1 1 1 1 5 1 1 1 1 4 1 |1 1 1 1 1 1 2 |1 1 5 1 1 1 6 6 1 1 1 5 6 1 1 6 1 1 |1 1 1 1 1 1 1 1 6 6 6 1 6 1 1 6 1 1 6 |1 1 4 1 1 1 1 1 6 1 1 1 1 1 1 1 |1 1 1 1 1 1 1 1 1 1 1 1 1 |1 1 6 1 1 |1 1 1 1 1 1 1 1 1 1 1 6 1 1 1 1 |1 1 6 1 1 1 1 1 |realPatrol = 1200|fitness = 998.9768699259273

第8个BestWave: 
1 1 1 4 6 4 1 1 3 1 1 1 1 1 1 |3 1 2 1 1 1 1 1 6 6 1 1 6 1 1 4 1 1 1 1 |6 1 5 1 1 1 1 1 |1 1 1 1 1 1 1 |1 1 1 1 1 1 4 4 1 1 1 1 1 4 1 6 |4 1 1 1 1 1 1 1 1 1 1 1 4 1 |1 5 1 1 1 1 1 1 1 6 1 1 1 1 1 6 |6 1 1 1 1 |1 1 1 1 1 1 1 |1 1 1 1 1 1 5 1 6 1 1 1 1 1 6 |1 1 1 1 1 1 1 1 1 1 1 1 1 1 1 |1 1 1 1 1 1 1 1 1 1 |1 1 1 1 3 |1 1 1 1 1 1 1 1 1 1 1 1 |1 1 1 1 1 1 1 1 1 1 1 6 1 1 2 1 |1 1 1 1 1 1 1 1 |1 1 2 1 1 1 1 1 1 1 4 1 1 1 1 1 1 |4 1 1 3 1 4 1 |1 1 1 1 6 1 1 2 1 6 1 1 1 |1 6 1 1 1 1 6 1 1 5 5 1 1 1 3 1 1 1 1 1 |1 1 1 1 1 1 1 1 1 1 1 1 1 1 1 1 |1 1 1 1 1 1 1 1 1 1 1 1 1 1 |1 1 1 1 1 1 1 1 1 |3 1 1 1 1 1 4 1 1 1 1 1 |6 1 1 4 1 1 1 1 1 1 1 1 1 3 |1 1 1 1 1 1 1 1 1 1 1 1 |1 1 1 1 1 1 1 1 1 1 1 1 1 1 |2 1 1 1 1 1 1 1 1 |1 1 1 1 6 1 1 1 1 1 1 1 1 |1 1 1 1 1 1 1 6 1 1 1 1 1 2 1 1 1 |6 6 1 1 4 1 6 1 1 1 1 1 1 1 1 |5 1 6 1 1 1 1 1 1 |1 6 1 1 1 1 1 1 1 1 3 1 |1 1 1 1 1 4 1 1 1 6 1 1 |1 1 1 1 1 1 1 1 1 1 1 3 6 1 1 6 1 |1 5 1 3 2 1 |1 6 1 5 1 1 1 3 1 1 2 1 1 3 |1 1 1 1 1 1 1 |1 1 1 1 1 |6 1 6 1 6 1 1 1 1 1 1 4 |1 1 1 1 1 1 1 1 1 1 1 1 1 1 6 1 1 1 4 |6 1 1 1 1 1 1 1 1 1 1 6 1 1 1 |1 1 1 1 1 1 6 |2 1 1 1 1 |6 5 4 1 1 1 1 1 6 1 1 1 1 1 1 |1 1 1 1 3 1 1 1 1 |1 2 1 1 6 1 1 1 1 1 1 1 1 6 1 5 1 1 |1 1 1 1 1 1 1 6 |1 1 1 1 6 1 4 1 4 1 1 1 1 1 1 4 1 1 1 |1 1 1 1 1 1 1 1 1 1 1 1 1 1 1 1 1 1 1 |1 5 1 6 1 1 1 1 1 1 1 1 1 |1 1 1 1 1 1 1 1 1 5 1 1 1 1 1 1 |1 1 1 1 1 1 1 |1 1 6 1 1 1 6 6 1 1 1 5 6 6 2 6 1 1 |1 1 1 1 1 1 1 1 6 6 6 1 6 1 1 6 1 1 5 |1 1 1 1 1 1 1 1 6 1 1 1 1 1 1 1 |1 1 1 1 1 1 1 1 1 1 1 1 1 |1 2 5 1 1 |1 1 1 1 1 5 1 1 1 1 1 6 1 6 1 1 |1 1 6 1 1 1 1 1 |realPatrol = 1200|fitness = 999.0153955173763

第9个BestWave: 
1 1 1 4 6 1 1 1 3 1 1 1 1 1 1 |4 1 2 1 1 1 1 3 6 6 1 1 6 1 1 3 1 1 1 1 |6 1 5 1 1 1 1 1 |1 1 1 1 1 1 1 |1 1 1 1 1 1 5 4 1 1 1 1 1 3 1 6 |2 1 1 1 1 1 1 1 1 1 1 1 4 1 |1 6 1 1 1 1 1 1 1 6 1 1 1 1 1 6 |6 1 1 1 1 |1 1 1 1 1 1 1 |1 1 1 1 1 1 5 1 6 1 1 1 1 1 6 |1 1 1 1 1 1 1 1 1 1 1 1 1 2 1 |1 1 1 1 1 1 1 1 1 1 |1 1 1 1 1 |3 1 1 1 1 1 1 1 1 1 1 1 |1 1 1 1 1 1 1 1 1 1 1 6 1 1 1 1 |1 1 1 1 1 1 1 1 |1 1 4 1 1 1 1 1 1 1 5 1 1 1 1 1 1 |2 1 1 3 1 3 1 |1 1 1 1 6 1 1 1 1 6 1 1 1 |1 6 1 1 1 1 6 1 1 4 4 1 1 1 1 2 1 1 1 1 |1 1 1 1 1 1 1 1 1 1 1 1 1 1 1 1 |1 1 1 1 1 1 1 1 1 1 1 1 1 1 |1 1 1 1 3 1 1 1 1 |3 1 2 1 1 1 5 1 1 1 1 1 |6 1 1 4 1 1 1 1 1 1 1 1 1 5 |1 1 1 1 1 1 1 1 1 1 1 1 |1 1 1 1 1 4 1 1 1 1 1 1 1 1 |1 1 1 1 1 1 1 1 1 |1 1 1 1 6 1 1 1 1 1 1 1 1 |1 1 1 1 1 1 1 6 1 1 1 1 1 3 1 1 1 |6 6 1 1 5 1 6 1 1 1 1 1 4 1 1 |5 1 6 1 1 1 1 3 1 |1 4 1 1 1 1 1 1 1 1 1 1 |1 1 1 1 1 1 1 1 1 6 1 1 |1 1 6 1 1 1 1 1 1 1 1 2 6 1 1 6 1 |1 4 1 3 3 1 |1 6 1 6 1 1 1 5 1 1 3 1 1 1 |1 1 1 1 1 1 1 |1 1 1 1 1 |6 1 6 1 4 1 1 1 1 1 1 4 |1 1 1 1 1 1 1 1 1 1 1 1 1 1 6 1 4 1 3 |3 1 1 1 1 1 1 1 1 1 3 6 1 1 1 |1 1 1 1 1 1 6 |1 1 1 1 1 |6 6 4 1 1 1 1 1 6 1 1 1 1 1 1 |1 1 1 1 3 1 1 1 1 |1 3 1 1 6 1 1 1 1 1 1 1 1 6 1 4 1 1 |1 1 1 1 1 1 1 6 |1 1 1 1 6 1 4 1 3 1 1 1 1 1 1 5 1 1 3 |1 1 2 1 1 1 1 1 1 1 1 1 1 1 1 1 1 1 1 |1 5 1 6 1 1 1 1 1 1 1 1 1 |1 1 1 1 1 1 1 1 1 6 1 1 1 1 1 1 |1 1 1 1 1 1 1 |1 1 4 1 1 1 6 6 1 1 1 3 6 5 2 6 1 1 |1 1 1 1 1 1 1 1 5 6 6 1 5 1 1 6 1 3 6 |1 1 2 1 1 1 1 1 6 1 1 1 1 1 1 1 |1 1 1 1 1 1 1 1 1 1 1 1 1 |1 1 4 1 1 |1 1 1 1 1 1 1 1 1 1 1 6 1 4 1 1 |1 1 6 1 1 1 1 1 |realPatrol = 1200|fitness = 1000.8029286732323

第10个BestWave: 
1 1 1 3 6 5 1 1 1 1 1 1 1 1 1 |1 1 1 1 1 1 1 5 6 6 1 1 6 1 1 4 1 1 1 1 |6 1 4 1 1 1 1 1 |1 1 1 4 1 1 1 |1 1 1 1 1 1 3 4 1 1 1 1 1 3 1 6 |5 1 1 1 1 1 1 1 1 1 1 1 4 1 |1 1 1 1 1 1 1 1 1 6 1 1 1 1 1 6 |6 1 1 1 1 |1 1 1 1 1 1 1 |1 1 1 1 1 1 6 1 5 1 1 1 1 1 6 |1 1 1 1 1 1 1 1 1 1 1 1 1 1 1 |1 1 1 1 1 1 1 1 1 1 |1 1 1 1 3 |5 1 1 1 1 1 1 1 1 1 1 1 |1 1 1 1 1 1 1 1 1 1 1 6 1 1 1 1 |1 1 1 1 1 1 1 1 |1 1 1 1 1 1 1 1 1 1 6 1 1 1 1 1 1 |3 1 1 4 1 4 1 |1 1 1 1 6 1 1 3 1 6 1 1 1 |1 6 1 1 1 1 6 1 1 5 5 1 1 1 4 1 1 1 1 1 |1 1 1 1 1 1 1 1 1 1 1 1 1 1 1 2 |1 1 1 1 1 1 1 1 1 1 2 1 1 1 |1 1 1 1 1 1 1 1 1 |3 1 1 1 1 1 4 1 1 1 1 1 |6 1 1 6 1 1 1 1 1 1 1 1 1 4 |1 1 1 1 1 1 1 1 1 1 1 1 |1 1 1 1 1 2 1 1 1 1 1 1 1 1 |1 1 1 1 1 1 1 1 1 |1 1 1 1 6 1 1 1 1 1 1 1 1 |1 1 1 1 1 1 1 6 1 1 1 1 1 3 1 1 1 |6 6 1 1 6 1 6 1 1 1 1 1 3 1 1 |5 1 6 1 1 1 1 1 1 |1 5 1 1 1 1 1 1 1 1 1 1 |1 1 1 1 1 4 1 1 1 6 1 1 |1 1 6 1 1 1 1 1 1 1 1 1 6 1 1 6 1 |1 5 1 3 2 1 |1 6 1 6 1 1 1 1 3 1 1 1 1 4 |1 1 1 1 1 1 1 |1 3 1 1 1 |6 1 6 2 5 1 1 1 1 1 1 4 |1 1 1 1 1 1 1 1 1 1 1 1 1 1 6 1 3 1 4 |5 1 1 1 1 1 1 1 1 1 1 6 1 1 1 |1 1 1 1 1 1 6 |1 1 1 2 1 |5 5 5 1 1 1 1 1 6 1 1 1 1 1 1 |1 1 1 1 1 1 1 1 1 |1 1 1 1 6 1 1 1 1 1 1 1 1 6 1 6 1 1 |1 1 1 1 1 1 1 6 |1 1 1 1 6 1 1 1 1 1 1 1 1 1 1 4 1 1 3 |1 1 1 1 1 1 1 1 1 1 1 1 1 2 1 1 1 1 1 |1 5 1 6 1 1 1 1 1 1 1 1 1 |1 1 1 1 1 1 1 1 1 4 1 1 1 1 1 1 |1 1 1 1 1 1 1 |1 1 6 1 1 1 6 6 1 1 1 4 6 6 1 6 1 1 |1 1 1 1 1 1 1 1 4 6 6 1 5 1 1 6 1 1 6 |1 1 3 1 1 1 1 1 6 1 1 1 1 1 1 1 |1 1 1 1 1 1 1 1 1 1 1 1 1 |1 1 4 1 1 |1 1 1 1 1 1 1 1 1 1 1 6 1 4 1 1 |1 1 6 1 1 1 1 1 |realPatrol = 1200|fitness = 1002.5062131611222

第11个BestWave: 
1 1 1 3 6 1 1 6 5 3 1 1 1 1 1 |6 1 1 1 1 1 1 4 6 6 1 1 6 1 1 4 1 1 1 1 |6 1 5 1 1 1 1 1 |1 1 1 1 1 1 1 |1 1 1 1 1 1 1 5 1 1 1 1 1 5 1 6 |1 1 1 1 1 1 1 1 1 1 1 1 6 1 |1 3 1 1 1 1 1 1 1 6 1 1 1 1 1 5 |6 1 1 1 1 |1 1 1 1 1 1 1 |1 1 1 1 1 1 6 1 6 1 1 1 1 1 6 |1 1 1 1 1 1 1 1 1 1 1 1 1 1 1 |1 1 1 1 1 1 1 1 1 1 |1 1 1 1 3 |3 1 1 1 1 1 1 1 1 1 1 1 |1 1 1 1 1 1 1 1 1 1 1 6 1 3 2 1 |1 1 1 1 1 1 1 1 |1 1 1 1 1 1 1 1 1 1 5 1 1 1 1 1 1 |1 1 1 2 1 5 1 |1 1 1 1 6 1 1 1 1 6 1 1 1 |1 6 1 1 1 1 6 1 1 1 4 1 1 1 1 1 1 1 1 1 |1 1 1 1 1 1 1 1 1 1 1 1 1 1 1 1 |1 1 1 1 1 1 1 1 1 1 1 1 1 1 |1 1 1 1 1 1 1 1 1 |3 1 1 1 1 1 5 1 1 1 1 1 |6 1 1 6 1 1 1 1 1 1 1 1 1 4 |1 1 1 1 1 1 1 1 1 1 1 1 |1 1 1 1 1 3 2 1 1 1 1 1 1 1 |1 1 1 1 1 1 1 1 1 |1 1 1 1 6 1 1 1 1 1 1 1 1 |1 1 1 1 1 1 1 6 1 1 1 1 1 1 1 3 1 |6 6 1 1 5 1 6 1 1 1 1 1 1 1 1 |3 1 6 1 1 1 1 1 1 |1 6 1 1 1 1 1 1 1 1 3 1 |1 1 1 1 1 1 1 1 1 6 1 1 |1 1 6 1 1 1 1 1 1 1 1 1 6 1 1 6 1 |1 4 1 4 1 1 |1 6 1 5 1 1 1 1 1 1 3 1 1 5 |1 1 1 1 1 1 1 |1 1 1 1 1 |5 1 6 1 1 1 1 1 2 1 1 5 |1 1 1 1 1 1 1 1 1 1 1 1 1 1 5 1 4 1 3 |5 1 3 1 1 1 1 1 1 1 1 6 1 1 1 |1 1 1 1 1 1 6 |1 1 1 1 1 |6 6 6 1 1 1 4 1 1 1 1 1 1 1 1 |1 1 1 1 1 1 1 1 1 |1 1 1 1 6 1 1 1 1 1 1 1 1 6 1 4 1 1 |1 1 1 1 1 1 1 6 |1 1 1 1 6 1 6 1 3 1 1 1 1 1 1 4 1 1 1 |1 1 1 1 1 1 1 1 1 1 1 1 1 2 1 1 1 1 1 |1 5 1 6 1 1 1 1 1 1 1 1 1 |1 1 1 1 1 1 1 1 1 6 1 1 1 1 1 1 |1 1 1 1 1 1 1 |1 1 6 1 1 1 6 6 1 1 1 6 6 5 1 6 1 1 |1 1 1 1 1 1 1 1 6 6 6 1 6 1 1 6 1 2 6 |1 1 1 1 1 1 1 1 6 1 1 1 1 1 1 1 |1 1 1 1 1 3 1 1 1 1 1 1 1 |1 1 5 1 1 |1 1 1 1 1 4 1 1 1 1 1 6 1 3 1 1 |1 1 6 1 1 1 1 1 |realPatrol = 1200|fitness = 997.4229461036423

第12个BestWave: 
1 1 1 4 6 1 1 4 1 4 1 1 1 1 1 |1 1 1 1 1 1 1 6 6 6 1 1 6 1 1 6 1 1 1 1 |6 1 3 1 1 1 1 1 |1 1 1 1 1 1 1 |1 1 1 1 1 1 5 4 1 1 1 1 1 1 1 6 |1 1 1 1 1 1 1 1 1 1 1 1 6 1 |1 3 1 1 1 1 1 1 1 6 1 1 1 1 1 5 |6 1 1 1 1 |1 1 1 1 1 1 1 |1 1 1 1 1 1 6 1 6 1 1 1 1 1 6 |1 1 1 1 1 1 1 1 1 3 1 1 1 1 1 |1 1 1 1 1 1 1 1 1 1 |1 1 1 1 5 |3 1 1 1 1 1 1 1 1 1 1 1 |1 2 1 1 1 1 1 1 1 1 1 6 1 1 1 1 |1 1 1 1 1 1 1 1 |1 1 1 1 1 1 1 1 1 1 4 1 1 1 1 1 1 |4 1 1 4 1 6 1 |1 1 1 1 6 1 1 1 1 6 1 1 1 |1 6 1 1 1 1 6 1 1 1 3 1 1 1 4 5 1 1 1 1 |1 1 1 1 1 1 1 1 1 1 1 1 1 1 1 3 |1 1 1 1 1 1 1 1 1 1 1 1 1 1 |1 1 1 1 1 1 1 1 1 |3 1 1 1 1 1 5 1 1 1 1 1 |5 1 1 4 1 2 1 1 1 1 1 1 1 3 |1 1 1 1 1 1 1 1 1 1 1 1 |1 1 1 1 1 2 1 1 1 1 1 1 1 1 |1 1 1 1 1 1 1 1 1 |1 1 1 5 6 1 1 1 1 1 1 1 1 |1 1 1 1 1 1 1 1 1 1 1 1 1 1 1 1 1 |6 6 1 1 5 1 6 1 1 1 1 1 1 1 1 |5 1 6 1 1 1 1 4 1 |1 6 1 1 1 1 1 1 1 1 1 1 |1 1 1 1 1 3 1 1 1 6 1 1 |1 1 6 1 1 1 1 1 1 1 1 1 6 1 1 4 1 |1 4 1 3 1 1 |1 6 1 5 1 1 1 5 4 1 3 1 1 3 |1 1 1 1 1 1 1 |1 1 1 1 1 |6 1 6 1 6 1 1 1 3 1 1 3 |1 1 1 1 1 1 1 1 1 1 1 1 1 1 5 1 4 1 1 |3 1 1 1 1 1 1 1 1 1 1 6 1 1 1 |1 1 1 1 1 1 5 |2 1 1 1 1 |6 6 4 1 1 1 1 1 4 1 1 1 1 1 1 |1 1 1 1 1 1 1 1 1 |2 1 1 1 6 1 1 1 1 1 1 1 1 6 1 6 1 1 |1 1 1 1 1 1 1 6 |1 1 1 1 6 1 1 1 5 1 1 1 1 1 1 5 1 1 4 |1 1 1 1 1 1 1 1 1 1 1 1 1 3 1 1 1 1 1 |1 4 1 6 1 1 1 1 1 1 1 1 1 |1 1 1 1 1 1 1 1 1 5 1 1 1 1 1 1 |1 1 1 1 1 1 1 |1 1 4 1 1 1 6 6 1 1 1 5 6 6 1 6 1 1 |1 1 1 1 1 1 1 1 5 6 6 1 6 1 1 6 1 1 6 |1 1 1 1 1 1 1 1 6 1 1 1 1 1 1 1 |1 1 1 1 1 1 1 1 1 1 1 1 1 |1 1 4 1 1 |1 1 1 1 1 4 1 1 1 1 1 6 1 4 1 1 |1 1 6 1 1 1 1 1 |realPatrol = 1200|fitness = 1000.642869456278

第13个BestWave: 
1 1 1 4 6 1 1 1 1 1 1 1 1 1 1 |1 1 1 1 1 1 1 4 6 6 1 1 6 1 1 4 1 1 1 1 |6 1 4 1 1 1 1 1 |1 1 1 1 1 1 1 |1 1 1 1 1 1 1 4 1 1 1 1 1 4 1 1 |4 1 1 1 1 1 1 1 1 1 1 1 5 1 |1 1 1 1 1 1 1 1 1 6 1 1 1 1 1 6 |6 1 1 1 1 |1 1 1 1 1 1 1 |1 1 1 1 1 1 6 1 6 1 1 1 1 1 6 |1 1 1 1 1 1 1 1 1 4 1 1 1 1 1 |1 1 1 1 1 1 1 1 1 1 |1 1 1 1 3 |6 1 1 1 1 1 1 1 1 1 1 1 |1 1 1 1 1 1 1 1 1 1 1 6 1 1 1 1 |1 1 1 1 1 1 1 1 |1 1 4 1 1 1 1 1 1 1 5 1 1 1 1 1 1 |1 1 1 5 1 6 1 |1 1 1 1 6 1 1 3 1 6 1 1 1 |1 6 1 1 1 1 6 1 1 5 1 1 1 1 1 1 1 1 1 1 |1 1 1 1 1 1 1 1 1 1 1 1 1 1 1 3 |1 1 1 1 1 1 1 1 1 1 1 1 1 1 |1 1 1 1 2 1 1 1 1 |6 1 1 1 1 1 5 1 1 1 1 1 |6 1 1 5 1 1 1 1 1 1 1 1 1 4 |1 1 1 1 1 1 1 1 1 1 1 1 |1 1 1 1 1 1 1 1 1 1 1 1 1 1 |1 1 1 1 1 1 1 1 1 |1 1 1 4 6 1 1 1 1 1 1 1 1 |1 1 1 1 1 1 1 6 1 1 1 1 1 1 1 1 1 |6 6 1 1 5 1 6 1 1 1 1 1 5 1 1 |4 1 6 1 1 1 1 4 1 |1 5 1 1 1 1 1 1 1 1 1 1 |1 1 1 1 1 1 1 1 1 6 1 1 |1 1 6 1 1 1 1 1 1 1 1 3 6 1 1 6 1 |1 6 1 1 4 1 |1 6 1 5 1 1 1 1 4 1 1 1 1 1 |1 1 1 1 1 1 1 |1 1 1 1 2 |6 1 6 4 1 1 1 1 1 1 1 4 |1 1 1 1 1 1 1 1 1 1 1 1 1 1 4 1 3 1 3 |4 1 1 1 1 1 1 1 3 1 1 6 1 1 1 |1 1 2 1 1 1 6 |5 1 1 4 1 |6 5 4 1 1 1 1 1 6 1 1 1 1 1 1 |1 1 1 1 1 1 1 1 1 |1 1 1 1 6 1 1 1 1 1 1 1 1 6 1 5 1 1 |1 1 1 1 1 1 1 6 |1 1 1 1 6 1 4 1 1 1 1 1 1 1 1 4 1 4 1 |1 1 1 1 1 1 1 1 1 1 1 1 1 3 1 1 1 1 1 |1 5 1 6 1 1 1 1 1 1 1 1 1 |1 1 1 1 1 1 1 1 1 6 1 1 1 1 1 1 |1 1 1 1 1 1 1 |1 1 6 1 1 1 6 6 1 1 1 4 6 1 1 6 1 1 |1 1 1 1 1 1 1 1 6 6 6 1 6 1 1 6 1 1 6 |1 1 4 1 1 1 1 1 5 1 1 1 1 1 1 1 |1 1 1 1 1 1 1 1 1 1 1 1 1 |1 1 4 1 1 |1 1 1 1 1 1 1 1 1 1 1 6 1 6 1 1 |1 1 6 1 1 1 1 1 |realPatrol = 1200|fitness = 992.7968735046932

第14个BestWave: 
1 1 1 3 6 5 1 6 4 5 1 1 1 1 1 |4 1 2 1 1 1 1 4 6 6 1 1 6 1 1 6 1 1 1 1 |6 1 5 1 1 1 1 1 |1 1 1 1 1 1 1 |1 1 1 1 1 1 3 4 1 1 1 1 1 2 1 1 |3 1 1 1 1 1 1 1 1 1 1 1 5 1 |1 3 1 1 1 1 1 1 1 6 1 1 1 1 1 6 |6 1 1 1 1 |1 1 1 1 1 1 1 |1 1 1 1 1 1 1 1 6 1 1 1 1 1 5 |1 1 1 1 1 1 1 1 1 1 1 1 1 1 1 |1 1 1 1 1 1 1 1 1 1 |1 1 1 1 3 |4 1 1 1 1 1 1 1 1 1 1 1 |1 1 1 1 1 1 1 1 1 1 1 6 1 1 1 1 |1 1 1 1 1 1 1 1 |1 1 2 1 1 1 1 1 1 1 4 1 1 1 1 1 1 |3 1 1 3 1 4 1 |1 1 1 1 6 1 1 1 1 6 1 1 1 |1 6 1 1 1 1 6 1 1 4 6 1 1 1 2 1 1 1 1 1 |1 1 1 1 1 1 1 1 1 1 1 1 1 1 1 5 |1 1 1 1 1 1 1 1 1 1 1 1 1 1 |1 1 1 1 1 1 1 1 1 |4 1 1 1 1 1 6 1 4 1 1 1 |1 1 1 6 1 1 1 1 1 1 1 1 1 4 |1 1 1 1 1 1 1 1 1 1 1 1 |1 1 1 1 1 1 1 1 1 1 1 1 1 1 |1 1 1 1 1 1 1 1 1 |1 1 1 6 6 1 1 1 1 1 1 1 1 |1 1 1 1 1 1 1 1 1 1 1 1 1 1 1 1 1 |6 6 1 1 4 1 6 1 1 1 1 1 1 1 1 |2 1 6 1 1 1 1 3 1 |1 6 1 1 1 1 1 1 1 1 1 1 |1 1 1 1 1 1 1 1 1 6 1 1 |1 1 6 1 1 1 1 1 1 1 1 4 6 1 1 6 1 |1 4 1 3 1 1 |1 6 1 6 1 1 1 1 1 1 4 1 1 3 |1 1 1 1 1 1 1 |1 1 1 1 1 |5 1 5 3 5 1 1 1 3 1 1 1 |1 1 1 1 1 1 1 1 1 1 1 1 1 1 6 1 4 1 5 |3 1 1 1 1 1 1 1 1 1 1 6 1 1 1 |1 3 1 1 1 1 6 |1 1 1 1 1 |6 6 3 1 1 1 1 1 6 1 1 1 1 1 1 |1 1 1 1 1 1 1 1 1 |1 1 1 1 6 1 1 1 1 1 1 1 1 6 1 4 1 1 |1 1 1 1 1 1 1 6 |1 1 1 1 6 1 1 1 4 1 1 1 1 1 1 4 1 6 3 |1 1 1 1 1 1 1 1 1 1 1 1 1 1 1 1 1 1 1 |1 5 1 6 1 2 1 1 1 1 1 1 1 |1 4 1 1 1 1 1 1 1 6 1 1 1 1 3 1 |1 1 1 1 1 1 1 |1 1 6 1 1 1 6 6 1 1 1 4 6 5 1 6 1 1 |1 1 1 1 1 1 1 1 1 6 6 1 6 1 1 6 1 1 6 |1 1 1 1 1 1 1 1 6 1 1 1 1 1 1 1 |1 1 1 1 1 1 1 1 1 1 1 1 1 |1 3 4 1 1 |1 1 1 1 1 1 1 1 1 1 1 6 1 5 1 1 |1 1 6 1 1 1 1 1 |realPatrol = 1200|fitness = 1000.4594996739531

第15个BestWave: 
1 1 1 5 6 5 1 5 4 1 1 1 1 1 1 |4 1 1 1 1 1 1 4 6 6 3 1 6 1 1 4 1 1 1 1 |6 1 5 1 1 1 1 1 |1 1 1 1 1 1 1 |1 1 1 1 1 1 4 5 1 1 1 1 1 3 1 6 |1 1 1 1 1 1 1 1 1 1 1 1 1 1 |1 4 1 1 1 1 1 1 1 6 1 1 1 1 1 6 |6 1 1 1 1 |1 1 1 1 1 1 1 |1 1 1 1 1 1 6 1 6 1 1 1 1 1 5 |1 1 1 1 1 1 1 1 1 1 1 1 1 1 1 |1 1 1 1 1 1 1 1 1 1 |1 1 1 1 1 |1 1 1 1 1 1 1 1 1 1 1 1 |1 1 1 1 1 1 1 1 1 1 1 6 1 1 1 1 |1 1 1 1 1 1 1 1 |1 1 1 1 1 1 1 1 1 1 5 1 1 1 1 1 1 |4 1 1 5 1 6 1 |1 1 1 1 5 1 1 4 1 6 1 1 1 |1 6 1 1 1 1 6 1 1 5 3 1 1 1 1 1 1 1 1 1 |1 1 1 1 1 1 1 1 1 1 1 1 5 1 1 1 |1 1 1 1 1 1 1 1 1 1 1 1 1 1 |1 1 1 1 1 1 1 1 1 |5 1 1 1 1 1 4 1 1 1 1 1 |4 1 1 5 1 1 1 1 1 1 1 1 1 3 |1 1 1 1 1 1 1 1 1 1 1 1 |1 1 1 1 1 3 1 1 1 1 1 1 1 1 |1 1 1 1 1 1 1 1 1 |1 1 1 1 6 1 1 1 1 1 1 1 1 |1 1 1 1 1 1 1 6 1 1 1 1 1 1 1 1 1 |6 6 1 1 1 1 6 1 1 1 1 1 1 1 1 |4 1 6 1 1 1 1 3 1 |1 6 1 1 1 1 1 1 1 1 4 1 |1 1 1 1 1 4 1 1 1 6 1 1 |1 1 6 1 1 1 1 1 1 1 1 1 6 1 1 6 1 |1 4 1 3 4 3 |1 6 1 4 1 1 1 1 1 1 1 1 1 3 |1 1 1 1 1 1 1 |1 1 1 1 1 |6 1 6 1 4 1 1 1 3 1 1 1 |1 1 1 1 1 1 1 1 1 1 1 1 1 1 6 1 5 1 3 |5 1 1 1 1 1 1 1 1 1 1 6 1 1 1 |1 1 1 1 1 1 6 |1 1 1 1 1 |6 4 5 1 1 1 1 1 6 1 1 1 1 1 1 |1 1 1 1 2 1 1 1 1 |1 1 1 1 6 1 1 1 1 1 1 1 1 6 1 5 1 1 |1 1 1 1 1 1 1 6 |1 1 1 1 6 1 1 1 5 1 1 1 1 1 1 6 1 3 1 |1 1 1 1 1 1 1 1 1 1 1 1 1 3 1 1 1 1 1 |1 4 1 4 1 1 1 1 1 1 1 1 1 |1 3 1 1 1 1 1 1 1 6 1 1 1 1 1 1 |1 1 1 1 1 1 1 |1 1 6 1 1 1 6 6 1 1 1 4 6 4 1 6 1 1 |1 1 1 1 1 1 1 1 6 6 6 1 5 1 1 6 1 1 6 |1 1 6 1 1 1 1 1 6 1 1 1 1 1 1 1 |1 1 1 1 1 1 1 1 1 1 1 1 1 |1 1 5 1 1 |1 1 1 1 1 1 1 1 1 1 1 6 1 1 1 1 |1 1 6 1 1 1 1 1 |realPatrol = 1200|fitness = 992.8772693163025

第16个BestWave: 
1 1 2 3 6 1 1 3 3 3 1 1 1 1 1 |3 1 1 1 1 1 1 5 6 6 4 1 6 1 2 3 1 1 1 1 |6 1 4 1 1 1 1 1 |1 1 1 3 1 1 1 |1 1 1 1 1 1 5 4 1 1 1 1 1 3 1 6 |4 1 1 1 1 1 1 1 1 1 1 1 5 1 |1 4 1 1 1 1 1 1 1 5 1 1 1 1 1 6 |6 1 1 1 1 |1 1 1 1 1 1 1 |1 1 1 1 1 1 4 1 6 1 1 1 1 1 6 |1 1 1 1 3 1 1 1 1 1 1 1 1 1 1 |1 1 1 1 1 1 1 1 1 1 |1 1 1 1 3 |1 1 1 1 1 1 1 1 1 1 1 1 |1 1 1 1 1 1 1 1 1 1 1 6 1 1 1 1 |1 1 1 1 1 1 1 1 |1 1 2 1 1 1 1 1 1 1 4 1 1 1 1 1 1 |3 1 1 4 1 4 1 |1 1 1 1 6 1 1 1 1 6 1 1 1 |1 6 1 1 1 1 5 1 1 3 5 1 1 1 2 4 1 1 1 1 |1 1 1 1 1 1 1 1 1 1 1 1 3 1 1 3 |1 1 1 1 1 1 1 1 1 1 1 1 1 1 |1 1 1 1 1 1 1 1 1 |1 1 1 1 1 1 4 1 1 1 1 1 |6 1 1 6 1 1 1 1 1 1 1 1 1 5 |1 1 1 1 1 1 1 1 1 1 1 1 |1 1 1 1 1 2 1 1 1 1 1 1 1 1 |1 1 1 1 1 1 1 1 1 |1 1 1 1 6 1 1 1 1 1 1 1 1 |1 1 1 1 1 1 1 6 1 1 1 1 1 3 1 1 1 |6 6 1 1 5 1 6 1 1 1 1 1 1 1 1 |3 1 6 1 1 1 1 4 1 |1 3 1 1 1 1 1 1 1 1 1 1 |1 1 1 1 1 1 1 1 1 6 1 1 |1 1 6 1 1 1 1 1 1 1 1 2 6 1 1 6 1 |1 4 1 3 4 2 |1 6 1 1 1 1 1 1 1 1 3 1 1 2 |1 1 1 1 2 1 1 |1 1 1 1 1 |5 1 6 3 2 1 1 1 2 1 1 3 |1 1 1 1 1 1 1 1 1 1 1 1 1 1 5 1 3 1 3 |3 1 2 1 1 1 1 1 1 1 1 6 1 1 1 |1 1 1 1 1 1 6 |1 1 1 2 1 |6 6 4 1 1 1 1 1 6 1 1 1 1 1 1 |1 1 1 1 3 1 1 1 1 |1 2 1 1 6 1 1 1 1 1 1 1 1 6 1 5 1 1 |1 1 1 1 1 1 1 6 |1 1 1 1 6 1 4 1 4 1 1 1 1 1 1 3 1 4 1 |1 1 1 1 1 1 1 1 1 1 1 1 1 4 1 1 1 1 1 |1 4 1 5 1 1 1 1 1 1 1 1 1 |1 1 1 1 1 1 1 1 1 6 1 1 1 1 3 1 |1 1 1 1 1 1 1 |1 1 6 1 1 1 6 6 1 1 1 4 6 6 2 6 1 1 |1 1 1 1 1 1 1 1 1 6 6 1 6 1 1 6 1 3 6 |1 1 1 1 1 1 1 1 6 1 1 1 1 1 1 1 |1 1 1 1 1 1 1 1 1 1 1 1 1 |1 2 5 1 1 |1 1 1 1 1 2 1 1 1 1 1 6 1 3 1 1 |1 1 6 1 1 1 1 1 |realPatrol = 1200|fitness = 1003.5131443575851

第17个BestWave: 
1 1 2 5 6 6 1 1 3 1 1 1 1 1 1 |1 1 1 1 1 1 1 5 1 6 2 1 6 1 1 6 1 1 1 1 |6 1 1 1 1 1 1 1 |1 1 1 1 1 1 1 |1 1 1 1 1 1 1 3 1 1 1 1 1 5 1 6 |4 1 1 1 1 1 1 1 1 1 1 1 4 1 |1 5 1 1 1 1 1 1 1 6 1 1 1 1 1 6 |6 1 1 1 1 |1 1 1 1 1 1 1 |1 1 1 1 1 1 5 1 6 1 1 1 1 1 6 |1 1 1 1 1 1 1 1 1 1 1 1 1 1 1 |1 1 1 1 1 1 1 1 1 1 |1 1 1 1 3 |6 1 1 1 1 1 1 1 1 1 1 1 |1 1 1 1 1 1 1 1 1 1 1 5 1 1 4 1 |1 1 1 1 1 1 1 1 |1 1 1 1 1 1 1 1 1 1 6 1 1 1 1 1 1 |1 1 1 4 1 6 1 |1 1 1 1 6 1 1 3 1 6 1 1 1 |1 6 1 1 1 1 6 1 1 3 6 1 1 1 2 4 1 1 1 1 |1 1 1 1 5 1 1 1 1 1 1 1 1 1 1 3 |1 1 1 1 1 1 1 1 1 1 1 1 1 1 |1 1 1 1 1 1 1 1 1 |1 1 1 1 1 1 5 1 1 1 1 1 |6 1 1 5 1 1 1 1 1 1 1 1 1 4 |1 1 1 1 1 1 1 1 1 1 1 1 |1 1 1 1 1 1 1 1 1 1 1 1 1 1 |1 1 1 1 1 1 1 1 1 |1 1 1 1 6 1 1 1 1 1 1 1 1 |1 1 1 1 1 1 1 6 1 1 1 1 1 1 1 1 1 |6 6 1 1 6 1 6 1 1 1 1 1 5 1 1 |1 1 6 1 1 1 1 5 1 |1 6 1 1 1 1 1 1 1 1 1 1 |1 1 1 1 1 4 1 1 1 6 1 1 |1 1 6 1 1 1 1 1 1 1 1 1 1 1 1 6 1 |1 4 1 4 4 1 |1 6 1 5 1 1 1 1 1 1 1 1 1 1 |2 1 1 1 1 1 1 |1 1 1 1 1 |6 1 6 4 5 1 1 1 1 1 1 3 |1 1 1 1 1 1 1 1 1 1 1 1 1 1 6 1 3 1 3 |1 1 1 1 1 1 1 1 1 1 4 6 1 1 1 |1 1 1 1 1 1 4 |1 1 1 1 1 |6 5 3 1 1 1 1 1 6 1 1 1 1 1 1 |1 1 1 1 1 1 1 1 1 |1 1 1 1 6 1 1 1 1 1 1 1 1 6 1 5 1 1 |1 1 1 1 1 1 1 6 |1 1 1 1 6 1 4 1 4 1 1 1 1 1 1 6 1 3 3 |1 1 1 1 1 1 1 1 1 1 1 1 1 1 1 1 1 1 1 |1 5 1 6 1 1 1 1 1 1 1 1 1 |1 1 1 1 1 1 1 1 1 6 1 1 1 1 1 1 |1 1 1 1 1 1 1 |1 1 6 1 1 1 6 6 1 1 1 4 6 6 1 4 1 1 |1 1 1 1 1 1 1 1 6 6 6 1 5 1 1 6 1 1 6 |1 1 1 1 1 1 1 1 6 1 1 1 1 1 1 1 |1 1 1 1 1 1 1 1 1 1 1 1 1 |1 1 4 1 1 |1 1 1 1 1 1 1 1 1 1 1 6 1 6 1 1 |1 1 6 1 1 1 1 1 |realPatrol = 1200|fitness = 998.6500125254915

第18个BestWave: 
1 1 1 5 6 1 1 1 5 2 1 1 1 1 1 |3 1 1 1 1 1 1 1 6 6 1 1 6 1 1 4 1 1 1 1 |6 1 1 1 1 1 1 1 |1 1 1 1 1 1 1 |1 1 1 1 1 1 6 5 1 1 1 1 1 5 1 1 |1 1 1 1 1 1 1 1 1 1 1 1 4 1 |1 5 1 1 1 1 1 2 1 6 1 1 1 1 1 6 |6 1 1 1 1 |1 1 1 1 1 1 1 |1 1 1 1 1 1 6 1 6 1 1 1 1 1 6 |1 1 1 1 1 1 1 1 1 1 1 1 1 1 1 |1 1 1 1 1 1 1 1 1 1 |1 1 1 1 4 |1 1 1 1 1 1 1 1 1 1 1 1 |1 1 1 1 1 1 1 1 1 1 1 6 1 1 5 1 |1 1 1 1 1 1 1 1 |1 1 1 1 1 1 1 1 1 1 5 1 1 1 1 1 1 |1 1 1 5 1 1 1 |1 1 1 1 6 1 1 2 1 6 1 1 1 |1 6 1 3 1 1 6 1 1 4 6 1 1 1 1 3 1 1 1 1 |1 1 1 1 1 1 1 1 1 1 1 1 1 1 1 3 |1 1 1 1 1 1 1 1 1 1 1 1 1 1 |1 1 1 1 1 1 1 1 1 |5 1 1 1 1 1 5 1 2 1 1 1 |6 1 1 6 1 1 1 1 1 1 1 1 1 5 |1 1 1 1 1 1 1 1 1 1 1 1 |1 1 1 1 1 1 1 1 1 1 1 1 1 1 |1 1 1 1 1 1 1 1 1 |1 1 1 1 6 1 1 1 1 1 1 1 1 |1 1 1 1 1 1 1 1 1 1 1 1 1 4 1 1 1 |6 6 1 1 6 1 6 1 1 1 1 1 1 1 1 |5 1 6 1 1 1 1 3 1 |1 5 1 1 1 1 1 1 1 1 1 1 |1 1 1 1 1 1 1 3 1 6 1 1 |1 1 1 1 1 1 1 1 1 1 1 1 6 1 1 6 1 |1 5 1 6 4 1 |1 6 1 6 1 1 1 1 1 1 3 1 1 4 |1 1 1 1 1 1 1 |1 1 1 1 1 |6 1 6 5 5 1 1 1 1 1 1 1 |1 1 1 1 1 1 1 1 1 1 1 1 1 1 4 1 4 1 4 |5 1 1 1 1 1 1 1 1 1 4 5 1 1 1 |1 1 1 1 1 1 6 |1 1 1 1 1 |6 5 4 1 1 1 3 1 5 1 1 1 1 1 1 |1 1 1 1 1 1 1 1 1 |1 1 1 1 6 1 1 1 1 1 1 1 1 6 1 3 1 1 |1 1 1 1 1 1 1 6 |1 1 1 1 6 1 1 1 6 1 1 1 1 1 1 5 1 3 3 |1 1 1 1 1 1 1 1 1 1 1 1 1 3 1 1 1 1 1 |1 5 1 5 1 1 1 1 1 1 1 1 1 |1 2 1 1 1 1 1 1 1 6 1 1 1 1 1 1 |1 1 1 1 1 1 1 |1 1 6 1 1 1 6 6 1 1 1 3 6 5 1 6 1 1 |1 1 1 1 1 1 1 1 6 6 6 1 6 1 1 6 1 2 6 |1 1 1 1 1 1 1 1 5 1 1 1 1 1 1 1 |1 1 1 1 1 3 1 1 1 1 1 1 1 |1 1 6 1 1 |1 1 1 1 1 1 1 1 1 1 1 6 1 1 1 1 |1 1 6 1 1 1 1 1 |realPatrol = 1200|fitness = 996.0106943246648

第19个BestWave: 
1 1 1 4 6 1 1 1 1 1 1 1 1 1 1 |4 1 1 1 1 1 1 4 6 6 1 1 6 1 1 6 1 1 1 1 |6 1 5 1 1 1 1 1 |1 1 1 4 1 1 1 |1 1 1 1 1 1 5 4 1 1 1 1 1 4 1 6 |1 1 1 1 1 1 1 1 1 1 1 1 5 1 |1 3 1 1 1 1 1 1 1 6 1 1 1 1 1 6 |6 1 1 1 1 |1 1 1 1 1 1 1 |1 1 1 1 1 1 6 1 6 1 1 1 1 1 6 |1 1 1 2 1 1 1 1 1 1 1 1 1 1 1 |1 1 1 1 1 1 1 1 1 1 |1 1 1 1 2 |1 1 1 1 1 1 1 1 1 1 1 1 |1 1 1 1 1 1 1 1 1 1 1 6 1 1 3 1 |1 1 1 1 1 1 1 1 |1 1 1 1 1 1 1 1 1 1 4 1 1 1 1 1 1 |1 1 1 3 1 3 1 |1 1 1 1 6 1 1 1 1 6 1 1 1 |1 6 1 1 1 1 6 1 1 3 5 1 1 1 1 3 1 1 1 1 |1 1 1 1 1 1 1 1 1 1 1 1 1 1 1 4 |1 1 1 1 1 1 1 1 1 1 1 1 1 1 |1 1 1 1 1 1 1 1 1 |6 1 1 1 1 1 5 1 1 1 1 1 |6 1 1 6 1 1 1 1 1 1 1 1 1 4 |1 1 1 1 1 1 1 1 1 1 1 1 |1 1 1 1 1 3 1 1 1 1 1 1 1 1 |1 1 1 1 1 1 1 1 1 |1 1 1 1 6 1 1 1 1 1 1 1 1 |1 1 1 1 1 1 1 6 1 1 1 1 1 3 1 1 1 |6 6 1 1 4 1 6 1 1 1 1 1 1 1 1 |1 1 6 1 1 1 1 4 1 |1 6 1 1 1 1 1 1 1 1 1 1 |1 1 1 1 1 1 1 1 1 6 1 1 |1 1 6 1 1 1 1 1 1 1 1 1 6 1 1 6 1 |1 4 1 3 3 3 |1 6 1 4 1 1 1 4 1 1 4 1 1 2 |1 1 1 1 1 1 1 |1 1 1 1 1 |6 1 6 3 4 1 1 1 1 1 1 2 |1 1 1 1 1 1 1 1 1 1 1 1 1 1 5 1 3 1 4 |5 1 1 1 1 1 1 1 1 1 4 6 1 1 1 |1 1 1 1 1 1 6 |4 1 1 1 1 |6 6 1 1 1 1 1 1 6 1 1 1 1 1 1 |1 1 1 1 3 1 1 1 1 |1 3 1 1 6 1 1 1 1 1 1 1 1 6 1 4 1 1 |1 1 1 1 1 1 1 6 |1 1 1 1 6 1 4 1 1 1 1 1 1 1 1 4 1 1 3 |1 1 1 1 1 1 1 1 1 1 1 1 1 1 1 1 1 1 1 |1 4 1 6 1 1 1 1 1 1 1 1 1 |1 3 1 1 1 1 1 1 1 6 1 1 1 1 3 1 |1 1 1 1 1 1 1 |1 1 6 1 1 1 6 6 1 1 1 5 6 6 1 6 1 1 |1 1 1 1 1 1 1 1 1 6 6 1 6 1 1 6 1 1 6 |1 1 1 1 1 1 1 1 5 1 1 1 1 1 1 1 |1 1 1 1 1 1 1 1 1 1 1 1 1 |1 1 4 1 1 |1 1 1 1 1 4 1 1 1 1 1 6 1 5 1 1 |1 1 6 1 1 1 1 1 |realPatrol = 1200|fitness = 1000.2313399492427

第20个BestWave: 
1 1 1 5 6 3 1 1 4 1 1 1 1 1 1 |4 1 1 1 1 1 1 1 5 6 3 1 6 1 1 5 1 1 1 1 |6 1 4 1 1 1 1 1 |1 1 1 2 1 1 1 |1 1 1 1 1 1 4 4 1 1 1 1 1 3 1 6 |1 1 1 1 1 1 1 1 1 1 1 1 4 1 |1 5 1 1 1 1 1 1 1 6 1 1 1 1 1 6 |6 1 1 1 1 |1 1 1 1 1 1 1 |1 1 1 1 1 1 6 1 6 1 1 1 1 1 6 |1 1 1 1 1 1 3 1 1 1 1 1 1 1 1 |1 1 1 1 1 1 1 1 1 1 |1 1 1 1 4 |4 1 1 1 1 1 1 1 1 1 1 1 |1 1 1 1 1 1 1 1 1 1 1 6 1 1 1 1 |1 1 1 1 1 1 1 1 |1 1 1 1 1 1 1 1 1 1 4 1 1 1 1 1 1 |3 1 1 3 1 5 1 |1 1 1 1 5 1 1 1 1 6 1 1 1 |1 6 1 1 1 1 5 1 1 2 6 1 1 1 3 1 1 1 1 1 |1 1 1 1 4 1 1 1 1 1 1 1 1 1 1 3 |1 1 1 1 1 1 1 1 1 1 1 1 1 1 |1 1 1 1 1 1 1 1 1 |1 1 1 1 1 1 5 1 1 1 1 1 |6 1 1 6 1 1 1 1 1 1 1 1 1 6 |1 1 1 1 1 1 1 1 1 1 1 1 |1 1 1 1 1 4 1 1 1 1 1 1 1 1 |1 1 1 1 1 1 1 1 1 |1 1 1 6 6 1 1 1 1 1 1 1 1 |1 1 1 1 1 1 1 6 1 1 1 1 1 1 1 1 1 |6 6 1 1 5 1 6 1 1 1 1 1 1 1 1 |5 1 5 1 1 1 1 1 1 |1 4 1 1 1 1 1 1 1 1 1 1 |1 1 1 1 1 1 1 1 1 6 1 1 |1 1 6 1 1 1 1 1 1 1 1 1 1 1 1 6 1 |1 5 1 5 4 1 |1 6 1 6 1 1 1 1 1 1 1 1 1 1 |1 1 1 1 1 1 1 |1 1 1 1 1 |6 1 6 3 5 1 1 1 1 1 1 4 |1 1 1 1 1 1 1 1 1 1 1 1 1 1 6 1 3 1 3 |6 1 1 1 1 1 1 1 1 1 1 6 1 1 1 |1 1 1 1 1 1 6 |1 1 1 1 1 |6 6 5 1 1 1 1 1 5 1 1 1 1 1 1 |1 1 1 1 1 1 1 1 1 |1 1 1 1 6 1 1 1 1 1 1 1 1 6 1 3 1 1 |1 1 1 1 1 1 1 6 |1 1 1 1 6 1 1 1 5 1 1 1 1 1 1 4 1 3 3 |1 1 1 1 1 1 1 1 1 1 1 1 1 3 1 1 1 1 1 |1 4 1 6 1 1 1 1 1 1 1 1 1 |1 1 1 1 1 1 1 1 1 6 1 1 1 1 1 1 |1 1 1 1 1 1 1 |1 1 6 1 1 1 6 6 1 1 1 5 6 6 1 6 1 1 |1 1 1 1 1 1 1 1 6 6 6 1 6 1 1 6 1 1 6 |1 1 1 1 1 1 1 1 6 1 1 1 1 1 1 1 |1 1 1 1 1 1 1 1 1 1 1 1 1 |1 1 3 1 1 |1 1 1 1 1 5 1 1 1 1 1 4 1 5 1 1 |1 1 6 1 1 1 1 1 |realPatrol = 1200|fitness = 1000.5163365672952

第21个BestWave: 
1 1 1 3 6 4 1 4 3 1 1 1 1 1 1 |4 1 1 1 1 1 1 5 6 6 1 1 6 1 1 4 1 1 1 1 |6 1 4 1 1 1 1 1 |1 1 1 1 1 1 1 |1 1 1 1 1 1 4 5 1 1 1 1 1 3 1 6 |4 1 1 1 1 1 1 1 1 1 1 1 4 1 |1 4 1 1 1 1 1 1 1 6 1 1 1 1 1 6 |6 1 1 1 1 |1 1 1 1 1 1 1 |1 1 1 1 1 1 6 1 6 1 1 1 1 1 6 |1 1 1 1 3 1 1 1 1 1 1 1 1 1 1 |1 1 1 1 1 1 1 1 1 1 |1 1 1 1 3 |4 1 1 1 1 1 1 1 1 1 1 1 |1 1 1 1 1 1 1 1 1 1 1 6 1 1 1 1 |1 1 1 1 1 1 1 1 |1 1 1 1 1 1 1 1 1 1 5 1 1 1 1 1 1 |4 1 1 2 1 3 1 |1 1 1 1 6 1 1 1 1 6 1 1 1 |1 6 1 1 1 1 5 1 1 3 4 2 1 1 1 1 1 1 1 1 |1 1 1 1 1 1 1 1 1 1 1 1 1 1 1 3 |1 1 1 1 1 1 1 1 1 1 1 1 1 1 |1 1 1 1 1 1 1 1 1 |4 1 1 1 1 1 5 1 1 1 1 1 |6 1 1 6 1 1 1 1 1 1 1 1 1 5 |1 1 1 1 1 1 1 1 1 1 1 1 |1 1 1 1 1 2 2 1 1 1 1 1 1 1 |1 1 1 1 1 1 1 1 1 |1 1 1 1 6 1 1 1 1 1 1 1 1 |1 1 1 1 1 1 1 5 1 1 1 1 1 3 1 1 1 |5 6 1 1 5 1 6 1 1 1 1 1 1 1 1 |4 1 6 1 1 1 1 3 1 |1 5 1 1 1 1 1 1 1 1 1 1 |1 1 1 1 1 1 1 1 1 6 1 1 |1 1 5 1 1 1 1 1 1 1 1 1 6 1 1 6 1 |1 4 1 3 3 1 |1 5 1 6 1 1 1 5 1 1 4 1 1 1 |1 1 1 1 1 1 1 |1 1 1 1 1 |6 1 6 3 4 1 1 1 1 1 1 4 |1 1 1 1 1 1 1 1 1 1 1 1 1 1 5 1 4 1 1 |6 1 1 1 1 1 1 1 1 1 3 6 1 1 1 |1 1 1 1 1 1 6 |3 1 1 1 1 |6 6 1 1 1 1 1 1 6 1 1 1 1 1 1 |1 1 1 1 3 1 1 1 1 |1 1 1 1 6 1 1 1 1 1 1 1 1 6 1 4 1 1 |1 1 1 1 1 1 1 6 |1 1 1 1 6 1 4 1 3 1 1 1 1 1 1 4 1 1 1 |1 1 1 1 1 1 1 1 1 1 1 1 1 5 1 1 1 1 1 |1 4 1 6 1 1 1 1 1 1 1 1 1 |1 3 1 1 1 1 1 1 1 6 1 1 1 1 2 1 |1 1 1 1 1 1 1 |1 1 6 1 1 1 6 6 1 1 1 4 6 5 1 6 1 1 |1 1 1 1 1 1 2 1 6 6 6 1 5 1 1 6 1 2 6 |1 1 1 1 1 1 1 1 6 1 1 1 1 1 1 1 |1 1 1 1 1 1 1 1 1 1 1 1 1 |1 1 3 1 1 |1 1 1 1 1 1 1 1 1 1 1 6 1 1 1 1 |1 1 6 1 1 1 1 1 |realPatrol = 1200|fitness = 1000.0794869741253

第22个BestWave: 
1 1 1 5 6 5 1 1 4 4 1 1 1 1 1 |3 1 1 1 1 1 1 3 6 6 3 1 6 1 1 5 1 1 1 1 |6 1 4 1 1 1 1 1 |1 1 1 1 1 1 1 |1 1 1 1 1 1 4 4 1 1 1 1 1 3 1 6 |3 1 1 1 1 1 1 2 1 1 1 1 5 1 |1 4 1 1 1 1 1 1 1 6 1 1 1 1 1 6 |6 1 1 1 1 |1 1 1 1 1 1 1 |1 1 1 1 1 1 6 1 6 1 1 1 1 1 6 |1 1 1 1 3 1 1 1 1 1 1 1 1 1 1 |1 1 1 1 1 1 1 1 1 1 |1 1 1 1 3 |5 1 1 1 1 1 1 1 1 1 1 1 |1 1 1 1 1 1 1 1 1 1 1 6 1 3 1 1 |1 1 1 1 1 1 1 1 |1 1 1 1 1 1 1 1 1 1 4 1 1 1 1 1 1 |3 1 1 3 1 4 1 |1 1 1 1 6 1 1 1 1 6 1 1 1 |1 6 1 2 1 1 5 1 1 1 5 1 1 1 2 4 1 1 1 1 |1 1 1 1 1 1 1 1 1 1 1 1 1 1 1 3 |1 1 1 1 1 1 1 1 1 1 2 1 1 1 |1 1 1 1 1 1 1 1 1 |3 1 3 1 1 1 3 1 1 1 1 1 |6 1 1 6 1 1 1 1 1 1 1 1 1 4 |1 1 1 1 1 1 1 1 1 1 1 1 |1 1 1 1 1 3 1 1 1 1 2 1 1 1 |2 1 1 1 1 1 1 1 1 |1 1 1 1 6 1 1 1 1 1 1 1 1 |1 1 1 1 1 1 1 6 1 1 1 1 1 2 1 1 1 |6 6 1 1 1 1 6 1 1 1 1 1 1 1 1 |2 1 5 1 1 1 1 1 1 |1 5 1 1 1 1 1 1 1 1 2 1 |1 1 1 1 1 1 1 1 1 6 1 1 |1 1 6 1 1 1 1 1 1 1 1 1 6 1 1 6 1 |1 5 1 3 3 1 |1 6 1 4 1 1 1 1 3 1 3 1 1 1 |1 1 1 1 1 1 1 |1 1 1 1 1 |6 1 6 3 5 1 1 1 1 1 1 5 |1 1 1 1 1 1 1 1 1 1 1 1 1 1 5 1 4 1 1 |4 1 1 1 1 1 1 1 3 1 1 6 1 1 1 |1 1 1 1 1 1 6 |3 1 1 2 1 |6 4 1 1 1 1 1 1 6 1 1 1 1 1 1 |1 1 1 1 1 1 1 1 1 |1 1 1 1 6 1 1 1 1 1 1 1 1 6 1 4 1 1 |1 1 1 1 1 1 1 6 |1 1 1 1 6 1 1 1 5 1 1 1 1 1 1 5 1 3 1 |1 1 1 1 1 1 1 1 1 1 1 1 1 4 1 1 1 1 1 |1 5 1 6 1 1 1 1 1 1 1 1 1 |1 1 1 1 1 1 1 1 1 4 1 1 1 1 1 1 |1 1 1 1 1 1 1 |1 1 6 1 1 1 6 6 1 1 1 4 6 1 1 6 1 1 |1 1 1 1 1 1 1 1 6 6 6 1 6 1 1 6 1 3 6 |1 1 3 1 1 1 1 1 6 1 1 1 1 1 1 1 |1 1 1 1 1 1 1 1 1 1 1 1 1 |1 1 4 1 1 |1 1 1 1 1 3 1 1 1 1 1 6 1 3 1 1 |1 1 6 1 1 1 1 1 |realPatrol = 1200|fitness = 1000.6670956401349

第23个BestWave: 
1 1 1 5 6 1 1 1 1 3 1 1 1 1 1 |6 1 1 1 1 1 1 1 5 6 1 1 6 1 1 4 1 1 1 1 |6 1 5 1 1 1 1 1 |1 1 1 1 1 1 1 |1 1 1 1 1 1 4 6 1 1 1 1 1 4 1 5 |4 1 1 1 1 1 1 1 1 1 1 1 3 1 |1 4 1 1 1 1 1 1 1 5 1 1 1 1 1 6 |6 1 1 1 1 |1 1 1 1 1 1 1 |1 1 1 1 1 1 6 1 6 1 1 1 1 1 5 |1 1 1 1 3 1 1 1 1 1 1 1 1 1 1 |1 1 1 1 1 1 1 1 1 1 |1 1 1 1 1 |6 1 1 1 1 1 1 1 1 1 1 1 |1 3 1 1 1 1 1 1 1 1 1 6 1 1 1 1 |1 1 1 1 1 1 1 1 |1 1 3 1 1 1 1 1 1 1 5 1 1 1 1 1 1 |3 1 1 1 1 3 1 |1 1 1 1 6 1 1 1 1 6 1 1 1 |1 5 1 1 1 1 5 1 1 3 5 2 1 1 5 1 1 1 1 1 |1 1 1 1 1 1 1 1 1 1 1 1 3 1 1 4 |1 1 1 1 1 1 1 1 1 1 1 1 1 1 |1 1 1 1 1 1 1 1 1 |3 1 1 1 1 1 5 1 2 1 1 1 |5 1 1 5 1 2 1 1 1 1 1 1 1 4 |1 1 1 1 1 1 1 1 1 1 1 1 |1 1 1 1 1 3 1 1 1 1 1 1 1 1 |1 1 1 1 1 1 1 1 1 |1 1 1 1 6 1 1 1 1 1 1 1 1 |1 1 1 1 1 1 1 6 1 1 1 1 1 1 1 1 1 |6 6 1 1 6 1 6 1 1 1 1 1 1 1 1 |1 1 6 1 1 1 1 1 1 |1 5 1 1 1 1 1 1 1 1 1 1 |1 1 1 1 1 1 1 1 1 6 1 1 |1 1 6 1 1 1 1 1 1 1 1 1 5 1 1 6 1 |1 4 1 5 1 1 |1 5 1 5 1 1 1 4 1 1 3 1 1 1 |1 1 1 1 1 1 1 |1 1 1 1 1 |6 1 6 1 5 1 1 1 1 1 1 1 |1 1 1 1 1 1 1 1 1 1 1 1 1 1 6 1 3 1 3 |3 1 1 1 1 1 1 1 1 1 1 6 1 1 1 |1 2 1 1 1 1 6 |1 1 1 1 1 |6 5 3 1 1 1 1 1 5 1 1 1 1 1 1 |1 1 1 1 2 1 1 1 1 |1 1 1 1 6 1 1 1 1 1 1 1 1 6 1 5 1 1 |1 1 1 1 1 1 1 6 |1 1 1 1 6 1 3 1 3 1 1 1 1 1 1 5 1 4 3 |1 1 1 1 1 1 1 1 1 1 1 1 1 1 1 1 1 1 1 |1 5 1 6 1 1 1 1 1 1 1 1 1 |1 1 1 1 1 1 1 1 1 6 1 1 1 1 3 1 |1 1 1 1 1 1 1 |1 1 6 1 1 1 6 6 1 1 1 5 6 6 1 6 1 1 |1 1 1 1 1 1 1 1 6 6 6 1 6 1 1 6 1 3 5 |1 1 5 1 1 1 1 1 6 1 1 1 1 1 1 1 |1 1 1 1 1 1 1 1 1 1 1 1 1 |1 1 5 1 1 |1 1 1 1 1 4 1 1 1 1 1 6 1 5 1 1 |1 1 6 1 1 1 1 1 |realPatrol = 1200|fitness = 1002.5923035457586

第24个BestWave: 
1 1 1 3 6 1 1 1 5 2 1 1 1 1 1 |4 1 1 1 1 1 1 5 5 6 5 1 6 1 1 5 1 1 1 1 |6 1 6 1 1 1 1 1 |1 1 1 1 1 1 1 |1 1 1 1 1 1 1 3 1 1 1 1 1 4 1 4 |3 1 1 1 1 1 1 1 1 1 1 1 4 1 |1 1 1 1 1 1 1 1 1 6 1 1 1 1 1 6 |6 1 1 1 1 |1 1 1 1 1 1 1 |1 1 1 1 1 1 6 1 6 1 1 1 1 1 6 |1 1 1 1 1 1 1 1 1 1 1 1 1 1 1 |1 1 1 1 1 1 1 1 1 1 |1 1 1 1 4 |1 1 1 1 1 1 1 1 1 1 1 1 |1 1 1 1 1 1 1 1 1 1 1 6 1 1 1 1 |1 1 1 1 1 1 1 1 |1 1 1 1 1 1 1 1 1 1 6 1 1 1 1 1 1 |3 1 1 3 1 4 1 |1 1 1 1 6 1 1 1 1 6 1 1 1 |1 6 1 1 1 1 5 1 1 5 5 1 1 1 2 1 1 1 1 1 |1 1 1 1 1 1 1 1 1 1 1 1 2 1 1 3 |1 1 1 1 1 1 1 1 1 1 1 1 1 1 |1 1 1 1 1 1 1 1 1 |5 1 1 1 1 1 4 1 1 1 1 1 |6 1 1 6 1 1 1 1 1 1 1 1 1 5 |1 1 1 1 1 1 1 1 1 1 1 1 |1 1 1 1 1 2 1 1 1 1 1 1 1 1 |1 1 1 1 1 1 1 1 1 |1 1 1 3 6 1 1 1 1 1 1 1 1 |1 1 1 1 1 1 1 4 1 1 1 1 1 1 1 1 1 |6 6 1 1 5 1 6 1 1 1 1 1 6 1 1 |5 1 6 1 1 1 1 4 1 |1 4 1 1 1 1 1 1 1 1 3 1 |1 1 1 1 1 1 1 1 1 6 1 1 |1 1 6 1 1 1 1 1 1 1 1 1 6 1 1 6 1 |1 4 1 3 4 1 |1 6 1 5 1 1 1 1 3 1 1 1 1 3 |1 1 1 1 1 1 1 |1 1 1 1 1 |5 1 6 3 1 1 1 1 1 1 1 1 |1 1 1 1 1 1 1 1 1 1 1 1 1 1 6 1 3 1 2 |5 1 4 1 1 1 1 1 1 1 1 6 1 1 1 |1 2 1 1 1 1 6 |1 1 1 1 1 |6 6 5 1 1 1 1 1 6 1 1 1 1 1 1 |1 1 1 1 2 1 1 1 1 |1 1 1 1 6 1 1 1 1 1 1 1 1 6 1 5 1 1 |1 1 1 1 1 1 1 6 |2 1 1 1 6 1 3 1 5 1 1 1 1 1 1 5 1 1 4 |1 1 1 1 1 1 1 1 1 1 1 1 1 1 1 1 1 1 1 |1 4 1 5 1 1 1 1 1 1 1 1 1 |1 1 1 1 1 1 1 1 1 6 1 1 1 1 1 1 |1 1 1 1 1 1 1 |1 1 6 1 1 1 6 6 1 1 1 4 6 6 1 6 1 1 |1 1 1 1 1 1 1 1 6 6 6 1 5 1 1 6 1 1 6 |1 1 5 1 1 1 1 1 6 1 1 1 1 1 1 1 |1 1 1 1 1 1 1 1 1 1 1 1 1 |1 1 5 1 1 |1 1 1 1 1 1 1 1 1 1 1 5 1 1 1 1 |1 1 6 1 1 1 1 1 |realPatrol = 1200|fitness = 1000.3059642316615

第25个BestWave: 
1 1 1 4 6 1 1 2 1 2 1 1 1 1 1 |4 1 1 1 1 1 1 6 6 6 4 1 6 1 1 4 1 1 1 1 |6 1 5 1 1 1 1 1 |1 1 1 3 1 1 1 |1 1 1 1 1 1 4 4 1 1 1 1 1 1 1 6 |5 1 1 1 1 1 1 1 1 1 1 1 5 1 |1 3 1 1 1 1 1 1 1 6 1 1 1 1 1 6 |6 1 1 1 1 |1 1 1 1 1 1 1 |1 1 1 1 1 1 6 1 6 1 1 1 1 1 6 |1 1 1 1 1 1 1 1 1 1 1 1 1 1 1 |1 1 1 1 1 1 1 1 1 1 |1 1 1 1 2 |3 1 1 1 1 1 1 1 1 1 1 1 |1 3 1 1 1 1 1 1 1 1 1 5 1 1 1 1 |1 1 1 1 1 1 1 1 |1 1 2 1 1 1 1 1 1 1 5 1 1 1 1 1 1 |3 1 1 5 1 3 1 |1 1 1 1 6 1 1 1 1 6 1 1 1 |1 6 1 1 1 1 6 1 1 5 5 1 1 1 4 1 1 1 1 1 |1 1 1 1 1 1 1 1 1 1 1 1 1 1 1 4 |1 1 1 1 1 1 1 1 1 1 1 1 1 1 |1 1 1 1 1 1 1 1 1 |4 1 1 1 1 1 5 1 1 1 1 1 |4 1 1 6 1 1 1 1 1 1 1 1 1 5 |1 1 1 1 1 1 1 1 1 1 1 1 |1 1 1 1 1 1 1 1 1 1 1 1 1 1 |1 1 1 1 1 1 1 1 1 |1 1 1 1 6 1 1 1 1 1 1 1 1 |1 1 1 1 1 1 1 6 1 1 1 1 1 3 1 1 1 |6 6 1 1 4 1 6 1 1 1 1 1 1 1 1 |3 1 5 1 1 1 1 1 1 |1 5 1 1 1 1 1 1 1 1 1 1 |1 1 1 1 1 6 1 1 1 6 1 1 |1 1 6 1 1 1 1 1 1 1 1 4 6 1 1 6 1 |1 5 1 4 3 3 |1 6 1 5 1 1 1 1 1 1 1 1 1 3 |1 1 1 1 1 1 1 |1 1 1 1 1 |6 1 6 4 3 1 1 1 1 1 1 4 |1 1 1 1 1 1 1 1 1 1 1 1 1 1 5 1 1 1 1 |4 1 1 1 1 1 1 1 1 1 1 6 1 1 1 |1 1 1 1 1 1 5 |2 1 1 2 1 |6 6 1 1 1 1 1 1 4 1 1 1 1 1 1 |1 1 1 1 1 1 1 1 1 |1 1 1 1 6 1 1 1 1 1 1 1 1 6 1 3 1 1 |1 1 1 1 1 1 1 6 |1 1 1 1 6 1 4 1 1 1 1 1 1 1 1 6 1 1 3 |1 1 1 1 1 1 1 1 1 1 1 1 1 1 1 1 1 1 1 |1 4 1 6 1 1 1 1 1 1 1 1 1 |1 1 1 1 1 1 1 1 1 6 1 1 1 1 1 1 |1 1 1 1 1 1 1 |1 1 6 1 1 1 6 6 1 1 1 3 6 5 1 6 1 1 |1 1 1 1 1 1 3 1 4 6 6 1 6 1 1 6 1 1 6 |1 1 4 1 1 1 1 1 6 1 1 1 1 1 1 1 |1 1 1 1 1 1 1 1 1 1 1 1 1 |1 1 4 1 1 |1 1 1 1 1 4 1 1 1 1 1 6 1 6 1 1 |1 1 6 1 1 1 1 1 |realPatrol = 1200|fitness = 998.8942236469587

第26个BestWave: 
1 1 1 4 6 5 1 1 5 3 1 1 1 1 1 |4 1 1 1 1 1 1 4 6 6 1 1 6 1 1 4 1 1 1 1 |6 1 3 1 1 1 1 1 |1 1 1 3 1 1 1 |1 1 1 1 1 1 1 4 1 1 1 1 1 3 1 4 |2 1 1 1 1 1 1 1 1 1 1 1 5 1 |1 4 1 1 1 1 1 1 1 6 1 1 1 1 1 6 |6 1 1 1 1 |1 1 1 1 1 1 1 |1 1 1 2 1 1 4 1 6 1 1 1 1 1 6 |1 1 1 1 1 1 3 1 1 1 1 1 1 1 1 |1 1 1 1 1 1 1 1 2 1 |1 1 1 1 3 |4 1 1 1 1 1 1 1 1 1 1 1 |1 1 1 1 1 1 1 1 1 1 2 6 1 1 1 1 |1 1 1 1 1 1 1 1 |1 1 1 1 1 1 1 1 1 1 5 1 1 1 1 1 1 |3 1 1 3 1 4 1 |1 1 1 1 6 1 1 1 1 6 1 1 1 |1 6 1 1 1 1 5 1 1 3 4 1 1 1 3 1 1 1 1 1 |1 1 1 1 1 1 1 1 1 1 1 1 1 1 1 3 |1 1 1 1 1 1 1 1 1 1 1 1 1 1 |1 1 1 1 1 1 1 1 1 |4 1 1 1 1 1 5 1 2 1 1 1 |6 1 1 6 1 1 1 1 1 2 1 1 1 4 |1 1 1 1 1 1 1 1 1 1 1 1 |1 1 1 1 1 3 2 1 1 1 1 1 1 1 |1 1 1 1 1 1 1 1 1 |1 1 1 1 6 1 1 1 1 1 1 1 1 |1 1 1 1 1 1 1 1 1 1 1 1 1 1 1 1 1 |6 6 1 1 4 1 6 1 1 1 1 1 4 1 1 |4 1 6 1 1 1 1 3 1 |1 5 1 1 1 1 1 1 1 1 1 1 |1 1 1 1 1 3 1 1 1 6 1 1 |1 1 6 1 1 1 1 1 1 1 1 1 6 1 1 4 1 |1 4 1 4 3 1 |1 6 1 4 1 1 1 4 3 1 3 1 1 3 |1 1 1 1 1 1 1 |1 1 1 1 1 |6 1 6 3 3 1 1 1 1 1 1 1 |1 1 1 1 1 1 1 1 1 1 1 1 1 1 6 1 3 1 1 |5 1 1 1 1 1 1 1 1 1 1 6 1 1 1 |1 2 1 1 1 1 5 |4 1 1 3 1 |6 5 4 1 1 1 1 1 6 1 1 1 1 1 1 |1 1 1 1 3 1 1 1 1 |1 1 1 1 6 1 1 1 1 1 1 1 1 6 1 4 1 1 |1 1 1 1 1 1 1 6 |1 1 1 1 6 1 4 1 4 1 1 1 1 1 1 4 1 4 1 |1 1 1 1 1 1 1 1 1 1 1 1 1 1 1 1 1 1 1 |1 3 1 6 1 1 1 1 1 1 1 1 1 |1 1 1 1 1 1 1 1 1 5 1 1 1 1 1 1 |1 1 1 1 1 1 1 |1 1 6 2 1 1 6 6 1 1 1 3 6 6 1 6 1 1 |1 1 1 1 1 1 1 1 4 6 6 1 6 1 1 6 1 2 5 |1 1 1 1 1 1 1 1 6 1 1 1 1 1 1 1 |1 1 1 1 1 1 1 1 1 1 1 1 1 |1 1 3 1 1 |1 1 1 1 1 5 1 1 1 1 1 6 1 5 1 1 |1 1 6 1 1 1 1 1 |realPatrol = 1200|fitness = 997.2153848251065

第27个BestWave: 
1 1 3 4 6 1 1 1 2 1 1 1 1 1 1 |2 1 1 1 1 1 1 6 6 6 2 1 6 1 1 4 1 1 1 1 |6 1 4 1 1 1 1 1 |1 1 1 4 1 1 1 |1 1 1 1 1 1 4 5 1 1 1 1 1 1 1 4 |1 1 1 1 1 1 1 1 1 1 1 1 4 1 |1 4 1 1 1 1 1 2 1 6 1 1 1 1 1 6 |6 1 1 1 1 |1 1 1 1 1 1 1 |1 1 3 2 1 1 6 1 6 1 1 1 1 1 6 |1 1 1 1 1 1 3 1 1 1 1 1 1 1 1 |1 1 1 1 1 1 1 1 1 1 |1 1 1 1 5 |5 1 1 1 1 1 1 1 1 1 1 1 |1 1 1 1 1 1 1 1 1 1 1 6 1 1 4 1 |1 1 1 1 1 1 1 1 |1 1 3 1 1 1 1 1 1 1 5 1 1 1 1 1 1 |3 1 1 4 1 4 1 |1 1 1 1 6 1 1 1 1 6 1 1 1 |1 6 1 1 1 1 5 1 1 4 1 1 1 1 1 1 1 1 1 1 |1 1 1 1 1 1 1 1 1 1 1 1 1 1 1 3 |1 1 1 1 1 1 1 1 1 1 1 1 1 1 |1 1 1 1 1 1 1 1 1 |5 1 1 1 1 1 5 1 1 1 1 1 |1 1 1 6 1 1 1 1 1 1 1 1 1 4 |1 1 1 1 1 1 1 1 1 1 1 1 |1 1 1 1 1 1 1 1 1 1 1 1 1 1 |1 1 1 1 1 1 1 1 1 |1 1 1 1 6 1 1 1 1 1 1 1 1 |1 1 1 1 1 1 1 5 1 1 1 1 1 2 1 1 1 |6 6 1 1 5 1 6 1 1 1 1 1 1 1 1 |6 1 6 1 1 1 1 4 1 |1 5 1 1 1 1 1 1 1 1 1 1 |1 1 1 1 1 4 1 1 1 6 1 1 |1 1 6 1 1 1 1 1 1 1 1 1 6 1 1 6 1 |1 4 1 1 3 2 |1 6 1 6 1 1 1 5 1 1 3 1 1 2 |3 1 1 1 1 1 1 |1 3 1 1 1 |6 1 6 3 4 1 1 1 1 1 1 1 |1 1 1 1 1 1 1 1 1 1 1 1 1 1 5 1 3 1 2 |4 1 1 1 1 1 1 1 1 1 1 6 1 1 1 |1 1 1 1 1 1 6 |2 1 1 3 1 |6 5 4 1 1 1 1 1 6 1 1 1 1 1 1 |1 1 1 1 1 1 1 1 1 |1 1 1 1 6 1 1 1 1 1 1 1 1 6 1 4 1 1 |1 1 1 1 1 1 1 6 |1 1 1 1 6 1 1 1 4 1 1 1 1 1 1 2 1 1 3 |1 1 1 1 1 1 1 1 1 1 1 1 1 1 1 1 1 1 1 |1 4 1 6 1 1 1 1 1 1 1 1 1 |1 1 1 1 1 1 1 1 1 5 1 1 1 1 3 1 |1 1 1 1 1 1 1 |1 1 6 1 1 1 6 6 1 1 1 4 6 6 1 6 1 1 |1 1 1 1 1 1 1 1 1 6 6 1 6 1 1 6 1 1 6 |1 1 3 1 1 1 1 1 6 1 1 1 1 1 1 1 |1 1 1 1 1 2 1 1 1 1 1 1 1 |1 3 5 1 1 |1 1 1 1 1 1 1 1 1 1 1 6 1 6 1 1 |1 1 6 1 1 1 1 1 |realPatrol = 1200|fitness = 999.4828101720099

第28个BestWave: 
1 1 1 4 6 1 1 1 3 1 1 1 1 1 1 |4 1 1 1 1 1 1 4 6 6 1 1 6 1 1 3 1 1 1 1 |6 1 5 1 1 1 1 1 |1 1 1 3 1 1 1 |1 1 1 1 1 1 6 4 1 1 1 1 1 3 1 6 |1 1 1 1 1 1 1 1 1 1 1 1 4 1 |1 5 1 1 1 1 1 1 1 6 1 1 1 1 1 6 |6 1 1 1 1 |1 1 1 1 1 1 1 |1 1 2 1 1 1 5 1 6 1 1 1 1 1 6 |1 1 1 1 1 1 1 1 1 1 1 1 1 1 1 |1 1 1 1 1 1 1 1 1 1 |1 1 1 1 2 |3 1 1 1 1 1 1 1 1 1 1 1 |1 1 1 1 1 1 1 1 1 1 1 5 1 1 1 1 |1 1 1 1 1 1 1 1 |1 1 1 1 1 1 1 1 1 1 5 1 1 1 1 1 1 |4 1 1 1 1 4 1 |1 1 1 1 6 1 1 2 1 6 1 1 1 |1 6 1 1 1 1 5 1 1 4 6 1 1 1 1 1 1 1 1 1 |1 1 1 1 1 1 1 1 1 1 1 1 3 2 1 2 |1 1 1 1 1 1 1 1 1 1 1 1 1 1 |1 1 1 1 1 1 1 1 1 |3 1 1 1 1 1 5 1 1 1 1 1 |6 1 1 6 1 1 1 1 1 1 1 1 1 5 |1 1 1 1 1 1 1 1 1 1 1 1 |1 1 1 1 1 1 1 1 1 1 1 1 1 1 |1 1 1 1 1 1 1 1 1 |1 1 1 4 6 1 1 1 1 1 1 1 1 |1 1 1 1 1 1 1 6 1 1 1 1 1 4 1 1 1 |5 6 1 1 6 1 6 1 1 1 1 1 4 1 1 |5 1 5 1 1 1 1 3 1 |1 6 1 1 1 1 1 1 1 1 4 1 |1 1 1 1 1 3 1 1 1 6 1 1 |1 1 6 1 1 1 1 1 1 1 1 3 6 1 1 6 1 |1 4 1 6 2 1 |1 6 1 5 1 1 1 4 1 1 2 1 1 1 |1 1 1 1 1 1 1 |1 1 1 1 1 |5 1 6 1 3 1 1 1 1 1 1 4 |1 1 1 1 1 1 1 1 1 1 1 1 1 1 4 1 4 1 3 |4 1 1 1 1 1 1 1 1 1 1 6 1 1 1 |1 1 1 1 1 1 6 |1 1 1 1 1 |6 5 3 1 1 1 1 1 4 1 1 1 1 1 1 |1 1 1 1 1 1 1 1 1 |2 1 1 1 6 1 1 1 1 1 1 1 1 6 1 6 1 1 |1 1 1 1 1 1 1 6 |1 1 1 1 6 1 3 1 1 1 1 1 1 1 1 4 1 4 3 |1 1 1 1 1 1 1 1 1 1 1 1 1 1 1 1 1 1 1 |1 4 1 6 1 1 1 1 1 1 1 1 1 |1 1 1 1 1 1 1 1 1 6 1 1 1 1 2 1 |1 1 1 1 1 1 1 |1 1 6 1 1 1 6 6 1 1 1 3 6 1 1 6 1 1 |1 1 1 1 1 1 1 1 5 6 6 1 6 1 1 6 1 1 6 |1 1 4 1 1 1 1 1 6 1 1 1 1 1 1 1 |1 1 1 1 1 2 1 1 1 1 1 1 1 |1 1 5 1 1 |1 1 1 1 1 3 1 1 1 1 1 6 1 4 1 1 |1 1 6 1 1 1 1 1 |realPatrol = 1200|fitness = 1000.4766152604825

第29个BestWave: 
1 1 3 4 6 3 1 1 4 1 1 1 1 1 1 |4 1 1 1 1 1 1 2 6 6 1 1 6 1 1 5 1 1 1 1 |6 1 4 1 1 1 1 1 |1 1 1 1 1 1 1 |1 1 1 1 1 1 4 4 1 1 1 1 1 3 1 6 |4 1 1 1 1 1 1 2 1 1 1 1 4 1 |1 4 1 1 1 1 1 1 1 6 1 1 1 1 1 6 |6 1 1 1 1 |1 1 1 1 1 1 1 |1 1 1 1 1 1 5 1 6 1 1 1 1 1 6 |1 1 1 1 1 1 1 1 1 1 1 1 1 1 1 |1 1 1 1 1 1 1 1 3 1 |1 2 1 1 4 |1 1 1 1 1 1 1 1 1 1 1 1 |1 2 1 1 1 1 1 1 1 1 1 6 1 1 1 1 |1 1 1 1 1 1 1 1 |1 1 1 1 1 1 1 1 1 1 5 1 1 1 1 1 1 |4 1 1 3 1 4 1 |1 1 1 1 6 1 1 1 1 6 1 1 1 |1 6 1 1 1 1 6 1 1 1 4 1 1 1 1 1 1 1 1 1 |1 1 1 1 1 1 1 1 1 1 1 1 2 1 1 4 |1 1 1 1 1 1 1 1 1 1 1 1 1 1 |1 1 1 1 1 1 1 1 1 |4 1 1 1 1 1 5 1 1 1 1 1 |5 1 1 6 1 2 1 1 1 3 1 1 1 3 |1 1 1 1 1 1 1 1 1 1 1 1 |1 1 1 1 1 1 1 1 1 1 1 1 1 1 |1 1 1 1 1 1 1 1 1 |1 1 1 1 6 1 1 1 1 2 1 1 1 |1 2 1 1 1 1 1 1 1 1 1 1 1 4 1 1 1 |6 6 1 1 1 1 6 1 1 1 1 1 1 1 1 |5 1 6 1 1 1 1 3 1 |1 5 1 1 1 1 1 1 1 1 1 1 |1 1 1 1 1 2 1 1 1 6 1 1 |1 1 6 1 1 1 1 1 1 1 1 1 6 1 1 6 1 |1 4 1 4 1 2 |1 6 1 5 1 1 1 3 1 1 3 1 1 4 |1 1 1 1 1 1 1 |1 1 1 1 1 |6 1 6 3 1 1 1 1 1 1 1 1 |1 1 1 1 1 1 1 1 1 1 1 1 1 1 6 1 3 1 4 |4 1 1 1 1 1 1 1 1 1 1 6 1 1 1 |1 2 1 1 1 1 6 |2 1 1 3 1 |6 6 4 1 1 1 1 1 6 1 1 1 1 1 1 |1 1 1 1 1 1 1 1 1 |1 1 1 1 6 1 1 1 1 1 1 1 1 6 1 5 1 1 |1 1 1 1 1 1 1 6 |1 1 1 1 6 1 1 1 4 1 1 1 1 1 1 4 1 4 5 |1 1 1 1 1 1 1 1 1 1 1 1 1 1 1 1 1 1 1 |1 4 1 6 1 1 1 1 1 1 1 1 1 |1 1 1 1 1 1 1 1 1 6 1 1 1 1 1 1 |1 1 1 1 1 1 1 |1 1 6 1 1 1 6 6 1 1 1 2 6 6 1 6 1 1 |1 1 1 1 1 1 1 1 5 6 6 1 6 1 1 6 1 4 6 |1 1 4 1 1 1 1 1 6 1 1 1 1 1 1 1 |1 1 1 1 1 1 1 1 1 1 1 1 1 |1 1 4 1 1 |1 1 1 1 1 6 1 1 1 1 1 6 1 1 1 1 |1 1 6 1 1 1 1 1 |realPatrol = 1200|fitness = 998.4910837200849

第30个BestWave: 
1 1 2 4 6 1 1 1 5 1 1 1 1 1 1 |3 1 1 1 1 1 1 5 6 6 1 1 6 1 1 4 1 1 1 1 |6 1 4 1 1 1 1 1 |1 1 1 6 1 1 1 |1 1 1 1 1 1 6 4 1 1 1 1 1 4 1 6 |4 1 1 1 1 1 1 1 1 1 1 1 5 1 |1 4 1 1 1 1 1 1 1 6 1 1 1 1 1 6 |6 1 1 1 1 |1 1 1 1 1 1 1 |1 1 1 1 1 1 5 1 6 1 1 1 1 1 6 |1 1 1 3 1 1 1 1 1 1 1 1 1 1 1 |1 1 1 1 1 1 1 1 1 1 |1 1 1 1 1 |3 1 1 1 1 1 1 1 1 1 1 1 |1 1 1 1 1 1 1 1 1 1 1 6 1 1 3 1 |1 1 1 1 1 1 1 1 |1 1 1 1 1 1 1 1 1 1 4 1 1 1 1 1 1 |1 1 1 4 1 4 1 |1 1 1 1 6 1 1 1 1 6 1 1 1 |1 6 1 1 1 1 6 1 1 1 4 1 1 1 1 4 2 1 1 1 |1 1 1 1 1 1 1 1 1 1 1 1 1 1 1 1 |1 1 1 1 1 1 1 1 1 1 2 1 1 1 |1 1 1 1 1 1 1 1 1 |1 1 1 1 1 1 4 1 1 1 1 1 |6 1 1 6 1 1 1 1 1 1 1 1 1 1 |1 1 1 1 1 1 1 1 1 1 1 1 |1 1 1 1 1 2 1 1 1 1 1 1 1 1 |1 1 1 1 1 1 1 1 1 |1 1 1 1 6 1 1 1 1 1 1 1 1 |1 1 1 1 1 1 1 6 1 1 1 1 1 2 1 2 1 |6 6 1 1 5 1 1 1 1 1 1 1 1 1 1 |6 1 6 1 1 1 1 1 1 |1 6 1 1 1 1 1 1 1 1 2 1 |1 1 1 1 1 1 1 1 1 6 1 1 |1 1 5 1 1 1 1 1 1 1 1 1 6 1 1 6 1 |1 4 1 5 5 1 |1 6 1 6 1 1 1 4 1 1 3 1 1 1 |2 1 1 1 1 1 1 |1 2 1 1 3 |5 1 6 1 4 1 1 1 1 1 1 4 |1 1 1 1 1 1 1 1 1 1 1 1 1 1 6 1 3 1 3 |4 1 1 1 1 1 1 1 1 1 2 6 1 1 1 |1 2 1 1 1 1 5 |2 1 1 1 1 |6 5 3 1 1 1 1 1 6 1 1 1 1 1 1 |1 1 1 1 1 1 1 1 1 |1 1 1 1 6 1 1 1 1 1 1 1 1 6 1 4 1 1 |1 1 1 1 1 1 1 6 |1 1 1 1 6 1 1 1 3 1 1 1 1 1 1 4 1 3 1 |1 1 1 1 1 1 1 1 1 1 1 1 1 3 1 1 1 1 1 |1 4 1 6 1 1 1 1 1 1 1 1 1 |1 1 1 1 1 1 1 1 1 6 1 1 1 1 4 1 |1 1 1 1 1 1 1 |1 1 5 1 1 1 6 6 1 1 1 4 6 6 1 6 1 1 |1 1 1 1 1 1 1 1 6 6 6 1 6 1 1 6 1 1 6 |1 1 6 1 1 1 1 1 5 1 1 1 1 1 1 1 |1 1 1 1 1 1 1 1 1 1 1 1 1 |1 1 5 1 1 |1 1 1 1 1 1 1 1 1 1 1 6 1 5 1 1 |1 1 6 1 1 1 1 1 |realPatrol = 1200|fitness = 999.1738214853232

第31个BestWave: 
1 1 1 3 6 1 1 1 3 5 1 1 1 1 1 |5 1 1 1 1 1 1 4 5 6 1 1 6 1 1 4 1 1 1 1 |6 1 5 1 1 1 1 1 |1 1 1 1 1 1 1 |2 1 1 1 1 1 4 5 1 1 1 1 1 1 1 6 |3 1 1 1 1 1 1 1 1 1 1 1 4 1 |1 1 1 1 1 1 1 1 1 6 1 1 1 1 1 6 |6 1 1 1 1 |1 1 1 1 1 1 1 |1 1 1 1 1 1 6 1 6 1 1 1 1 1 6 |1 1 1 1 1 1 4 1 1 1 1 1 1 1 1 |1 1 1 1 1 1 1 1 1 1 |1 1 1 1 2 |3 1 1 1 1 1 1 1 1 1 1 1 |1 1 1 1 1 1 1 1 1 1 1 5 1 1 3 1 |1 1 1 1 1 1 1 1 |1 1 1 1 1 1 1 1 1 1 5 1 1 1 1 1 1 |1 1 1 4 1 5 1 |1 1 1 1 6 1 1 1 1 6 1 1 1 |1 6 1 1 1 1 6 1 1 4 4 1 1 1 1 3 1 1 1 1 |1 1 1 1 1 1 1 1 1 1 1 1 1 1 1 4 |1 1 1 1 1 1 1 1 1 1 3 1 1 1 |1 1 1 1 1 1 1 1 1 |4 1 1 1 1 1 6 1 1 1 1 1 |6 1 1 6 1 1 1 1 1 1 1 1 1 4 |1 1 1 1 1 1 1 1 1 1 1 1 |1 1 1 1 1 3 1 1 1 1 1 1 1 1 |1 1 1 1 1 1 1 1 1 |1 1 1 1 6 1 1 1 1 1 1 1 1 |1 1 1 1 1 1 1 6 1 1 1 1 1 4 1 1 1 |6 6 1 1 5 1 6 1 1 1 1 1 4 1 1 |1 1 6 1 1 1 1 1 1 |1 6 1 1 1 1 1 1 1 1 1 1 |1 1 1 1 1 2 1 1 1 6 1 1 |1 1 1 1 1 1 1 1 1 1 1 1 6 1 1 6 1 |1 5 1 4 1 1 |1 6 1 6 1 1 1 4 1 1 1 1 1 3 |1 1 1 1 1 1 1 |1 1 1 1 1 |6 1 6 1 4 1 1 1 1 1 1 5 |1 1 1 1 1 1 1 1 1 1 1 1 1 1 6 1 4 1 3 |4 1 1 1 1 1 1 1 1 1 1 6 1 1 1 |1 1 1 1 1 1 6 |4 1 1 1 1 |6 6 4 1 1 1 1 1 6 1 1 1 1 1 1 |1 1 1 1 1 1 1 1 1 |3 3 1 1 6 1 1 1 1 1 1 1 1 6 1 4 1 1 |1 1 1 1 1 1 1 6 |1 1 1 1 6 1 1 1 1 1 1 1 1 1 1 4 1 1 1 |1 1 1 1 1 1 1 1 1 1 1 1 1 3 1 1 1 1 1 |1 5 1 6 1 1 1 1 1 1 1 1 1 |1 1 1 1 1 1 1 1 1 6 1 1 1 1 1 1 |1 1 1 1 1 1 1 |1 1 6 1 1 1 6 6 1 1 1 2 6 6 1 6 1 1 |1 1 1 1 1 1 1 1 6 6 6 1 6 1 1 6 1 1 6 |1 1 3 1 1 1 1 1 5 1 1 1 1 1 1 1 |1 1 1 1 1 1 1 1 1 1 1 1 1 |1 1 4 1 1 |1 1 1 1 1 5 1 1 1 1 1 6 1 4 1 1 |1 1 6 1 1 1 1 1 |realPatrol = 1200|fitness = 1002.1959210314653

第32个BestWave: 
1 1 1 3 6 1 1 1 4 2 1 1 1 1 1 |1 1 1 1 1 1 1 4 6 6 1 1 6 1 3 5 1 1 1 1 |6 1 3 1 1 1 1 1 |1 1 1 1 1 1 1 |1 1 1 1 1 1 4 4 1 1 1 1 1 1 1 6 |1 1 1 1 1 1 1 1 1 1 1 1 5 1 |1 4 1 1 1 1 1 1 1 6 1 1 1 1 1 6 |6 1 1 1 1 |1 1 1 1 1 1 1 |1 1 1 1 1 1 6 1 5 1 1 1 1 1 5 |1 1 1 1 1 1 1 1 1 1 1 1 1 1 1 |1 1 1 1 1 1 1 1 1 1 |1 1 1 1 3 |5 1 1 1 1 1 1 1 1 1 1 1 |1 1 1 1 2 1 1 1 1 1 1 6 1 1 3 1 |1 1 1 1 1 1 1 1 |1 1 2 1 1 1 1 1 1 1 5 1 1 1 1 1 1 |3 1 1 4 1 4 1 |1 1 1 1 6 1 1 1 1 6 1 1 1 |1 6 1 1 1 1 6 1 1 3 5 1 1 1 1 4 1 1 1 1 |1 1 1 1 1 1 1 1 1 1 1 1 2 1 1 3 |1 1 1 1 1 1 1 1 1 1 1 1 1 1 |1 1 1 1 1 1 1 1 1 |4 1 1 1 1 1 4 1 1 1 1 1 |5 1 1 6 1 1 1 1 1 1 1 1 1 5 |1 1 1 1 1 1 1 1 1 1 1 1 |1 1 1 1 1 3 1 1 1 1 1 1 1 1 |1 1 1 1 1 1 1 1 1 |1 1 1 6 5 1 1 1 1 1 1 1 1 |1 1 1 1 1 1 1 6 1 1 1 1 1 3 1 1 1 |6 6 1 1 4 1 6 1 1 1 1 1 3 1 1 |5 1 6 1 1 1 1 1 1 |1 6 1 1 1 1 1 1 1 1 1 1 |1 1 1 1 1 1 1 1 1 6 1 1 |1 1 6 1 1 1 1 1 1 1 1 3 6 1 1 6 1 |1 3 1 3 3 2 |1 6 1 6 1 1 1 5 1 1 2 1 1 1 |1 1 1 1 1 1 1 |1 1 1 1 1 |6 1 6 1 5 1 1 1 1 1 1 3 |1 1 1 1 1 1 1 1 1 1 1 1 1 1 5 1 4 1 3 |5 1 2 1 1 1 1 1 1 1 1 6 1 1 1 |1 1 1 1 1 1 5 |1 1 1 1 1 |6 5 4 1 1 1 1 1 6 1 1 1 1 1 1 |1 1 1 1 2 1 1 1 1 |1 1 1 1 6 1 1 1 1 1 1 1 1 6 1 3 1 1 |1 1 1 1 1 1 1 6 |1 1 1 1 6 1 1 1 4 1 1 1 1 1 1 1 1 1 2 |1 1 1 1 1 1 1 1 1 1 1 1 1 5 1 1 1 1 1 |1 4 1 6 1 1 1 1 1 1 1 1 1 |1 3 1 1 1 1 1 1 1 5 1 1 1 1 1 1 |1 1 1 1 1 1 1 |1 1 6 1 1 1 6 6 1 1 1 3 6 6 1 6 1 1 |1 1 1 1 1 1 2 1 4 6 6 1 6 1 1 6 1 2 6 |1 1 1 1 1 1 1 1 6 1 1 1 1 1 1 1 |1 1 1 1 1 1 1 1 1 1 1 1 1 |1 4 3 1 1 |1 1 1 1 1 4 1 1 1 1 1 6 1 3 1 1 |1 1 6 1 1 1 1 1 |realPatrol = 1200|fitness = 1002.3757707623158

第33个BestWave: 
1 1 1 3 6 4 1 5 3 4 1 1 1 1 1 |4 1 1 1 1 1 1 4 6 6 1 1 6 1 1 4 1 1 1 1 |6 1 5 1 1 1 1 1 |1 1 1 1 1 1 1 |1 1 1 1 1 1 5 4 1 1 1 1 1 3 1 6 |1 1 1 1 1 1 1 1 1 1 1 1 5 1 |1 4 1 1 1 1 1 1 1 6 1 1 1 1 1 6 |6 1 1 1 1 |1 1 1 1 1 1 1 |1 1 1 1 1 1 6 1 6 1 1 1 1 1 5 |1 1 1 1 1 1 5 1 1 1 1 1 1 1 1 |1 1 1 1 1 1 1 1 1 1 |1 1 1 1 3 |1 1 1 1 1 1 1 1 1 1 1 1 |1 2 1 1 1 1 1 1 1 1 1 6 1 1 1 1 |1 1 1 1 1 1 1 1 |1 1 1 1 1 1 1 1 1 1 5 1 1 1 1 1 1 |2 1 1 6 1 5 1 |1 1 1 1 6 1 1 1 1 6 1 1 1 |1 6 1 1 1 1 6 1 1 1 1 1 1 1 1 1 1 1 1 1 |1 1 1 1 1 1 1 1 1 1 1 1 1 1 1 3 |1 1 1 1 1 1 1 1 1 1 1 1 1 1 |1 1 1 1 1 2 1 1 1 |3 1 1 1 1 1 5 1 1 1 1 1 |5 1 1 6 1 1 1 1 1 1 1 1 1 5 |1 1 1 1 1 1 1 1 1 1 1 1 |1 1 1 1 1 3 2 1 1 1 1 1 1 1 |1 1 1 1 1 1 1 1 1 |1 1 1 1 6 1 1 1 1 1 1 1 1 |1 1 1 1 1 1 1 6 1 1 1 1 1 3 1 1 1 |6 6 1 1 5 1 6 1 1 1 1 1 1 1 1 |3 1 5 1 1 1 1 3 1 |1 5 1 1 1 1 1 1 1 1 3 1 |1 1 1 1 1 4 1 1 1 6 1 1 |1 1 6 1 1 1 1 1 1 1 1 3 6 1 1 5 1 |1 4 1 4 5 1 |1 6 1 6 1 1 1 1 1 1 1 1 1 1 |1 1 1 1 1 1 1 |1 1 1 1 1 |6 1 6 1 3 1 1 1 1 1 1 3 |1 1 1 1 1 1 1 1 1 1 1 1 1 1 5 1 3 1 1 |4 1 1 1 1 1 1 1 1 1 1 6 1 1 1 |1 1 1 1 1 1 6 |1 1 1 1 1 |6 6 3 1 1 1 1 1 6 1 1 1 1 1 1 |1 1 1 1 3 1 1 1 1 |1 1 1 1 6 1 1 1 1 1 1 1 1 6 1 6 1 1 |1 1 1 1 1 1 1 6 |1 1 1 1 6 1 1 1 4 1 1 1 1 1 1 3 1 1 3 |1 1 1 1 1 1 1 1 1 1 1 1 1 1 1 1 1 1 1 |1 4 1 4 1 1 1 1 1 1 1 1 1 |1 1 1 1 1 1 1 1 1 5 1 1 1 1 1 1 |1 1 1 1 1 1 1 |1 1 6 1 1 1 6 6 1 1 1 5 6 6 1 6 1 1 |1 1 1 1 1 1 1 1 6 6 6 1 6 1 1 6 1 3 6 |1 1 4 1 1 1 1 1 6 1 1 1 1 1 1 1 |1 1 1 1 1 2 1 1 1 1 1 1 1 |1 2 4 1 1 |1 1 1 1 1 3 1 1 1 1 1 6 1 4 1 1 |1 1 6 1 1 1 1 1 |realPatrol = 1200|fitness = 999.9074635879607

第34个BestWave: 
1 1 1 3 6 1 1 1 3 1 1 1 1 1 1 |3 1 1 1 1 1 1 3 6 6 2 1 6 1 1 4 1 1 1 1 |6 1 4 1 1 1 1 1 |1 1 1 2 1 1 1 |1 1 1 1 1 1 5 3 1 1 1 1 1 2 1 5 |3 1 1 1 1 1 1 1 1 1 1 1 4 1 |1 4 1 1 1 1 1 1 1 6 1 1 1 1 1 6 |6 1 1 1 1 |1 1 1 1 1 1 1 |1 1 1 1 1 1 6 1 6 1 1 1 1 1 6 |1 1 1 1 1 1 1 1 1 1 1 1 1 1 1 |1 1 1 1 1 1 1 1 1 1 |1 3 1 1 3 |4 1 1 1 1 1 1 1 1 1 1 1 |1 1 1 1 1 1 1 1 1 1 2 6 1 3 1 1 |1 1 1 1 1 1 1 1 |1 1 1 1 1 1 1 1 1 1 3 1 1 1 1 1 1 |3 1 1 1 1 4 1 |1 1 1 1 4 1 1 1 1 6 1 1 1 |1 6 1 1 1 1 5 1 1 4 3 1 1 1 1 1 1 1 1 1 |1 1 1 1 1 1 1 1 1 1 1 1 1 1 1 3 |1 1 1 1 1 1 1 1 1 1 1 1 1 1 |1 1 1 1 1 1 1 1 1 |4 1 1 1 1 1 4 1 2 1 1 1 |6 1 1 6 1 1 1 1 1 1 1 1 1 4 |1 1 1 1 1 1 1 1 1 1 1 1 |1 1 1 1 1 1 1 1 1 1 1 1 1 1 |1 1 1 1 1 1 1 1 1 |1 1 1 6 6 1 1 1 1 1 1 1 1 |1 1 1 1 1 1 1 6 1 1 1 1 1 2 1 1 1 |6 6 1 1 1 1 6 1 1 1 1 1 1 1 1 |4 1 6 1 1 1 1 1 1 |1 5 1 1 1 1 1 1 1 1 1 1 |1 1 1 1 1 3 1 1 1 6 1 1 |1 1 6 1 1 1 1 1 1 1 1 3 5 1 1 6 1 |1 4 1 4 3 1 |1 6 1 5 1 1 1 1 3 1 1 1 1 4 |1 1 1 1 2 1 1 |1 1 1 1 1 |6 1 6 4 4 1 1 1 3 1 1 5 |1 1 1 1 1 1 1 1 1 1 1 1 1 1 6 1 4 1 4 |4 1 1 1 1 1 1 1 1 1 1 6 1 1 1 |1 1 1 1 1 1 6 |3 1 1 1 1 |6 6 4 1 1 1 1 1 6 1 1 1 1 1 1 |1 1 1 1 1 1 1 1 1 |1 1 1 1 6 1 1 1 1 1 1 1 1 6 1 3 1 1 |1 1 1 1 1 1 1 6 |1 1 1 1 6 1 5 1 4 1 1 1 1 1 1 4 1 1 4 |1 1 1 1 1 1 1 1 1 1 1 1 1 3 1 1 1 1 1 |1 6 1 5 1 1 1 1 1 1 1 1 1 |1 1 1 1 1 1 1 1 1 5 1 1 1 1 3 1 |1 1 1 1 1 1 1 |1 1 6 1 1 1 6 6 1 1 1 4 6 6 1 6 1 1 |1 1 1 1 1 1 1 1 5 6 6 1 5 1 1 6 1 1 6 |1 1 4 1 1 1 1 1 6 1 1 1 1 1 1 1 |1 1 1 1 1 1 1 1 1 1 1 1 1 |1 2 5 1 1 |1 1 1 1 1 4 1 1 1 1 1 6 1 1 1 1 |1 1 6 1 1 1 1 1 |realPatrol = 1200|fitness = 1000.8716337281642

第35个BestWave: 
1 1 4 5 6 4 1 1 2 4 1 1 1 1 1 |4 1 1 1 1 1 1 6 6 6 1 1 6 1 1 5 1 1 1 1 |6 1 1 1 1 1 1 1 |1 1 1 1 1 1 1 |1 1 1 1 1 1 5 4 1 1 1 1 1 3 1 5 |3 1 1 1 1 1 1 1 1 1 1 1 5 1 |1 1 1 1 1 1 1 1 1 5 1 1 1 1 1 6 |6 1 1 1 1 |1 1 1 1 1 1 1 |1 1 1 1 1 1 6 1 6 1 1 1 1 1 6 |1 1 1 1 1 1 3 1 1 1 1 1 1 1 1 |1 1 1 1 1 1 1 1 1 1 |1 1 1 1 3 |1 1 1 1 1 1 1 1 1 1 1 1 |1 1 1 1 1 1 1 1 1 1 1 6 1 3 6 1 |1 1 1 1 1 1 1 1 |1 1 1 1 1 1 1 1 1 1 6 1 1 1 1 1 1 |5 1 1 3 1 5 1 |1 1 1 1 6 1 1 1 1 6 1 1 1 |1 6 1 1 1 1 6 1 1 6 6 1 1 1 3 1 1 1 1 1 |1 1 1 1 1 1 1 1 1 1 1 1 4 1 1 5 |1 1 1 1 1 1 1 1 1 1 1 1 1 1 |1 1 1 1 1 1 1 1 1 |4 1 1 1 1 1 3 1 1 1 1 1 |6 1 1 6 1 1 1 1 1 1 1 1 1 4 |1 1 1 1 1 1 1 1 1 1 1 1 |1 1 1 1 1 1 1 1 1 1 1 1 1 1 |1 1 1 1 1 1 1 1 1 |1 1 1 1 6 1 1 1 1 1 1 1 1 |1 1 1 1 1 1 1 6 1 1 1 1 1 1 1 1 1 |6 6 1 1 5 1 5 1 1 1 1 1 4 1 1 |6 1 6 1 1 1 1 1 1 |1 6 1 1 1 1 1 1 1 1 1 1 |1 1 1 1 1 1 1 1 1 6 1 1 |1 1 1 1 1 1 1 1 1 1 1 1 6 1 1 5 1 |1 4 1 4 2 1 |1 6 1 6 1 1 1 1 1 1 1 1 1 3 |1 1 1 1 1 1 1 |1 1 1 1 1 |6 1 6 1 5 1 1 1 1 1 1 4 |1 1 1 1 1 1 1 1 1 1 1 1 1 1 6 1 5 1 1 |3 1 1 1 1 1 1 1 1 1 1 6 1 1 1 |1 1 1 1 1 1 5 |1 1 1 2 1 |6 5 3 1 1 1 1 1 6 1 1 1 1 1 1 |1 1 1 1 1 1 1 1 1 |1 1 1 1 6 1 1 1 1 1 1 1 1 6 1 3 1 1 |1 1 1 1 1 1 1 6 |1 1 1 1 6 1 1 1 6 1 1 1 1 1 1 6 1 3 1 |1 1 1 1 1 1 1 1 1 1 1 1 1 3 1 1 1 1 1 |1 5 1 6 1 1 1 1 1 1 1 1 1 |1 1 1 1 1 1 1 1 1 6 1 1 1 1 1 1 |1 1 1 1 1 1 1 |1 1 6 1 1 1 6 6 1 1 1 4 6 6 1 6 1 1 |1 1 1 1 1 1 1 1 5 6 6 1 5 1 1 6 1 1 6 |1 1 1 1 1 1 1 1 6 1 1 1 1 1 1 1 |1 1 1 1 1 1 1 1 1 1 1 1 1 |1 3 3 1 1 |1 1 1 1 1 1 1 1 1 1 1 6 1 1 1 1 |1 1 6 1 1 1 1 1 |realPatrol = 1200|fitness = 994.8375829914913

第36个BestWave: 
1 1 1 4 6 1 1 1 5 1 1 1 1 1 1 |5 1 1 1 1 1 1 6 5 6 3 1 6 1 1 5 1 1 1 1 |6 1 4 1 1 1 1 1 |1 1 1 1 1 1 1 |1 1 1 1 1 1 5 4 1 1 1 1 1 3 1 6 |1 1 1 1 1 1 1 1 1 1 1 1 4 1 |1 4 1 1 1 1 1 2 1 6 1 1 1 1 1 6 |6 1 1 1 1 |1 1 1 1 1 1 1 |1 1 1 1 1 1 6 1 6 1 1 1 1 1 6 |1 1 1 2 2 1 1 1 1 2 1 1 1 1 1 |1 1 1 1 1 1 1 1 1 1 |1 1 1 1 2 |5 1 1 1 1 1 1 1 1 1 1 1 |1 1 1 1 1 1 1 1 1 1 1 6 1 1 4 1 |1 1 1 1 1 1 1 1 |1 1 1 1 1 1 1 1 1 1 5 1 1 1 1 1 1 |4 1 1 3 1 3 1 |1 1 1 1 6 1 1 1 1 6 1 1 1 |1 6 1 1 1 1 5 1 1 3 4 1 1 1 1 2 1 1 1 1 |1 1 1 1 1 1 1 1 1 1 1 1 3 1 1 3 |1 1 1 1 1 1 1 1 1 1 3 1 1 1 |1 1 1 1 1 1 1 1 1 |4 1 1 1 1 1 4 1 1 1 1 1 |5 1 1 6 1 1 1 1 1 1 1 1 1 6 |1 1 1 1 1 1 1 1 1 1 1 1 |1 1 1 1 1 1 1 1 1 1 1 1 1 1 |1 1 1 1 1 1 1 1 1 |1 1 1 1 6 1 1 1 1 1 1 1 1 |1 1 1 1 1 1 1 6 1 1 1 1 1 1 1 1 1 |6 6 1 1 1 1 6 1 1 1 1 1 2 1 1 |4 1 6 1 1 1 1 3 1 |1 5 1 1 1 1 1 1 1 1 1 1 |1 1 1 1 1 1 1 1 1 6 1 1 |1 1 6 1 1 1 1 1 1 1 1 3 6 1 1 5 1 |1 5 1 4 3 1 |1 6 1 5 1 1 1 1 1 1 1 1 1 1 |1 1 1 1 1 1 1 |1 3 1 1 1 |5 1 6 1 2 1 1 1 1 1 1 1 |1 1 1 1 1 1 1 1 1 1 1 1 1 1 5 1 4 1 3 |5 1 1 1 1 1 1 1 1 1 1 6 1 1 1 |1 1 1 1 1 1 5 |1 1 1 3 1 |6 1 6 1 1 1 1 1 6 1 1 1 1 1 1 |1 1 1 1 1 1 1 1 1 |1 1 1 1 6 1 1 1 1 1 1 1 1 6 1 5 1 1 |1 1 1 1 1 1 1 6 |1 1 1 1 6 1 1 1 3 1 1 1 1 1 1 3 1 1 2 |1 1 1 1 1 1 1 1 1 1 1 1 1 3 1 1 1 1 1 |1 4 1 6 1 1 1 1 1 1 1 1 1 |1 1 1 1 1 1 1 1 1 4 1 1 1 1 5 1 |1 1 1 1 1 1 1 |1 1 6 1 1 1 6 6 1 1 1 4 6 6 2 6 1 1 |1 1 1 1 1 1 1 1 6 6 6 1 6 1 1 6 1 4 6 |1 1 2 1 1 1 1 1 6 1 1 1 1 1 1 1 |1 1 1 1 1 1 1 1 1 1 1 1 1 |1 1 6 1 1 |1 1 1 1 1 4 1 1 1 1 1 6 1 6 1 1 |1 1 6 1 1 1 1 1 |realPatrol = 1200|fitness = 999.8398182699948

第37个BestWave: 
1 1 2 4 6 1 1 2 3 1 1 1 1 1 1 |1 1 1 1 1 1 1 4 5 6 2 1 6 1 1 3 1 1 1 1 |6 1 5 1 1 1 1 1 |1 1 1 1 1 1 1 |1 1 1 1 1 1 5 4 1 1 1 1 1 3 1 5 |1 1 1 1 1 1 1 2 1 1 1 1 4 1 |1 4 1 1 1 1 1 1 1 6 1 1 1 1 1 6 |6 1 1 1 1 |1 1 1 1 1 1 1 |1 1 1 1 1 1 6 1 6 1 1 1 1 1 6 |1 1 1 1 1 1 1 1 1 1 1 1 1 1 1 |1 1 1 1 1 1 1 1 1 1 |1 1 1 1 4 |4 1 1 1 1 1 1 1 1 1 1 1 |1 1 1 1 1 1 1 1 1 1 1 6 1 1 1 1 |1 1 1 1 1 1 1 1 |1 1 1 1 1 1 1 1 1 1 5 1 1 1 1 1 1 |3 1 1 4 1 3 1 |1 1 1 1 5 1 1 3 1 6 1 1 1 |1 6 1 1 1 1 5 1 1 3 4 2 1 1 1 3 1 1 1 1 |1 1 1 1 1 1 1 1 1 1 1 1 1 1 1 3 |1 1 1 1 1 1 1 1 1 1 1 1 1 1 |1 1 1 1 1 1 1 1 1 |3 1 1 1 1 1 4 1 1 1 1 1 |6 1 1 6 1 1 1 1 1 1 1 1 1 4 |1 1 1 1 1 1 1 1 1 1 1 1 |1 1 1 1 1 4 2 1 1 1 1 1 1 1 |1 1 1 1 1 1 1 1 1 |1 1 1 4 6 1 1 1 1 1 1 1 1 |1 1 1 1 1 1 1 5 1 1 1 1 1 2 1 1 1 |6 6 1 1 4 1 6 1 1 1 1 1 1 1 1 |5 1 6 1 1 1 1 2 1 |1 5 1 1 1 1 1 1 1 1 1 1 |1 1 1 1 1 1 1 1 1 6 1 1 |1 1 6 1 1 1 1 1 1 1 1 1 6 1 1 6 1 |1 4 1 2 3 1 |1 5 1 5 1 1 1 1 1 1 3 1 1 3 |1 1 1 1 1 1 1 |1 2 1 1 2 |6 1 6 1 4 1 1 1 1 1 1 3 |1 1 1 1 1 1 1 1 1 1 1 1 1 1 6 1 4 1 1 |4 1 2 1 1 1 1 1 1 1 2 6 1 1 1 |1 1 1 1 1 1 6 |3 1 1 1 1 |6 5 5 1 1 1 3 1 6 1 1 1 1 1 1 |1 1 1 1 1 1 1 1 1 |1 1 1 1 6 1 1 1 1 1 1 1 1 6 1 4 1 1 |1 1 1 1 1 1 1 6 |1 1 1 1 6 1 3 1 5 1 1 1 1 1 1 3 1 3 4 |1 1 1 1 1 1 1 1 1 1 1 1 1 3 1 1 1 1 1 |1 4 1 6 1 1 1 1 1 1 1 1 1 |1 1 1 1 1 1 1 1 1 6 1 1 1 1 1 1 |1 1 1 1 1 1 1 |1 1 5 1 1 1 6 6 1 1 1 4 6 6 1 6 1 1 |1 1 1 1 1 1 1 1 6 6 6 1 6 1 1 6 1 1 6 |1 1 4 1 1 1 1 1 4 1 1 1 1 1 1 1 |1 1 1 1 1 1 1 1 1 1 1 1 1 |1 1 5 1 1 |1 1 1 1 1 4 1 1 1 1 1 6 1 5 1 1 |1 1 6 1 1 1 1 1 |realPatrol = 1200|fitness = 1004.9198439706514

第38个BestWave: 
1 1 5 4 6 4 1 1 3 1 1 1 1 1 1 |3 1 1 1 1 1 1 1 6 6 3 1 6 1 1 5 1 1 1 1 |6 1 4 1 1 1 1 1 |1 1 1 3 1 1 1 |1 1 1 1 1 1 5 4 1 1 1 1 1 2 1 5 |3 1 1 1 1 1 1 1 1 1 1 1 4 1 |1 3 1 1 1 1 1 1 1 6 1 1 1 1 1 5 |6 1 1 1 1 |1 1 1 1 1 1 1 |1 1 1 1 1 1 6 1 6 1 1 1 1 1 6 |1 1 1 1 2 1 1 1 1 1 1 1 1 1 1 |1 1 1 1 1 1 1 1 1 1 |1 1 1 1 3 |4 1 1 1 1 1 1 1 1 1 1 1 |1 2 1 1 1 1 1 1 1 1 1 6 1 1 3 1 |1 1 1 1 1 1 1 1 |1 1 3 1 1 1 1 1 1 1 4 1 1 1 1 1 1 |4 1 1 1 1 5 1 |1 1 1 1 6 1 1 1 1 6 1 1 1 |1 6 1 1 1 1 5 1 1 4 5 1 1 1 1 1 1 1 1 1 |1 1 1 1 1 1 1 1 1 1 1 1 1 1 1 1 |1 1 1 1 1 1 1 1 1 1 1 1 1 1 |1 1 1 1 1 1 1 1 1 |4 1 1 1 1 1 4 1 1 1 1 1 |6 1 1 6 1 1 1 1 1 1 1 1 1 5 |1 1 1 1 1 1 1 1 1 1 1 1 |1 1 1 1 1 1 1 1 1 1 1 1 1 1 |1 1 1 1 1 1 1 1 1 |1 1 1 1 6 1 1 1 1 1 1 1 1 |1 1 1 1 1 1 1 6 1 1 1 1 1 1 1 1 1 |6 6 1 1 4 1 6 1 1 1 1 1 1 1 1 |5 1 6 1 1 1 1 4 1 |1 5 1 1 1 1 1 1 1 1 3 1 |1 1 1 1 1 1 1 1 1 6 1 1 |1 1 6 1 1 1 1 1 1 1 1 1 6 1 1 6 1 |1 4 1 3 1 2 |1 6 1 4 1 1 1 5 1 1 4 1 1 2 |1 1 1 1 1 1 1 |1 1 1 1 1 |5 1 6 3 4 1 1 1 1 1 1 1 |1 1 1 1 1 1 1 1 1 1 1 1 1 1 6 1 4 1 3 |5 1 2 1 1 1 1 1 1 1 1 6 1 1 1 |1 2 1 1 1 1 5 |3 1 1 1 1 |6 6 1 1 1 1 1 1 6 1 1 1 1 1 1 |1 1 1 1 1 1 1 1 1 |1 2 1 1 6 1 1 1 1 1 1 1 1 6 1 5 1 1 |1 1 1 1 1 1 1 6 |1 1 1 1 6 1 3 1 5 1 1 1 1 1 1 5 1 1 1 |1 1 1 1 1 1 1 1 1 1 1 1 1 1 1 1 1 1 1 |1 5 1 6 1 1 1 1 1 1 1 1 1 |1 1 1 1 1 1 1 1 1 6 1 1 1 1 1 2 |1 1 1 1 1 1 1 |1 1 6 1 1 1 6 6 1 1 1 3 6 6 1 6 1 1 |1 1 1 1 1 1 1 1 5 6 6 1 6 1 1 6 1 3 5 |1 1 1 1 1 1 1 1 6 1 1 1 1 1 1 1 |1 1 1 1 1 1 1 1 1 1 1 1 1 |1 1 4 1 1 |1 1 1 1 1 4 1 1 1 1 1 6 1 4 1 1 |1 1 6 1 1 1 1 1 |realPatrol = 1200|fitness = 1003.6348936488891

第39个BestWave: 
1 1 1 4 6 4 1 1 4 1 1 1 1 1 1 |1 1 1 1 1 1 1 6 6 6 3 1 6 1 1 5 1 1 1 1 |6 1 3 1 1 1 1 1 |1 1 1 1 1 1 1 |1 1 1 1 1 1 5 4 1 1 1 1 1 3 1 5 |4 1 1 1 1 1 1 1 1 1 1 1 5 1 |1 1 1 1 1 1 1 1 1 6 1 1 1 1 1 6 |6 1 1 1 1 |1 1 1 1 1 1 1 |1 1 1 1 1 1 6 1 6 1 1 1 1 1 6 |1 1 1 3 1 1 1 1 1 1 1 1 1 1 1 |1 1 1 1 1 1 1 1 1 1 |1 1 1 1 4 |4 1 1 1 1 1 1 1 1 1 1 1 |1 1 1 1 1 1 1 1 1 1 1 6 1 1 4 1 |1 1 1 1 1 1 1 1 |1 1 1 1 1 1 1 1 1 1 4 1 1 1 1 1 1 |2 1 1 1 1 3 1 |1 1 1 1 6 1 1 1 1 6 1 1 1 |1 6 1 1 1 1 6 1 1 3 5 1 1 1 1 3 1 1 1 1 |1 1 1 1 1 1 1 1 1 1 1 1 1 1 1 3 |1 1 1 1 1 1 1 1 1 1 1 1 1 1 |1 1 1 1 1 1 1 1 1 |1 1 1 1 1 1 4 1 1 1 1 1 |5 1 1 5 1 1 1 1 1 1 1 1 1 3 |1 1 1 1 1 1 1 1 1 1 1 1 |1 1 1 1 1 1 1 1 1 1 1 1 1 1 |1 1 1 1 1 1 1 1 1 |1 1 1 1 5 1 1 1 1 2 1 1 1 |1 1 1 1 1 1 1 6 1 1 1 1 1 3 1 1 1 |5 6 1 1 6 1 6 1 1 1 1 1 1 1 1 |5 1 6 1 1 1 1 3 1 |1 5 1 1 1 1 1 1 1 1 1 1 |1 1 1 1 1 1 1 1 1 6 1 1 |1 1 6 1 1 1 1 1 1 1 1 2 6 1 1 6 1 |1 5 1 3 3 3 |1 6 1 6 1 1 1 1 1 1 4 1 1 3 |2 1 1 1 1 1 1 |1 1 1 1 1 |6 1 6 3 1 1 1 1 2 1 1 5 |1 1 1 1 1 1 1 1 1 1 1 1 1 1 6 1 4 1 4 |4 1 1 1 1 1 1 1 1 1 1 6 1 1 1 |1 1 1 1 1 1 6 |1 1 1 1 1 |6 5 3 1 1 1 1 1 6 1 1 1 1 1 1 |1 1 1 1 1 1 1 1 1 |1 1 1 1 6 1 1 1 1 1 1 1 1 6 1 5 1 1 |1 1 1 1 1 1 1 6 |1 1 1 1 6 1 5 1 5 1 1 1 1 1 1 4 1 1 3 |1 1 1 1 1 1 1 1 1 1 1 1 1 4 1 1 1 1 1 |1 3 1 4 1 1 1 1 1 1 1 1 1 |1 1 1 1 1 1 1 1 1 5 1 1 1 1 1 1 |1 1 1 1 1 1 1 |1 1 6 1 1 1 6 6 1 1 1 3 6 6 1 5 1 1 |1 1 1 1 1 1 1 1 5 6 6 1 6 1 1 6 1 3 6 |1 1 1 1 1 1 1 1 6 1 1 1 1 1 1 1 |1 1 1 1 1 1 1 1 1 1 1 1 1 |1 1 4 1 1 |1 1 1 1 1 6 1 1 1 1 1 6 1 5 1 1 |1 1 6 1 1 1 1 1 |realPatrol = 1200|fitness = 1003.4610296465322

第40个BestWave: 
1 1 1 4 6 4 1 4 1 4 1 1 1 1 1 |4 1 1 1 1 1 1 4 6 6 1 1 6 1 1 5 1 1 1 1 |6 1 5 1 1 1 1 1 |1 1 1 4 1 1 1 |1 1 1 1 1 1 5 4 1 1 1 1 1 4 1 6 |1 1 1 1 1 1 1 1 1 1 1 1 3 1 |1 5 1 1 1 1 1 1 1 6 1 1 1 1 1 6 |6 1 1 1 1 |1 1 1 1 1 1 1 |1 1 1 1 1 1 4 1 6 1 1 1 1 1 6 |1 1 1 1 1 1 1 1 1 1 1 1 1 1 1 |1 1 1 1 1 1 1 1 1 1 |1 1 1 1 3 |1 1 1 1 1 1 1 1 1 1 1 1 |1 2 1 1 1 1 1 1 1 1 1 6 1 3 1 1 |1 1 1 1 1 1 1 1 |1 1 1 1 1 1 1 1 1 1 5 1 1 1 1 1 1 |3 1 1 4 1 3 1 |1 1 1 1 6 1 1 1 1 6 1 1 1 |1 6 1 1 1 1 6 1 1 1 1 1 1 1 1 4 1 1 1 1 |1 1 1 1 1 1 1 1 1 1 1 1 1 1 1 3 |1 1 1 1 1 1 1 1 1 1 1 1 1 1 |1 1 1 1 1 1 1 1 1 |3 1 1 1 1 1 5 1 1 1 1 1 |6 1 1 5 1 1 1 1 1 1 1 1 1 4 |1 1 1 1 1 1 1 1 1 1 1 1 |1 1 1 1 1 1 1 1 1 1 1 1 1 1 |1 1 1 1 1 1 1 1 1 |1 1 1 3 6 1 1 1 1 1 1 1 1 |1 1 1 1 1 1 1 6 1 1 1 1 1 1 1 1 1 |6 6 1 1 4 1 6 1 1 1 1 1 1 1 1 |4 1 6 1 1 1 1 3 1 |1 4 1 1 1 1 1 1 1 1 1 1 |1 1 1 1 1 3 1 1 1 6 1 1 |1 1 5 1 1 1 1 1 2 1 1 1 6 1 1 6 1 |1 4 1 3 1 3 |1 6 1 4 1 1 1 1 1 1 1 1 1 3 |1 1 1 1 1 1 1 |1 2 1 1 1 |5 1 6 1 4 1 1 1 1 1 1 4 |1 1 1 1 1 1 1 1 1 1 1 1 1 1 6 1 3 1 4 |3 1 1 1 1 1 1 1 1 1 1 6 1 1 1 |1 1 1 1 1 1 6 |2 1 1 2 1 |6 5 3 1 1 1 1 1 5 1 1 1 1 1 1 |1 1 1 1 1 1 1 1 1 |1 1 1 1 6 1 1 1 1 1 1 1 1 6 1 5 1 1 |1 1 1 1 1 1 1 6 |1 1 1 1 6 1 4 1 4 1 1 1 1 1 1 5 1 1 4 |1 1 1 1 1 1 1 1 1 1 1 1 1 1 1 1 1 1 1 |1 5 1 6 1 1 1 1 1 1 1 1 1 |1 1 1 1 1 1 1 1 1 5 1 1 1 1 1 1 |1 1 1 1 1 1 1 |1 1 6 1 1 1 6 6 1 1 1 4 6 5 1 6 1 1 |1 1 1 1 1 1 1 1 6 6 6 1 6 1 1 6 1 3 6 |1 1 4 1 1 1 1 1 6 1 1 1 1 1 1 1 |1 1 1 1 1 3 1 1 1 1 1 1 1 |1 1 6 1 1 |1 1 1 1 1 3 1 1 1 1 1 6 1 6 1 1 |1 1 6 1 1 1 1 1 |realPatrol = 1200|fitness = 1001.04740534056

第41个BestWave: 
1 1 1 3 6 6 1 3 1 2 1 1 1 1 1 |4 1 1 1 1 1 1 5 4 6 3 1 6 1 1 3 1 1 1 1 |6 1 4 1 1 1 1 1 |1 1 1 1 1 1 1 |1 1 1 1 1 1 6 5 1 1 1 1 1 4 1 6 |4 1 1 1 1 1 1 4 1 1 1 1 4 1 |1 1 1 1 1 1 1 1 1 4 1 1 1 1 1 6 |6 1 1 1 1 |1 1 1 1 1 1 1 |1 1 1 1 1 1 6 1 6 1 1 1 1 1 5 |1 1 1 1 1 1 1 1 1 1 1 1 1 1 1 |1 1 1 1 1 1 1 1 1 1 |1 1 1 1 3 |4 1 1 1 1 1 1 1 1 1 1 1 |1 3 1 1 1 1 1 1 1 1 1 6 1 1 5 1 |1 1 1 1 1 1 1 1 |1 1 1 1 1 1 1 1 1 1 4 1 1 1 1 1 1 |4 1 1 1 1 4 1 |1 1 1 1 6 1 1 1 1 6 1 1 1 |1 6 1 1 1 1 6 1 1 3 4 1 1 1 1 2 1 1 1 1 |1 1 1 1 1 1 1 1 1 1 1 1 1 1 1 3 |1 1 1 1 1 1 1 1 1 1 1 1 1 1 |1 1 1 1 1 1 1 1 1 |3 1 1 1 1 1 4 1 1 1 1 1 |6 1 1 6 1 1 1 1 1 1 1 1 1 1 |1 1 1 1 1 1 1 1 1 1 1 1 |1 1 1 1 1 1 1 1 1 1 1 1 1 1 |1 1 1 1 1 1 1 1 1 |1 1 1 3 6 1 1 1 1 1 1 1 1 |1 1 1 1 1 1 1 6 1 1 1 1 1 1 1 1 1 |6 6 1 1 4 1 6 1 1 1 1 1 1 1 1 |4 1 6 1 1 1 1 4 1 |1 5 1 1 1 1 1 1 1 1 3 1 |1 1 1 1 1 3 1 1 1 6 1 1 |1 1 6 1 1 1 1 1 1 1 1 1 6 1 1 6 1 |1 3 1 3 4 1 |1 6 1 5 1 1 1 1 1 1 1 1 1 3 |1 1 1 1 1 1 1 |1 1 1 1 1 |6 1 6 1 3 1 1 1 1 1 1 1 |1 1 1 1 1 1 1 1 1 1 1 1 1 1 6 1 5 1 4 |4 1 1 1 1 1 1 1 2 1 1 6 1 1 1 |1 4 1 1 1 1 6 |1 1 1 1 1 |6 6 2 1 1 1 1 1 4 1 1 1 1 1 1 |1 1 1 1 1 1 1 1 1 |1 1 1 1 6 1 1 1 1 1 1 1 1 6 1 5 1 1 |1 1 1 1 1 1 1 6 |1 1 1 1 6 1 4 1 3 1 1 1 1 1 1 4 1 3 3 |1 1 1 1 1 1 1 1 1 1 1 1 1 1 1 1 1 1 1 |1 5 1 4 1 1 1 1 1 1 1 1 1 |1 1 1 1 1 1 1 1 1 6 1 1 1 1 1 1 |1 1 1 1 1 1 1 |1 1 6 1 1 1 6 6 1 1 1 3 6 6 1 6 1 1 |1 1 1 1 1 1 1 1 6 6 6 1 6 1 1 6 1 2 6 |1 1 5 1 1 1 1 1 6 1 1 1 1 1 1 1 |1 1 1 1 1 1 1 1 1 1 1 1 1 |1 3 5 1 1 |1 1 1 1 1 1 1 1 1 1 1 6 1 5 1 1 |1 1 6 1 1 1 1 1 |realPatrol = 1200|fitness = 1002.6933839491861

第42个BestWave: 
1 1 2 4 6 1 1 1 1 1 1 1 1 1 1 |1 1 1 1 1 1 1 3 6 6 1 1 6 1 1 5 1 1 1 1 |6 1 4 1 1 1 1 1 |1 1 1 3 1 1 1 |1 1 1 1 1 1 1 4 1 1 1 1 1 4 1 6 |1 1 1 1 1 1 1 1 1 1 1 1 3 1 |1 6 1 1 1 1 1 1 1 6 1 1 1 1 1 6 |6 1 1 1 1 |1 1 1 1 1 1 1 |1 1 1 1 1 1 6 1 6 1 1 1 1 1 6 |1 1 1 1 1 1 3 1 1 1 1 1 1 1 1 |1 1 1 1 1 1 1 1 3 1 |1 1 1 1 3 |1 1 1 1 1 1 1 1 1 1 1 1 |1 1 1 1 1 1 1 1 1 1 1 6 1 1 1 1 |1 1 1 1 1 1 1 1 |1 1 1 1 1 1 1 1 1 1 4 1 1 1 1 1 1 |1 1 1 4 1 3 1 |1 1 1 1 6 1 1 2 1 6 1 1 1 |1 6 1 1 1 1 6 1 1 4 4 1 1 1 2 1 1 1 1 1 |1 1 1 1 1 1 1 1 1 1 1 1 1 1 1 4 |1 1 1 1 1 1 1 1 1 1 1 1 1 1 |1 1 1 1 1 1 1 1 1 |3 1 1 1 1 1 5 1 4 1 1 1 |5 1 1 5 1 1 1 1 1 1 1 1 1 1 |1 1 1 1 1 1 1 1 1 1 1 1 |1 1 1 1 1 3 2 1 1 1 1 1 1 1 |1 1 1 1 1 1 1 1 1 |1 1 1 2 6 1 1 1 1 1 1 1 2 |1 1 1 1 1 1 1 6 1 1 1 1 1 1 1 1 1 |6 6 1 1 5 1 6 1 1 1 1 1 1 1 1 |5 1 6 1 1 1 1 1 1 |1 6 1 1 1 1 1 1 1 1 1 1 |1 1 1 1 1 4 1 1 1 6 1 1 |1 1 1 1 1 1 1 1 1 1 1 3 6 1 1 6 1 |1 4 1 4 5 1 |1 6 1 5 1 1 1 6 3 1 3 1 1 1 |1 1 1 1 1 1 1 |1 2 1 1 1 |6 1 6 4 5 1 1 1 1 1 1 3 |1 1 1 1 1 1 1 1 1 1 1 1 1 1 6 1 4 1 3 |5 1 1 1 1 1 1 1 1 1 1 6 1 1 1 |1 1 1 1 1 1 5 |3 1 1 1 1 |6 4 1 1 1 1 1 1 6 1 1 1 1 1 1 |1 1 1 1 1 1 1 1 1 |1 1 1 1 6 1 1 1 1 1 1 1 1 6 1 5 1 1 |1 1 1 1 1 1 1 6 |1 1 1 1 6 1 5 1 6 1 1 1 1 1 1 4 1 1 4 |1 1 1 1 1 1 1 1 1 1 1 1 1 3 1 1 1 1 1 |1 4 1 6 1 1 1 1 1 1 1 1 1 |1 1 1 1 1 1 1 1 1 5 1 1 1 1 1 3 |1 1 1 1 1 1 1 |1 1 6 1 1 1 6 6 1 1 1 3 6 6 1 6 1 1 |1 1 1 1 1 1 1 1 6 6 6 1 6 1 1 6 1 3 6 |1 1 1 1 1 1 1 1 5 1 1 1 1 1 1 1 |1 1 1 1 1 1 1 1 1 1 1 1 1 |1 1 4 1 1 |1 1 1 1 1 4 1 1 1 1 1 5 1 4 1 1 |1 1 6 1 1 1 1 1 |realPatrol = 1200|fitness = 998.3250636385103

第43个BestWave: 
1 1 4 3 6 4 1 1 3 4 1 1 1 1 1 |1 1 1 1 1 1 1 4 6 6 1 1 6 1 1 5 1 1 1 1 |6 1 4 1 1 1 1 1 |1 1 1 1 1 1 1 |1 1 1 1 1 1 5 4 1 1 1 1 1 3 1 1 |4 1 1 1 1 1 1 1 1 1 2 1 3 1 |1 4 1 1 1 1 1 1 1 6 1 1 1 1 1 6 |6 1 1 1 1 |1 1 1 1 1 1 1 |1 1 1 1 1 1 1 1 5 1 1 1 1 1 6 |1 1 1 1 1 1 1 1 1 1 1 1 1 1 1 |1 1 1 1 1 1 1 1 1 1 |1 1 1 1 2 |3 1 1 1 1 1 1 1 1 1 1 1 |1 3 1 1 1 1 1 1 1 1 1 6 1 1 1 1 |1 1 1 1 1 1 1 1 |1 1 1 1 1 1 1 1 1 1 5 1 1 1 1 1 1 |3 1 1 3 1 4 1 |1 1 1 1 6 1 1 1 1 6 1 1 1 |1 6 1 1 1 1 4 1 1 1 6 1 1 1 3 1 1 1 1 1 |1 1 1 1 1 1 1 1 1 1 1 1 1 1 1 4 |1 1 1 1 1 1 1 1 1 1 1 1 1 1 |1 1 1 1 1 1 1 1 1 |4 1 1 1 1 1 5 1 1 1 1 1 |5 1 1 5 1 1 1 1 1 1 1 1 1 4 |1 1 1 1 1 1 1 1 1 1 1 1 |1 1 1 1 1 3 1 1 1 1 1 1 1 1 |2 1 1 1 1 1 1 1 1 |1 1 1 1 6 1 1 1 1 1 1 1 1 |1 1 1 1 1 1 1 6 1 1 1 1 1 3 1 1 1 |6 6 1 1 5 1 6 1 1 1 1 1 1 1 1 |3 1 6 1 1 1 1 4 1 |1 6 1 1 1 1 1 1 1 1 1 1 |1 1 1 1 1 3 1 1 1 6 1 1 |1 1 6 1 1 1 1 1 1 1 1 1 6 1 1 6 1 |1 4 1 4 3 2 |1 6 1 6 1 1 1 5 1 1 3 1 1 1 |1 1 1 1 1 1 1 |1 1 1 1 1 |6 1 6 2 5 1 1 1 4 1 1 4 |1 1 1 1 1 1 1 1 1 1 1 1 1 1 6 1 4 1 3 |5 1 1 1 1 1 1 1 1 1 3 6 1 1 1 |1 1 1 1 1 1 6 |3 1 1 1 1 |6 5 4 1 1 1 1 1 5 1 1 1 1 1 1 |1 1 1 1 1 1 1 1 1 |1 1 1 1 6 1 1 1 1 1 1 1 1 6 1 3 1 1 |1 1 1 1 1 1 1 6 |1 1 1 1 6 1 4 1 1 1 1 1 1 1 1 5 1 1 3 |1 1 1 1 1 1 1 1 1 1 1 1 1 1 1 1 1 1 1 |1 4 1 6 1 1 1 1 1 1 1 1 1 |1 1 1 1 1 1 1 1 1 6 1 1 1 1 4 1 |1 1 1 1 1 1 1 |1 1 6 1 1 1 6 6 1 1 1 4 6 5 1 6 1 1 |1 1 1 1 1 1 1 1 6 6 6 1 6 1 1 6 1 4 6 |1 1 1 1 1 1 1 1 5 1 1 1 1 1 1 1 |1 1 1 1 1 3 1 1 1 1 1 1 1 |1 1 4 1 1 |1 1 1 1 1 3 1 1 1 1 1 5 1 1 1 1 |1 1 6 1 1 1 1 1 |realPatrol = 1200|fitness = 1001.3397517994943

第44个BestWave: 
1 1 1 5 6 6 1 1 1 1 1 1 1 1 1 |4 1 1 1 1 1 1 1 6 6 1 1 6 1 1 4 1 1 1 1 |6 1 1 1 1 1 1 1 |1 1 1 1 1 1 1 |1 1 1 1 1 1 4 3 1 1 1 1 1 3 1 6 |3 1 1 1 1 1 1 1 1 1 1 1 4 1 |1 6 1 1 1 1 1 1 1 5 1 1 1 1 1 6 |6 1 1 1 1 |1 1 1 1 1 1 1 |1 1 1 1 1 1 6 1 6 1 1 1 1 1 6 |1 1 1 1 2 1 5 1 1 1 1 1 1 1 1 |1 1 1 1 1 1 1 1 1 1 |1 1 1 1 4 |1 1 1 1 1 1 1 1 1 1 1 1 |1 1 1 1 1 1 1 1 1 1 1 6 1 1 1 1 |1 1 1 1 1 1 1 1 |1 1 2 1 1 1 1 1 1 1 4 1 1 1 1 1 1 |3 1 1 3 1 5 1 |1 1 1 1 6 1 1 1 1 6 1 1 1 |1 6 1 1 1 1 6 1 1 3 6 1 1 1 2 4 1 1 1 1 |1 1 1 1 1 1 1 1 1 1 1 1 3 1 1 4 |1 1 1 1 1 1 1 1 1 1 1 1 1 1 |1 1 1 1 1 1 1 1 1 |1 1 1 1 1 1 4 1 1 1 1 1 |6 1 1 5 1 1 1 1 1 1 1 1 1 4 |1 1 1 1 1 1 1 1 1 1 1 1 |1 1 1 1 1 1 1 1 1 1 1 1 1 1 |1 1 1 1 1 1 1 1 1 |1 1 1 1 6 1 1 1 1 1 1 1 1 |1 1 1 1 1 1 1 6 1 1 1 1 1 1 1 1 1 |4 6 1 1 3 1 6 1 1 1 1 1 1 1 1 |4 1 5 1 1 1 1 5 1 |1 6 1 1 1 1 1 1 1 1 2 1 |1 1 1 1 1 5 1 1 1 6 1 1 |1 1 6 1 1 1 1 1 2 1 1 3 6 1 1 6 1 |1 5 1 5 1 1 |1 5 1 6 1 1 1 1 1 1 2 1 1 1 |1 1 1 1 1 1 1 |1 1 1 1 1 |6 1 6 5 4 1 1 1 1 1 1 2 |1 1 1 1 1 1 1 1 1 1 1 1 1 1 5 1 4 1 4 |1 1 1 1 1 1 1 1 1 1 1 6 1 1 1 |1 1 1 1 1 1 6 |1 1 1 1 1 |6 6 4 1 1 1 4 1 6 1 1 1 1 1 1 |1 1 1 1 1 1 1 1 1 |1 1 1 1 6 1 1 1 1 1 1 1 1 6 1 6 1 1 |1 1 1 1 1 1 1 6 |1 1 1 1 6 1 3 1 4 1 1 1 1 1 1 4 1 1 2 |1 1 1 1 1 1 1 1 1 1 1 1 1 1 1 1 1 1 1 |1 4 1 6 1 1 1 1 1 1 1 1 1 |1 1 1 1 1 1 1 1 1 6 1 1 1 1 1 1 |1 1 1 1 1 1 1 |1 1 5 1 1 1 6 6 1 1 1 4 6 6 1 6 1 1 |1 1 1 1 1 1 1 1 6 6 6 1 6 1 1 6 1 4 6 |1 1 5 1 1 1 1 1 4 1 1 1 1 1 1 1 |1 1 1 1 1 1 1 1 1 1 1 1 1 |1 1 4 1 1 |1 1 1 1 1 6 1 1 1 1 1 6 1 1 1 1 |1 1 6 1 1 1 1 1 |realPatrol = 1200|fitness = 999.7683962578087

第45个BestWave: 
1 1 1 5 6 1 1 1 4 1 1 1 1 1 1 |1 1 1 1 1 1 1 4 6 6 3 1 6 1 1 4 1 1 1 1 |6 1 4 1 1 1 1 1 |1 1 1 1 1 1 1 |1 1 1 1 1 1 3 3 1 1 1 1 1 3 1 4 |1 1 1 1 1 1 1 1 1 1 1 1 4 1 |1 5 1 1 1 1 1 1 1 6 1 1 1 1 1 6 |6 1 1 1 1 |1 1 1 1 1 1 1 |1 1 1 1 1 1 5 1 6 1 1 1 1 1 6 |1 1 1 1 1 1 1 1 1 1 1 1 1 1 1 |1 1 1 1 1 1 1 1 2 1 |1 1 1 1 4 |4 1 1 1 1 1 1 1 1 1 1 1 |1 1 1 1 1 1 1 1 1 1 1 6 1 1 3 1 |1 1 1 1 1 1 1 1 |1 1 1 1 1 1 1 1 1 1 4 1 1 1 1 1 1 |2 1 1 3 1 1 1 |1 1 1 1 6 1 1 1 1 6 1 1 1 |1 6 1 1 1 1 6 1 1 4 5 1 1 1 1 3 1 1 1 1 |1 1 1 1 1 1 1 1 1 1 1 1 1 1 1 4 |1 1 1 1 1 1 1 1 1 1 1 1 1 1 |1 1 1 1 1 1 1 1 1 |1 1 1 1 1 1 4 1 1 1 1 1 |5 1 1 5 1 1 1 1 1 1 1 1 1 6 |1 1 1 1 1 1 1 1 1 1 1 1 |1 1 1 1 1 1 1 1 1 1 1 1 1 1 |2 1 1 1 1 1 1 1 1 |1 1 1 1 6 1 1 1 1 1 1 1 1 |1 1 1 1 1 1 1 6 1 1 1 1 1 2 1 1 1 |6 6 1 1 5 1 6 1 1 1 1 1 1 1 1 |6 1 6 1 1 1 1 1 1 |1 5 1 1 1 1 1 1 1 1 4 1 |1 1 1 1 1 3 1 1 1 6 1 1 |1 1 6 1 1 1 1 1 1 1 1 2 6 1 1 5 1 |1 4 1 4 4 1 |1 6 1 4 1 1 1 4 1 1 4 1 1 3 |1 1 1 1 1 1 1 |1 1 1 1 1 |6 1 6 1 1 1 1 1 1 1 1 1 |1 1 1 1 1 1 1 1 1 1 1 1 1 1 6 1 4 1 1 |4 1 1 1 1 1 1 1 1 1 1 6 1 1 1 |1 3 3 1 1 1 6 |1 1 1 4 1 |6 6 5 1 1 1 1 1 6 1 1 1 1 1 1 |1 1 1 1 2 1 1 1 1 |1 2 1 1 6 1 1 1 1 1 1 1 1 6 1 4 1 1 |1 1 1 1 1 1 1 6 |1 1 1 1 6 1 2 1 5 1 1 1 1 1 1 4 1 1 3 |1 1 1 1 1 1 1 1 1 1 1 1 1 3 1 1 1 1 1 |1 6 1 6 1 2 1 1 1 1 1 1 1 |1 3 1 1 1 1 1 1 1 6 1 1 1 1 2 1 |1 1 1 1 1 1 1 |1 1 6 1 1 1 6 6 1 1 1 4 6 5 1 6 1 1 |1 1 1 1 1 1 1 1 6 6 6 1 6 1 1 6 1 1 6 |1 1 1 1 1 1 1 1 6 1 1 1 1 1 1 1 |1 1 1 1 1 1 1 1 1 1 1 1 1 |1 1 4 1 1 |1 1 1 1 1 4 1 1 1 1 1 6 1 4 1 1 |1 1 6 1 1 1 1 1 |realPatrol = 1200|fitness = 998.9522046385878

第46个BestWave: 
1 1 1 6 6 6 1 1 3 1 1 1 1 1 1 |3 1 1 1 1 1 1 1 6 6 3 1 6 1 1 5 1 1 1 1 |6 1 1 1 1 1 1 1 |1 1 1 1 1 1 1 |1 1 1 1 1 1 3 3 1 1 1 1 1 1 1 6 |1 1 1 1 1 1 1 1 1 1 1 1 4 1 |1 3 1 1 1 1 1 1 1 6 1 1 1 1 1 6 |6 1 1 1 1 |1 1 1 1 1 1 1 |1 1 1 1 1 1 5 1 6 1 1 1 1 1 6 |1 1 1 1 1 1 1 1 1 1 1 1 1 1 1 |1 1 1 1 1 1 1 1 1 1 |1 1 1 1 4 |3 1 1 1 1 1 1 1 1 1 1 1 |1 1 1 1 1 1 1 1 1 1 1 6 1 1 3 1 |1 1 1 1 1 1 1 1 |1 1 1 1 1 1 1 1 1 1 4 1 1 1 1 1 1 |2 1 1 4 1 5 1 |1 1 1 1 6 1 1 3 1 6 1 1 1 |1 6 1 1 1 1 5 1 1 1 5 1 1 1 1 1 1 1 1 1 |1 1 1 1 1 1 1 1 1 1 1 1 2 1 1 1 |1 1 1 1 1 1 1 1 1 1 1 1 1 1 |1 1 1 1 1 1 1 1 1 |3 1 1 1 1 1 6 1 1 1 1 1 |6 1 1 6 1 1 1 1 1 1 1 1 1 6 |1 1 1 1 1 1 1 1 1 1 1 1 |1 1 1 1 1 1 1 1 1 1 1 1 1 1 |1 1 1 1 1 1 1 1 1 |1 1 1 5 6 1 1 1 1 2 1 1 1 |1 1 1 1 1 1 1 5 1 1 1 1 1 3 1 1 1 |6 6 1 1 6 1 6 1 1 1 1 1 1 1 1 |4 1 6 1 1 1 1 3 1 |1 5 1 1 1 1 1 1 1 1 5 1 |1 1 1 1 1 1 1 1 1 6 1 1 |1 1 6 1 1 1 1 1 1 1 1 1 6 1 1 6 1 |1 4 1 2 4 1 |1 6 1 5 1 1 1 3 3 1 4 1 1 1 |1 1 1 1 1 1 1 |1 1 1 1 1 |6 1 6 3 1 1 1 1 3 1 1 1 |1 1 1 1 1 1 1 1 1 1 1 1 1 1 6 1 4 1 4 |1 1 1 1 1 1 1 1 1 1 2 6 1 1 1 |1 2 1 1 1 1 6 |1 1 1 1 1 |6 6 1 1 1 1 1 1 6 1 1 1 1 1 1 |1 1 1 1 1 1 1 1 1 |1 2 1 1 6 1 1 1 1 1 1 1 1 6 1 4 1 1 |1 1 1 1 1 1 1 6 |1 1 1 1 6 1 1 1 4 1 1 1 1 1 1 4 1 1 2 |1 1 1 1 1 1 1 1 1 1 1 1 1 2 1 1 1 1 1 |1 6 1 6 1 1 1 1 1 1 1 1 1 |1 1 1 1 1 1 1 1 1 6 1 1 1 1 1 1 |1 1 1 1 1 1 1 |1 1 6 1 1 1 6 6 1 1 1 4 6 6 1 6 1 1 |1 1 1 1 1 1 1 1 6 6 6 1 6 1 1 6 1 3 6 |1 1 4 1 1 1 1 1 6 1 1 1 1 1 1 1 |1 1 1 1 1 1 1 1 1 1 1 1 1 |1 1 4 1 1 |1 1 1 1 1 6 1 1 1 1 1 6 1 5 1 1 |1 1 6 1 1 1 1 1 |realPatrol = 1200|fitness = 1002.4598941582204

第47个BestWave: 
1 1 3 3 6 5 1 5 4 2 1 1 1 1 1 |1 1 1 1 1 1 1 4 6 6 1 1 6 1 1 4 1 1 1 1 |6 1 5 1 1 1 1 1 |1 1 1 1 1 1 1 |1 1 1 1 1 1 5 3 1 1 1 1 1 4 1 4 |1 1 1 1 1 1 1 1 1 1 1 1 5 1 |1 4 1 1 1 1 1 1 1 5 1 1 1 1 1 6 |6 1 1 1 1 |1 1 1 1 1 1 1 |1 1 1 1 1 1 6 1 5 1 1 1 1 1 4 |1 1 1 1 1 1 4 1 1 1 1 1 1 1 1 |1 1 1 1 1 1 1 1 1 1 |1 1 1 1 1 |4 1 1 1 1 1 1 1 1 1 1 1 |1 1 1 1 2 1 1 1 1 1 1 5 1 1 4 1 |1 1 1 1 1 1 1 1 |1 1 1 1 1 1 1 1 1 1 5 1 1 1 1 1 1 |1 1 1 4 1 4 1 |1 1 1 1 6 1 1 1 1 6 1 1 1 |1 6 1 1 1 1 5 1 1 4 4 1 1 1 3 1 1 1 1 1 |1 1 1 1 1 1 1 1 1 1 1 1 1 1 1 4 |1 1 1 1 1 1 1 1 1 1 1 1 1 1 |1 1 1 1 1 1 1 1 1 |1 1 1 1 1 1 5 1 1 1 1 1 |6 1 1 6 1 1 1 1 1 1 1 1 1 6 |1 1 1 1 1 1 1 1 1 1 1 1 |1 1 1 1 1 1 1 1 1 1 1 1 1 1 |1 1 1 1 1 1 1 1 1 |1 1 1 1 6 1 1 1 1 1 1 1 1 |1 1 1 1 1 1 1 6 1 1 1 1 1 3 1 1 1 |5 6 1 1 5 1 6 1 1 1 1 1 1 1 1 |5 1 6 1 1 1 1 5 1 |1 6 1 1 1 1 1 1 1 1 3 1 |1 1 1 1 1 1 1 1 1 6 1 1 |1 1 6 1 1 1 1 1 1 1 1 1 6 1 1 6 1 |1 3 1 4 3 1 |1 6 1 5 1 1 1 3 1 1 1 1 1 3 |1 1 1 1 1 1 1 |1 2 1 1 1 |5 1 6 1 4 1 1 1 1 1 1 1 |1 1 1 1 1 1 1 1 1 1 1 1 1 1 6 1 6 1 1 |4 1 4 1 1 1 1 1 1 1 1 6 1 1 1 |1 1 1 1 1 1 6 |1 1 1 3 1 |6 6 1 1 1 1 1 1 4 1 1 1 1 1 1 |1 1 1 1 1 1 1 1 1 |1 1 1 1 6 1 1 1 1 1 1 1 1 6 1 5 1 1 |1 1 1 1 1 1 1 6 |1 1 1 1 6 1 5 1 4 1 1 1 1 1 1 4 1 4 1 |1 1 1 1 1 1 1 1 1 1 1 1 1 2 1 1 1 1 1 |1 4 1 6 1 1 1 1 1 1 1 1 1 |1 1 1 1 1 1 1 1 1 4 1 1 1 1 1 1 |1 1 1 1 1 1 1 |1 1 5 1 1 1 6 6 1 1 1 4 6 6 1 6 1 1 |1 1 1 1 1 1 1 1 6 6 6 1 6 1 1 6 1 2 6 |1 1 1 1 1 1 1 1 6 1 1 1 1 1 1 1 |1 1 1 1 1 1 1 1 1 1 1 1 1 |1 1 4 1 1 |1 1 1 1 1 5 1 1 1 1 1 6 1 4 1 1 |1 1 6 1 1 1 1 1 |realPatrol = 1200|fitness = 997.6638887129177

第48个BestWave: 
1 1 1 4 6 1 1 5 5 1 1 1 1 1 1 |3 1 1 1 1 1 1 5 6 6 1 1 6 1 1 6 1 1 1 1 |6 1 4 1 1 1 1 1 |1 1 1 1 1 1 1 |1 1 1 1 1 1 1 4 1 1 1 1 1 3 1 5 |1 1 1 1 1 1 1 1 1 1 1 1 4 1 |1 6 1 1 1 1 1 1 1 6 1 1 1 1 1 6 |6 1 1 1 1 |1 1 1 1 1 1 1 |1 1 1 1 1 1 6 1 6 1 1 1 1 1 6 |1 1 1 2 1 1 1 1 1 1 1 1 1 1 1 |1 1 1 1 1 1 1 1 1 1 |1 1 1 1 1 |2 1 1 1 1 1 1 1 1 1 1 1 |1 3 1 1 1 1 1 1 1 1 1 6 1 1 3 1 |1 1 1 1 1 1 1 1 |1 1 2 1 1 1 1 1 1 1 1 1 1 1 1 1 1 |6 1 1 6 1 5 1 |1 1 1 1 6 1 1 1 1 6 1 1 1 |1 6 1 1 1 1 6 1 1 3 1 1 1 1 1 1 1 1 1 1 |1 1 1 1 1 1 1 1 1 1 1 1 1 1 1 1 |1 1 1 1 1 1 1 1 1 1 1 1 1 1 |1 1 1 1 2 1 1 1 1 |4 1 1 1 1 1 6 1 2 1 1 1 |6 1 1 5 1 1 1 1 1 1 1 1 1 5 |1 1 1 1 1 1 1 1 1 1 1 1 |1 1 1 1 1 1 2 1 1 1 1 1 1 1 |1 1 1 1 1 1 1 1 1 |1 1 1 1 6 1 1 1 1 1 1 1 1 |1 1 1 1 1 1 1 6 1 1 1 1 1 5 1 1 1 |5 6 1 1 6 1 6 1 1 1 1 1 2 1 1 |2 1 6 1 1 1 1 3 1 |1 5 1 1 1 1 1 1 1 1 1 1 |1 1 1 1 1 1 1 1 1 6 1 1 |1 1 6 1 1 1 1 1 1 1 1 1 5 1 1 6 1 |1 4 1 4 4 1 |1 5 1 6 1 1 1 1 1 1 3 1 1 1 |1 1 1 1 1 1 1 |1 4 1 1 1 |6 1 6 1 4 1 1 1 1 1 1 3 |1 1 1 1 1 1 1 1 1 1 1 1 1 1 5 1 3 1 1 |5 1 1 1 1 1 1 1 1 1 3 6 1 1 1 |1 1 1 1 1 1 5 |1 1 1 1 1 |6 6 3 1 1 1 1 1 5 1 1 1 1 1 1 |1 1 1 1 2 1 1 1 1 |1 1 1 1 6 1 1 1 1 1 1 1 1 6 1 5 1 1 |1 1 1 1 1 1 1 6 |1 1 1 1 6 1 5 1 5 1 1 1 1 1 1 4 1 2 1 |1 1 1 1 1 1 1 1 1 1 1 1 1 1 1 1 1 1 1 |1 4 1 6 1 1 1 1 1 1 1 1 1 |1 1 1 1 1 1 1 1 1 6 1 1 1 1 2 1 |1 1 1 1 1 1 1 |1 1 6 1 1 1 6 6 1 1 1 3 6 6 1 6 1 1 |1 1 1 1 1 1 1 1 6 6 6 1 6 1 1 6 1 1 6 |1 1 6 1 1 1 1 1 5 1 1 1 1 1 1 1 |1 1 1 1 1 3 1 1 1 1 1 1 1 |1 1 3 1 1 |1 1 1 1 1 6 1 1 1 1 1 6 1 1 1 1 |1 1 6 1 1 1 1 1 |realPatrol = 1200|fitness = 998.2258262980914

第49个BestWave: 
1 1 2 5 6 3 1 1 4 4 1 1 1 1 1 |1 1 1 1 1 1 1 3 6 6 1 1 6 1 1 5 1 1 1 1 |6 1 4 1 1 1 1 1 |1 1 1 1 1 1 1 |1 1 1 1 1 1 1 5 1 1 1 1 1 4 1 6 |3 1 1 1 1 1 1 1 1 1 1 1 4 1 |1 4 1 1 1 1 1 1 1 6 1 1 1 1 1 6 |6 1 1 1 1 |1 1 1 1 1 1 1 |1 1 1 1 1 1 4 1 6 1 1 1 1 1 6 |1 1 1 1 1 1 1 1 1 1 1 1 1 1 1 |1 1 1 1 1 1 1 1 1 1 |1 1 1 1 3 |1 1 1 1 1 1 1 1 1 1 1 1 |1 1 1 1 1 1 1 1 1 1 1 6 1 1 3 1 |1 1 1 1 1 1 1 1 |1 1 1 1 1 1 1 1 1 1 5 1 1 1 1 1 1 |3 1 1 3 1 3 1 |1 1 1 1 6 1 1 1 1 6 1 1 1 |1 6 1 1 1 1 6 1 1 4 5 1 1 1 1 1 1 1 1 1 |1 1 1 1 1 1 1 1 1 1 1 1 1 1 1 2 |1 1 1 1 1 1 1 1 1 1 2 1 1 1 |1 1 1 1 1 1 1 1 1 |3 1 1 1 1 1 5 1 1 1 1 1 |6 1 1 5 1 1 1 1 1 1 1 1 1 5 |1 1 1 1 1 1 1 1 1 1 1 1 |1 1 1 1 1 3 1 1 1 1 1 1 1 1 |1 1 1 1 1 1 1 1 1 |1 1 1 1 6 1 1 1 1 1 1 1 1 |1 1 1 1 1 1 1 6 1 1 1 1 1 3 1 1 1 |6 6 1 1 5 1 6 1 1 1 1 1 1 1 1 |4 1 6 1 1 1 1 1 1 |1 6 1 1 1 1 1 1 1 1 1 1 |1 1 1 1 1 1 1 1 1 6 1 1 |1 1 6 1 1 1 1 1 1 1 1 1 6 1 1 6 1 |1 5 1 3 4 1 |1 6 1 5 1 1 1 3 4 1 3 1 1 4 |1 1 1 1 1 1 1 |1 1 1 1 1 |6 1 6 3 5 1 1 1 1 1 1 1 |1 1 1 1 1 1 1 1 1 1 1 1 1 1 6 1 1 1 1 |4 1 3 1 1 1 1 1 1 1 1 6 1 1 1 |1 1 1 1 1 1 5 |2 1 1 1 1 |6 6 3 1 1 1 1 1 6 1 1 1 1 1 1 |1 1 1 1 1 1 1 1 1 |1 1 1 1 6 1 1 1 1 1 1 1 1 6 1 3 1 1 |1 1 1 1 1 1 1 6 |1 1 1 1 6 1 3 1 4 1 1 1 1 1 1 4 1 3 4 |1 1 1 1 1 1 1 1 1 1 1 1 1 3 1 1 1 1 1 |1 3 1 6 1 1 1 1 1 1 1 1 1 |1 3 1 1 1 1 1 1 1 6 1 1 1 1 2 1 |1 1 1 1 1 1 1 |1 1 6 1 1 1 6 6 1 1 1 5 6 6 1 6 1 1 |1 1 1 1 1 1 1 1 5 6 6 1 5 1 1 6 1 1 6 |1 1 5 1 1 1 1 1 6 1 1 1 1 1 1 1 |1 1 1 1 1 1 1 1 1 1 1 1 1 |1 3 3 1 1 |1 1 1 1 1 1 1 1 1 1 1 6 1 5 1 1 |1 1 6 1 1 1 1 1 |realPatrol = 1200|fitness = 1003.5523375010596

第50个BestWave: 
1 1 2 4 6 3 1 1 1 3 1 1 1 1 1 |4 1 2 1 1 1 1 5 6 6 3 1 6 1 1 5 1 1 1 1 |6 1 5 1 1 1 1 1 |1 1 1 1 1 1 1 |1 1 1 1 1 1 4 1 1 1 1 1 1 4 1 6 |2 1 1 1 1 1 1 1 1 1 1 1 4 1 |1 4 1 1 1 1 1 1 1 6 1 1 1 1 1 6 |6 1 1 1 1 |1 1 1 1 1 1 1 |1 1 1 1 1 1 5 1 6 1 1 1 1 1 6 |1 1 1 1 1 1 3 1 1 1 1 1 1 1 1 |1 1 1 1 1 1 1 1 1 1 |1 1 1 1 3 |3 1 1 1 1 1 1 1 1 1 1 1 |1 1 1 1 1 1 1 1 1 1 1 6 1 1 1 1 |1 1 1 1 1 1 1 1 |1 1 1 1 1 1 1 1 1 1 4 1 1 1 1 1 1 |3 1 1 3 1 4 1 |1 1 1 1 6 1 1 1 1 6 1 1 1 |1 6 1 1 1 1 6 1 1 2 4 1 1 1 4 4 1 1 1 1 |1 1 1 1 1 1 1 1 1 1 1 1 3 1 1 1 |1 1 1 1 1 1 1 1 1 1 1 1 1 1 |1 1 1 1 1 1 1 1 1 |1 1 1 1 1 1 4 1 1 1 1 1 |4 1 1 5 1 1 1 1 1 1 1 1 1 4 |1 1 1 1 1 1 1 1 1 1 1 1 |1 1 1 1 1 3 1 1 1 1 1 1 1 1 |1 1 1 1 1 1 1 1 1 |1 1 1 1 6 1 1 1 1 1 1 1 1 |1 1 1 1 1 1 1 6 1 1 1 1 1 3 1 2 1 |6 6 1 1 5 1 6 1 1 1 1 1 3 1 1 |6 1 6 1 1 1 1 1 1 |1 5 1 1 1 1 1 1 1 1 4 1 |1 1 1 1 1 3 1 1 1 6 1 1 |1 1 5 1 1 1 1 1 1 1 1 3 6 1 1 6 1 |1 3 1 4 3 2 |1 6 1 4 1 1 1 1 4 1 1 1 1 1 |1 1 1 1 1 1 1 |1 1 1 1 1 |6 1 6 1 4 1 1 1 1 1 1 4 |1 1 1 1 1 1 1 1 1 1 1 1 1 1 4 1 3 1 1 |5 1 1 1 1 1 1 1 1 1 1 6 1 1 1 |1 1 1 1 1 1 6 |1 1 1 3 1 |6 5 5 1 1 1 1 1 4 1 1 1 1 1 1 |1 1 1 1 2 1 1 1 1 |1 1 1 1 6 1 1 1 1 1 1 1 1 6 1 4 1 1 |1 1 1 1 1 1 1 6 |1 1 1 1 6 1 1 1 3 1 1 1 1 1 1 4 1 1 3 |1 1 1 1 1 1 1 1 1 1 1 1 1 1 1 1 1 1 1 |1 4 1 5 1 1 1 1 1 1 1 1 1 |1 1 1 1 1 1 1 1 1 5 1 1 1 1 4 1 |1 1 1 1 1 1 1 |1 1 6 1 1 1 6 6 1 1 1 3 6 5 1 6 1 1 |1 1 1 1 1 1 1 1 5 6 6 1 6 1 1 6 1 3 6 |1 1 1 1 1 1 1 1 5 1 1 1 1 1 1 1 |1 1 1 1 1 3 1 1 1 1 1 1 1 |1 2 5 1 1 |1 1 1 1 1 6 1 1 1 1 1 6 1 6 1 1 |1 1 6 1 1 1 1 1 |realPatrol = 1200|fitness = 999.9980045523874

第51个BestWave: 
1 1 3 4 6 1 1 1 4 1 1 1 1 1 1 |4 1 2 1 1 1 1 5 6 6 3 1 6 1 1 1 1 1 1 1 |6 1 6 1 1 1 1 1 |1 1 1 2 1 1 1 |1 1 1 1 1 1 5 4 1 1 1 1 1 1 1 5 |4 1 1 1 1 1 1 1 1 1 1 1 1 1 |1 4 1 1 1 1 1 1 1 6 1 1 1 1 1 6 |6 1 1 1 1 |1 1 1 1 1 1 1 |1 1 1 1 1 1 5 1 6 1 1 1 1 1 6 |1 1 1 1 1 1 5 1 1 1 1 1 1 1 1 |1 1 1 1 1 1 1 1 1 1 |1 1 1 1 4 |5 1 1 1 1 1 1 1 1 1 1 1 |1 1 1 1 3 1 1 1 1 1 1 6 1 1 1 1 |1 1 1 1 1 1 1 1 |1 1 1 1 1 1 1 1 1 1 5 1 1 1 1 1 1 |2 1 1 3 1 4 1 |1 1 1 1 6 1 1 1 1 6 1 1 1 |1 5 1 1 1 1 5 1 1 3 5 1 1 1 1 3 1 1 1 1 |1 1 1 1 1 1 1 1 1 1 1 1 3 1 1 3 |1 1 1 1 1 1 1 1 1 1 1 1 1 1 |1 1 1 1 1 1 1 1 1 |1 1 1 1 1 1 5 1 1 1 1 1 |5 1 1 6 1 1 1 1 1 1 1 1 1 5 |1 1 1 1 1 1 1 1 1 1 1 1 |1 1 1 1 1 1 1 1 1 1 1 1 1 1 |1 1 1 1 1 1 1 1 1 |1 1 1 1 6 1 1 1 1 1 1 1 1 |1 1 1 1 1 1 1 5 1 1 1 1 1 2 1 1 1 |6 6 1 1 4 1 6 1 1 1 1 1 1 1 1 |4 1 6 1 1 1 1 2 1 |1 3 1 1 1 1 1 1 1 1 2 1 |1 1 1 1 1 1 1 1 1 6 1 1 |1 1 6 1 1 1 1 1 1 1 1 3 6 1 1 6 1 |1 5 1 4 3 1 |1 6 1 6 1 1 1 4 3 1 3 1 1 3 |1 1 1 1 1 1 1 |1 1 1 1 1 |6 1 6 1 4 1 1 1 3 1 1 1 |1 1 1 1 1 1 1 1 1 1 1 1 1 1 6 1 1 1 3 |5 1 1 1 1 1 1 1 1 1 1 6 1 1 1 |1 5 1 1 1 1 6 |1 1 1 1 1 |6 5 4 1 1 1 1 1 6 1 1 1 1 1 1 |1 1 1 1 1 1 1 1 1 |1 1 1 1 6 1 1 1 1 1 1 1 1 6 1 1 1 1 |1 1 1 1 1 1 1 6 |1 1 1 1 6 1 4 1 1 1 1 1 1 1 1 4 1 1 3 |1 1 1 1 1 1 1 1 1 1 1 1 1 3 1 1 1 1 1 |1 3 1 5 1 1 1 1 1 1 1 1 1 |1 1 1 1 1 1 1 1 1 5 1 1 1 1 1 1 |1 1 1 1 1 1 1 |1 1 6 2 1 1 6 6 1 1 1 4 6 5 1 5 1 1 |2 1 1 1 1 1 1 1 5 6 6 1 6 1 1 6 1 3 6 |1 1 3 1 1 1 1 1 5 1 1 1 1 1 1 1 |1 1 1 1 1 1 1 1 1 1 1 1 1 |1 1 6 1 1 |1 1 1 1 1 4 1 1 1 1 1 6 1 6 1 1 |1 1 6 1 1 1 1 1 |realPatrol = 1200|fitness = 996.7096101919344

第52个BestWave: 
1 1 4 3 6 5 1 3 3 1 1 1 1 1 1 |1 1 2 1 1 1 1 4 6 6 3 1 6 1 1 4 1 1 1 1 |6 1 4 1 1 1 1 1 |1 1 1 1 1 1 1 |1 1 1 1 1 1 4 4 1 1 1 1 1 2 1 4 |1 1 1 1 1 1 1 1 1 1 1 1 3 1 |1 4 1 1 1 1 1 1 1 6 1 1 1 1 1 6 |6 1 1 1 1 |1 1 1 1 1 1 1 |1 1 1 1 1 1 6 1 6 1 1 1 1 1 6 |1 1 1 1 1 1 1 1 1 1 1 1 1 1 1 |1 1 1 1 1 1 1 1 1 1 |1 1 1 1 3 |3 1 1 1 1 1 1 1 1 1 1 1 |1 1 1 1 1 1 1 1 1 1 1 6 1 1 4 1 |1 1 1 1 1 1 1 1 |1 1 1 1 1 1 1 1 1 1 5 1 1 1 1 1 1 |4 1 1 3 1 3 1 |1 1 1 1 6 1 1 1 1 6 1 1 1 |1 6 1 1 1 1 6 1 1 3 1 2 1 1 3 1 1 1 1 1 |1 1 1 1 2 1 1 1 1 1 1 1 1 1 1 3 |1 1 1 1 1 1 1 1 1 1 1 1 1 1 |1 1 1 1 1 1 1 1 1 |2 1 1 1 1 1 5 1 1 1 1 1 |6 1 1 6 1 1 1 1 1 1 1 1 1 4 |1 1 1 1 1 1 1 1 1 1 1 1 |1 1 1 1 1 1 1 1 1 1 1 1 1 1 |1 1 1 1 1 1 1 1 1 |1 1 1 3 6 1 1 1 1 1 1 1 1 |1 1 1 1 1 1 1 6 1 1 1 1 1 1 1 1 1 |6 6 1 1 4 1 6 1 1 1 1 1 1 1 1 |1 1 6 1 1 1 1 3 1 |1 6 1 1 1 1 1 1 1 1 3 1 |1 1 1 1 1 4 1 1 1 6 1 1 |1 1 6 1 1 1 1 1 1 1 1 1 6 1 1 6 1 |1 5 1 4 3 1 |1 6 1 5 1 1 1 5 1 1 3 1 1 1 |1 1 1 1 1 1 1 |1 1 1 1 2 |6 1 6 3 5 1 1 1 1 1 1 1 |1 1 1 1 1 1 1 1 1 1 1 1 1 1 6 1 4 1 4 |5 1 1 1 1 1 1 1 1 1 3 6 1 1 1 |1 1 1 1 1 1 6 |3 1 1 1 1 |6 6 1 1 1 1 1 1 6 1 1 1 1 1 1 |1 1 1 1 2 1 1 1 1 |1 1 1 1 6 1 1 1 1 1 1 1 1 6 1 4 1 1 |1 1 1 1 1 1 1 6 |1 1 1 1 6 1 4 1 3 1 1 1 1 1 1 4 1 1 2 |1 1 1 1 1 1 1 1 1 1 1 1 1 3 1 1 1 1 1 |1 4 1 4 1 1 1 1 1 1 1 1 1 |1 2 1 1 1 1 1 1 1 5 1 1 1 1 1 1 |1 1 1 1 1 1 1 |1 1 6 1 1 1 6 6 1 1 1 4 6 6 1 6 1 1 |1 1 1 1 1 1 1 1 5 6 6 1 6 1 1 6 1 3 6 |1 1 1 1 1 1 1 1 5 1 1 1 1 1 1 1 |1 1 1 1 1 1 1 1 1 1 1 1 1 |1 1 4 1 1 |1 1 1 1 1 5 1 1 1 1 1 6 1 4 1 1 |1 1 6 1 1 1 1 1 |realPatrol = 1200|fitness = 1005.2199933763595

第53个BestWave: 
1 1 3 3 6 1 1 3 4 2 1 1 1 1 1 |3 1 1 1 1 1 1 4 6 6 4 1 6 1 1 1 1 1 1 1 |6 1 5 1 1 1 1 1 |1 1 1 1 1 1 1 |1 1 1 1 1 1 4 5 1 1 1 1 1 3 1 5 |3 1 1 1 1 1 1 1 1 1 1 1 6 1 |1 5 1 1 1 1 1 1 1 6 1 1 1 1 1 6 |6 1 1 1 1 |1 1 1 1 1 1 1 |1 1 1 1 1 1 6 1 6 1 1 1 1 1 5 |1 1 1 1 1 1 1 1 1 1 1 1 1 1 1 |1 1 1 1 1 1 1 1 1 1 |1 2 1 1 4 |4 1 1 1 1 1 1 1 1 1 1 1 |1 2 1 1 1 1 1 1 1 1 1 5 1 1 5 1 |1 1 1 1 1 1 1 1 |1 1 1 1 1 1 1 1 1 1 5 1 1 1 1 1 1 |3 1 1 5 1 4 1 |1 1 1 1 6 1 1 2 1 6 1 1 1 |1 6 1 1 1 1 6 1 1 1 5 1 1 1 1 1 1 1 1 1 |1 1 1 1 1 1 1 1 1 1 1 1 3 1 1 5 |1 1 1 1 1 1 1 1 1 1 1 1 1 1 |1 1 1 1 1 1 1 1 1 |1 1 1 1 1 1 6 1 1 1 1 1 |6 1 1 4 1 1 1 1 1 1 1 1 1 4 |1 1 1 1 1 1 1 1 1 1 1 1 |1 1 1 1 1 1 1 1 1 1 1 1 1 1 |1 1 1 1 1 1 1 1 1 |1 1 1 1 6 1 1 1 1 1 1 1 1 |1 1 1 1 1 1 1 6 1 1 1 1 1 3 1 1 1 |6 6 1 1 4 1 6 1 1 1 1 1 3 1 1 |1 1 6 1 1 1 1 1 1 |1 6 1 1 1 1 1 1 1 1 4 1 |1 1 1 1 1 1 1 1 1 6 1 1 |1 1 6 1 1 1 1 1 1 1 1 1 6 1 1 5 1 |1 3 1 3 4 1 |1 6 1 6 1 1 1 3 1 1 3 1 1 1 |1 1 1 1 1 1 1 |1 3 1 1 2 |6 1 6 1 1 1 1 1 1 1 1 1 |1 1 1 1 1 1 1 1 1 1 1 1 1 1 6 1 1 1 3 |4 1 1 1 1 1 1 1 1 1 1 6 1 1 1 |1 1 1 1 1 1 6 |1 1 1 2 1 |6 6 4 1 1 1 1 1 6 1 1 1 1 1 1 |1 1 1 1 1 1 1 1 1 |1 1 1 1 5 1 1 1 1 1 1 1 1 6 1 4 1 1 |1 1 1 1 1 1 1 6 |1 1 1 1 6 1 1 1 4 1 1 1 1 1 1 4 1 3 4 |1 1 1 1 1 1 1 1 1 1 1 1 1 3 1 1 1 1 1 |1 4 1 6 1 1 1 1 1 1 1 1 1 |1 1 1 1 1 1 1 1 1 5 1 1 1 1 4 1 |1 1 1 1 1 1 1 |1 1 6 1 1 1 6 6 1 1 1 4 6 6 1 5 1 1 |1 1 1 1 1 1 1 1 4 6 6 1 5 1 1 6 1 1 6 |1 1 5 1 1 1 1 1 6 1 1 1 1 1 1 1 |1 1 1 1 1 1 1 1 1 1 1 1 1 |1 1 3 1 1 |1 1 1 1 1 4 1 1 1 1 1 6 1 5 1 1 |1 1 6 1 1 1 1 1 |realPatrol = 1200|fitness = 998.6791506290156

第54个BestWave: 
1 1 1 3 6 4 1 4 3 1 1 1 1 1 1 |3 1 1 1 1 1 1 5 6 6 1 1 6 1 1 5 1 1 1 1 |6 1 4 1 1 1 1 1 |1 1 1 1 1 1 1 |2 1 1 1 1 1 4 5 1 1 1 1 1 3 1 5 |1 1 1 1 1 1 1 1 1 1 1 1 4 1 |1 1 1 1 1 1 1 1 1 6 1 1 1 1 1 6 |6 1 1 1 1 |1 1 1 1 1 1 1 |1 1 1 1 1 1 1 1 6 1 1 1 1 1 6 |1 1 1 1 1 1 1 1 1 1 1 1 1 1 1 |1 1 1 1 1 1 1 1 2 1 |1 1 1 1 2 |4 1 1 1 1 1 1 1 1 1 1 1 |1 1 1 1 1 1 1 1 1 1 1 6 1 3 1 1 |1 1 1 1 1 1 1 1 |1 1 1 1 1 1 1 1 1 1 4 1 1 1 1 1 1 |1 1 1 3 1 4 1 |1 1 1 1 6 1 1 1 1 6 1 1 1 |1 6 1 1 1 1 6 1 1 4 6 3 1 1 1 3 1 1 1 1 |1 1 1 1 1 1 1 1 1 1 1 1 1 1 1 1 |1 1 1 1 1 1 1 1 1 1 1 1 1 1 |1 1 1 1 1 1 1 1 1 |4 1 2 1 1 1 4 1 2 1 1 1 |6 1 1 6 1 1 1 1 1 1 1 1 1 4 |1 1 1 1 1 1 1 1 1 1 1 1 |1 1 1 1 1 1 1 1 1 1 1 1 1 1 |1 1 1 1 1 1 1 1 1 |1 1 1 4 6 1 1 1 1 2 1 1 1 |1 1 1 1 1 1 1 5 1 1 1 1 1 1 1 1 1 |6 6 1 1 5 1 6 1 1 1 1 1 1 1 1 |4 1 6 1 1 1 1 4 1 |1 5 1 1 1 1 1 1 1 1 1 1 |1 1 1 1 1 3 1 1 1 6 1 1 |1 1 6 1 1 1 1 1 1 1 1 1 5 1 1 6 1 |1 5 1 4 3 3 |1 6 1 5 1 1 1 3 3 1 4 1 1 1 |1 1 1 1 1 1 1 |1 2 1 1 1 |6 1 6 4 4 1 1 1 2 1 1 3 |1 1 1 1 1 1 1 1 1 1 1 1 1 1 6 1 4 1 2 |1 1 1 1 1 1 1 1 1 1 2 6 1 1 1 |1 1 1 1 1 1 5 |4 1 1 1 1 |6 4 1 1 1 1 2 1 6 1 1 1 1 1 1 |1 1 1 1 3 1 1 1 1 |2 2 1 1 6 1 1 1 1 1 1 1 1 6 1 4 1 1 |1 1 1 1 1 1 1 6 |2 1 1 1 6 1 1 1 4 1 1 1 1 1 1 5 1 1 3 |1 1 1 1 1 1 1 1 1 1 1 1 1 4 1 1 1 1 1 |1 4 1 5 1 1 1 1 1 1 1 1 1 |1 4 1 1 1 1 1 1 1 6 1 1 1 1 1 1 |1 1 1 1 1 1 1 |1 1 6 1 1 1 6 6 1 1 1 4 6 6 1 6 1 1 |1 1 1 1 1 1 3 1 5 6 6 1 6 1 1 6 1 1 6 |1 1 1 1 1 1 1 1 6 1 1 1 1 1 1 1 |1 1 1 1 1 1 1 1 1 1 1 1 1 |1 1 3 1 1 |1 1 1 1 1 1 1 1 1 1 1 6 1 1 1 1 |1 1 6 1 1 1 1 1 |realPatrol = 1200|fitness = 998.3766002281828

第55个BestWave: 
1 1 1 4 6 1 1 1 3 4 1 1 1 1 1 |3 1 1 1 1 1 1 4 6 6 1 1 6 1 1 4 1 1 1 1 |6 1 5 1 1 1 1 1 |1 1 1 1 1 1 1 |1 1 1 1 1 1 4 6 1 1 1 1 1 2 1 6 |3 1 1 1 1 1 1 1 1 1 1 1 5 1 |1 5 1 1 1 1 1 1 1 5 1 1 1 1 1 6 |6 1 1 1 1 |1 1 1 1 1 1 1 |1 1 1 1 1 1 6 1 6 1 1 1 1 1 6 |1 1 1 1 1 1 3 1 1 1 1 1 1 1 1 |1 1 1 1 1 1 1 1 1 1 |1 1 1 1 3 |1 1 1 1 1 1 1 1 1 1 1 1 |1 1 1 1 1 1 1 1 1 1 1 6 1 1 4 1 |1 1 1 1 1 1 1 1 |1 1 1 1 1 1 1 1 1 1 4 1 1 1 1 1 1 |4 1 1 4 1 4 1 |1 1 1 1 5 1 1 3 1 6 1 1 1 |1 6 1 1 1 1 6 1 1 4 5 1 1 1 3 6 1 1 1 1 |1 1 1 1 1 1 1 1 1 1 1 1 3 1 1 4 |1 1 1 1 1 1 1 1 1 1 1 1 1 1 |1 1 1 1 1 1 1 1 1 |4 1 1 1 1 1 4 1 1 1 1 1 |6 1 1 6 1 1 1 1 1 1 1 1 1 5 |1 1 1 1 1 1 1 1 1 1 1 1 |1 1 1 1 1 3 1 1 1 1 1 1 1 1 |1 1 1 1 1 1 1 1 1 |1 1 1 1 6 1 1 1 1 1 1 1 1 |1 1 1 1 1 1 1 5 1 1 1 1 1 3 1 1 1 |6 6 1 1 3 1 5 1 1 1 1 1 1 1 1 |6 1 6 1 1 1 1 3 1 |1 5 1 1 1 1 1 1 1 1 1 1 |1 1 1 1 1 5 1 1 1 5 1 1 |1 1 3 1 1 1 1 1 1 1 1 1 6 1 1 6 1 |1 5 1 5 3 1 |1 6 1 6 1 1 1 1 1 1 5 1 1 3 |1 1 1 1 1 1 1 |1 1 1 1 1 |6 1 6 1 4 1 1 1 1 1 1 1 |1 1 1 1 1 1 1 1 1 1 1 1 1 1 6 1 1 1 4 |1 1 1 1 1 1 1 1 1 1 1 6 1 1 1 |1 1 1 1 1 1 6 |1 1 1 1 1 |5 5 1 1 1 1 1 1 6 1 1 1 1 1 1 |1 1 1 1 1 1 1 1 1 |1 1 1 1 6 1 1 1 1 1 1 1 1 6 1 5 1 1 |1 1 1 1 1 1 1 6 |1 1 1 1 6 1 3 1 4 1 1 1 1 1 1 1 1 1 3 |1 1 1 1 1 1 1 1 1 1 1 1 1 3 1 1 1 1 1 |1 4 1 5 1 1 1 1 1 1 1 1 1 |1 1 1 1 1 1 1 1 1 6 1 1 1 1 1 1 |1 1 1 1 1 1 1 |1 1 6 1 1 1 6 6 1 1 1 4 6 6 1 5 1 1 |1 1 1 1 1 1 1 1 6 6 6 1 6 1 1 6 1 1 6 |1 1 4 1 1 1 1 1 6 1 1 1 1 1 1 1 |1 1 1 1 1 1 1 1 1 1 1 1 1 |1 1 6 1 1 |1 1 1 1 1 5 1 1 1 1 1 6 1 1 1 1 |1 1 5 1 1 1 1 1 |realPatrol = 1200|fitness = 1002.890705208581

第56个BestWave: 
1 1 1 3 6 1 1 1 6 3 1 1 1 1 1 |5 1 1 1 1 1 1 6 4 6 4 1 6 1 1 6 1 1 1 1 |6 1 3 1 1 1 1 1 |1 1 1 1 1 1 1 |1 1 1 1 1 1 5 5 1 1 1 1 1 5 1 6 |1 1 1 1 1 1 1 1 1 1 1 1 5 1 |1 5 1 1 1 1 1 1 1 6 1 1 1 1 1 6 |6 1 1 1 1 |1 1 1 1 1 1 1 |1 1 1 1 1 1 6 1 6 1 1 1 1 1 4 |1 1 1 1 1 1 1 1 1 1 1 1 1 1 1 |1 1 1 1 1 1 1 1 1 1 |1 1 1 1 5 |4 1 1 1 1 1 1 1 1 1 1 1 |1 1 1 1 1 1 1 1 1 1 1 6 1 1 4 1 |1 1 1 1 1 1 1 1 |1 1 3 1 1 1 1 1 1 1 5 1 1 1 1 1 1 |6 1 1 3 1 4 1 |1 1 1 1 6 1 1 1 1 6 1 1 1 |1 6 1 1 1 1 4 1 1 4 6 1 1 1 1 1 1 1 1 1 |1 1 1 1 1 1 1 1 1 1 1 1 1 1 1 3 |1 1 1 1 1 1 1 1 1 1 2 1 1 1 |1 1 1 1 1 1 1 1 1 |6 1 1 1 1 1 4 1 1 1 1 1 |6 1 1 6 1 1 1 1 1 1 1 1 1 5 |1 1 1 1 1 1 1 1 1 1 1 1 |1 1 1 1 1 1 1 1 1 1 1 1 1 1 |1 1 1 1 1 1 1 1 1 |1 1 1 1 6 1 1 1 1 1 1 1 1 |1 1 1 1 1 1 1 1 1 1 1 1 1 3 1 1 1 |5 6 1 1 4 1 6 1 1 1 1 1 4 1 1 |1 1 5 1 1 1 1 4 2 |1 1 1 1 1 1 1 1 1 1 1 1 |1 1 1 1 1 1 1 1 1 6 1 1 |1 1 6 1 1 1 1 1 1 1 1 1 6 1 1 6 1 |1 5 1 6 3 1 |1 6 1 6 1 1 1 2 3 1 4 1 1 1 |1 1 1 1 1 1 1 |1 1 1 1 1 |6 1 6 2 1 1 1 1 1 1 1 5 |1 1 1 1 1 1 1 1 1 1 1 1 1 1 5 1 5 1 3 |5 1 1 1 1 1 1 1 1 1 1 6 1 1 1 |1 1 1 1 1 1 6 |1 1 1 2 1 |6 6 5 1 1 1 1 1 6 1 1 1 1 1 1 |1 1 1 1 1 1 1 1 1 |1 1 1 1 6 1 1 1 1 1 1 1 1 6 1 4 1 1 |1 1 1 1 1 1 1 6 |1 1 1 1 6 1 1 1 1 1 1 1 1 1 1 5 1 1 4 |1 1 1 1 1 1 1 1 1 1 1 1 1 1 1 1 1 1 1 |1 4 1 5 1 1 1 1 1 1 1 1 1 |1 1 1 1 1 1 1 1 1 6 1 1 1 1 1 1 |1 1 1 1 1 1 1 |1 1 5 1 1 1 6 6 1 1 1 5 6 6 1 6 1 1 |1 1 1 1 1 1 1 1 6 6 6 1 6 1 1 6 1 1 6 |1 1 3 1 1 1 1 1 6 1 1 1 1 1 1 1 |1 1 1 1 1 1 1 1 1 1 1 1 1 |1 1 4 1 1 |1 1 1 1 1 1 1 1 1 1 1 1 1 4 1 1 |1 1 6 1 1 1 1 1 |realPatrol = 1200|fitness = 998.5658454199903

第57个BestWave: 
1 1 1 4 6 1 1 1 4 4 1 1 1 1 1 |4 1 1 1 1 1 1 4 6 6 4 1 6 1 1 4 1 1 1 1 |6 1 4 1 1 1 1 1 |1 1 1 1 1 1 1 |1 1 1 1 1 1 5 4 1 1 1 1 1 3 1 4 |1 1 1 1 1 1 1 1 1 1 1 1 5 1 |1 4 1 1 1 1 1 1 1 6 1 1 1 1 1 6 |6 1 1 1 1 |1 1 1 1 1 1 1 |1 1 1 1 1 1 6 1 6 1 1 1 1 1 6 |1 1 1 1 1 1 1 1 1 1 1 1 1 1 1 |1 1 1 1 1 1 1 1 3 1 |1 1 1 1 3 |4 1 1 1 1 1 1 1 1 1 1 1 |1 2 1 1 1 1 1 1 1 1 1 6 1 1 1 1 |1 1 1 1 1 1 1 1 |1 1 1 1 1 1 1 1 1 1 4 1 1 1 1 1 1 |5 1 1 4 1 4 1 |1 1 1 1 6 1 1 2 1 6 1 1 1 |1 6 1 1 1 1 6 1 1 4 5 1 1 1 1 5 1 1 1 1 |1 1 1 1 1 1 1 1 1 1 1 1 1 1 1 3 |1 1 1 1 1 1 1 1 1 1 1 1 1 1 |1 1 1 1 1 1 1 1 1 |4 1 1 1 1 1 4 1 1 1 1 1 |6 1 1 6 1 1 1 1 1 1 1 1 1 4 |1 1 1 1 1 1 1 1 1 1 1 1 |1 1 1 1 1 1 1 1 1 1 1 1 1 1 |1 1 1 1 1 1 1 1 1 |1 1 1 1 6 1 1 1 1 1 1 1 1 |1 1 1 1 1 1 1 6 1 1 1 1 1 1 1 1 1 |6 6 1 1 4 1 6 1 1 1 1 1 1 1 1 |4 1 6 1 1 1 1 3 1 |1 1 1 1 1 1 1 1 1 1 1 1 |1 1 1 1 1 4 1 1 1 6 1 1 |1 1 6 1 1 1 1 1 1 1 1 1 6 1 1 6 1 |1 4 1 5 3 1 |1 6 1 5 1 1 1 1 3 1 3 1 1 3 |1 1 1 1 1 1 1 |1 3 1 1 1 |6 1 6 1 4 1 1 1 1 1 1 2 |1 1 1 1 1 1 1 1 1 1 1 1 1 1 6 1 4 1 1 |5 1 1 1 1 1 1 1 1 1 1 6 1 1 1 |1 3 1 1 1 1 5 |1 1 1 1 1 |6 4 1 1 1 1 1 1 5 1 1 1 1 1 1 |1 1 1 1 1 1 1 1 1 |1 1 1 1 6 1 1 1 1 1 1 1 1 6 1 5 1 1 |1 1 1 1 1 1 1 6 |2 1 1 1 6 1 5 1 4 1 1 1 1 1 1 5 1 1 1 |1 1 1 1 1 1 1 1 1 1 1 1 1 1 1 1 1 1 1 |1 5 1 6 1 1 1 1 1 1 1 1 1 |1 1 1 1 1 1 1 1 1 6 1 1 1 1 3 1 |1 1 1 1 1 1 1 |1 1 5 1 1 1 6 6 1 1 1 3 6 4 1 6 1 1 |1 1 1 1 1 1 1 1 6 6 6 1 6 1 1 6 1 1 6 |1 1 1 1 1 1 1 1 6 1 1 1 1 1 1 1 |1 1 1 1 1 2 1 1 1 1 1 1 1 |1 1 5 1 1 |1 1 1 1 1 4 1 1 1 1 1 6 1 4 1 1 |1 1 6 1 1 1 1 1 |realPatrol = 1200|fitness = 999.9613322466845

第58个BestWave: 
1 1 1 5 6 5 1 1 1 4 1 1 1 1 1 |1 1 1 1 1 1 1 4 6 6 1 1 6 1 1 5 1 1 1 1 |5 1 4 1 1 1 1 1 |1 1 1 1 1 1 1 |1 1 1 1 1 1 5 5 1 1 1 1 1 4 1 4 |5 1 1 1 1 1 1 1 1 1 1 1 4 1 |1 3 1 1 1 1 1 1 1 5 1 1 1 1 1 6 |6 1 1 1 1 |1 1 1 1 1 1 1 |1 1 1 1 1 1 6 1 6 1 1 1 1 1 6 |1 1 1 1 1 1 1 1 1 1 1 1 1 1 1 |1 1 1 1 1 1 1 1 1 1 |1 1 1 1 3 |1 1 1 1 1 1 1 1 1 1 1 1 |1 1 1 1 1 1 1 1 1 1 1 6 1 1 1 1 |1 1 1 1 1 1 1 1 |1 1 1 1 1 1 1 1 1 1 5 1 1 1 1 1 1 |2 1 1 1 1 1 1 |1 1 1 1 5 1 1 1 1 6 1 1 1 |1 6 1 1 1 1 6 1 1 1 6 1 1 1 6 6 1 1 1 1 |1 1 1 1 1 1 1 1 1 1 1 1 3 1 1 1 |1 1 1 1 1 1 1 1 1 1 1 1 1 1 |1 1 1 1 1 1 1 1 1 |5 1 1 1 1 1 6 1 1 1 1 1 |6 1 1 5 1 1 1 1 1 1 1 1 1 6 |1 1 1 1 1 1 1 1 1 1 1 1 |1 1 1 1 1 6 1 1 1 1 1 1 1 1 |1 1 1 1 1 1 1 1 1 |1 1 1 3 6 1 1 1 1 1 1 1 1 |1 1 1 1 1 1 1 6 1 1 1 1 1 1 1 1 1 |5 6 1 1 3 1 6 1 1 1 1 1 1 1 1 |3 1 6 1 1 1 1 2 1 |1 5 1 1 1 1 1 1 1 1 1 1 |1 1 1 1 1 3 1 1 1 6 1 1 |1 1 6 1 1 1 1 1 1 1 1 1 6 1 1 6 1 |1 5 1 5 5 1 |1 5 1 4 1 1 1 6 1 1 3 1 1 3 |1 1 1 1 1 1 1 |1 1 1 1 1 |6 1 6 1 1 1 1 1 3 1 1 5 |1 1 1 1 1 1 1 1 1 1 1 1 1 1 6 1 1 1 2 |3 1 1 1 1 1 1 1 1 1 1 6 1 1 1 |1 1 1 1 1 1 6 |1 1 1 1 1 |6 5 3 1 1 1 1 1 6 1 1 1 1 1 1 |1 1 1 1 1 1 1 1 1 |1 1 1 1 6 1 1 1 1 1 1 1 1 6 1 6 1 1 |1 1 1 1 1 1 1 6 |1 1 1 1 6 1 1 1 1 1 1 1 1 1 1 5 1 4 1 |1 1 1 1 1 1 1 1 1 1 1 1 1 3 1 1 1 1 1 |1 5 1 6 1 1 1 1 1 1 1 1 1 |1 1 1 1 1 1 1 1 1 5 1 1 1 1 6 1 |1 1 1 1 1 1 1 |1 1 6 1 1 1 6 6 1 1 1 3 6 6 1 6 1 1 |1 1 1 1 1 1 1 1 4 6 6 1 4 1 1 6 1 2 6 |1 1 3 1 1 1 1 1 6 1 1 1 1 1 1 1 |1 1 1 1 1 1 1 1 1 1 1 1 1 |1 1 5 1 1 |1 1 1 1 1 1 1 1 1 1 1 6 1 6 1 1 |1 1 6 1 1 1 1 1 |realPatrol = 1200|fitness = 997.0819015684887

第59个BestWave: 
1 1 1 3 6 1 1 1 3 1 1 1 1 1 1 |1 1 1 1 1 1 1 1 6 6 2 1 6 1 1 5 1 1 1 1 |6 1 4 1 1 1 1 1 |1 1 1 2 1 1 1 |1 1 1 1 1 1 5 4 1 1 1 1 1 3 1 5 |3 1 1 1 1 1 1 1 1 1 1 1 5 1 |1 5 1 1 1 1 1 1 1 6 1 1 1 1 1 6 |6 1 1 1 1 |1 1 1 1 1 1 1 |1 1 1 1 1 1 6 1 6 1 1 1 1 1 6 |1 1 1 1 1 1 2 1 1 1 1 1 1 1 1 |1 1 1 1 1 1 1 1 1 1 |1 1 1 1 1 |5 1 1 1 1 1 1 1 1 1 1 1 |1 2 1 1 1 1 1 1 1 1 1 6 1 2 1 1 |1 1 1 1 1 1 1 1 |1 1 1 1 1 1 1 1 1 1 6 1 1 1 1 1 1 |3 1 1 5 1 3 1 |1 1 1 1 6 1 1 1 1 6 1 1 1 |1 6 1 1 1 1 6 1 1 4 5 1 1 1 4 1 1 1 1 1 |1 1 1 1 1 1 1 1 1 1 1 1 3 1 1 1 |1 1 1 1 1 1 1 1 1 1 1 1 1 1 |1 1 1 1 1 1 1 1 1 |5 1 1 1 1 1 5 1 3 1 1 1 |5 1 1 6 1 1 1 1 1 1 1 1 1 5 |1 1 1 1 1 1 1 1 1 1 1 1 |1 1 1 1 1 1 1 1 1 1 1 1 1 1 |1 1 1 1 1 1 1 1 1 |1 1 1 1 6 1 1 1 1 1 1 1 1 |1 1 1 1 1 1 1 6 1 1 1 1 1 2 1 1 1 |6 6 1 1 4 1 1 1 1 1 1 1 1 1 1 |4 1 6 1 1 1 1 3 1 |1 6 1 1 1 1 1 1 1 1 4 1 |1 1 1 1 1 1 1 1 1 6 1 1 |1 1 6 1 1 1 1 1 1 1 1 1 5 1 1 6 1 |1 4 1 5 3 1 |1 6 1 6 1 1 1 1 1 1 3 1 1 4 |1 1 1 1 1 1 1 |1 1 1 1 1 |6 1 6 3 4 1 1 1 2 1 1 4 |1 1 1 1 1 1 1 1 1 1 1 1 1 1 6 1 3 1 1 |4 1 3 1 1 1 1 1 1 1 3 6 1 1 1 |1 1 1 1 1 1 6 |3 1 1 3 1 |6 6 1 1 1 1 1 1 5 1 1 1 1 1 1 |1 1 1 1 1 1 1 1 1 |1 2 1 1 6 1 1 1 1 1 1 1 1 6 1 3 1 1 |1 1 1 1 1 1 1 6 |1 1 1 1 6 1 4 1 4 1 1 1 1 1 1 5 1 1 1 |1 1 1 1 1 1 1 1 1 1 1 1 1 2 1 1 1 1 1 |1 5 1 6 1 1 1 1 1 1 1 1 1 |1 1 1 1 1 1 1 1 1 5 1 1 1 1 1 1 |1 1 1 1 1 1 1 |1 1 5 1 1 1 6 6 1 1 1 4 6 6 1 6 1 1 |1 1 1 1 1 1 1 1 4 6 6 1 5 1 1 6 1 4 6 |1 1 3 1 1 1 1 1 6 1 1 1 1 1 1 1 |1 1 1 1 1 1 1 1 1 1 1 1 1 |1 1 4 1 1 |1 1 1 1 1 1 1 1 1 1 1 6 1 5 1 1 |1 1 6 1 1 1 1 1 |realPatrol = 1200|fitness = 1002.1699185006541

第60个BestWave: 
1 1 1 3 6 1 1 1 3 1 1 1 1 1 1 |1 1 1 1 1 1 1 5 6 6 4 1 6 1 1 6 1 1 1 1 |6 1 1 1 1 1 1 1 |1 1 1 1 1 1 1 |1 1 1 1 1 1 5 3 1 1 1 1 1 3 1 6 |1 1 1 1 1 1 1 1 1 1 1 1 5 1 |1 5 1 1 1 1 1 1 1 5 1 1 1 1 1 6 |6 1 1 1 1 |1 1 1 1 1 1 1 |1 1 1 1 1 1 6 1 6 1 1 1 1 1 6 |1 1 1 1 3 1 1 1 1 1 1 1 1 1 1 |1 1 1 1 1 1 1 1 2 1 |1 1 1 1 3 |4 1 1 1 1 1 1 1 1 1 1 1 |1 1 1 1 2 1 1 1 1 1 1 6 1 1 1 1 |1 1 1 1 1 1 1 1 |1 1 1 1 1 1 1 1 1 1 6 1 1 1 1 1 1 |3 1 1 2 1 4 1 |1 1 1 1 5 1 1 3 1 6 1 1 1 |1 6 1 1 1 1 5 1 1 3 4 1 1 1 1 4 1 1 1 1 |1 1 1 1 1 1 1 1 1 1 1 1 1 1 1 1 |1 1 1 1 1 1 1 1 1 1 1 1 1 1 |1 1 1 1 1 1 1 1 1 |5 1 1 1 1 1 1 1 1 1 1 1 |5 1 1 6 1 1 1 1 1 1 1 1 1 1 |1 1 1 1 1 1 1 1 1 1 1 1 |1 1 1 1 1 1 3 1 1 1 1 1 1 1 |1 1 1 1 1 1 1 1 1 |1 1 1 1 6 1 1 1 1 1 1 1 1 |1 1 1 1 1 1 1 6 1 1 1 1 1 1 1 1 1 |6 6 1 1 5 1 6 1 1 1 1 1 4 1 1 |4 1 6 1 1 1 1 3 1 |1 5 1 1 1 1 1 1 1 1 1 1 |1 1 1 1 1 1 1 1 1 6 1 1 |1 1 6 1 1 1 1 1 1 1 1 3 6 1 1 6 1 |1 5 1 3 3 1 |1 6 1 5 1 1 1 6 3 1 3 1 1 1 |1 1 1 1 1 1 1 |1 1 1 1 1 |6 1 6 3 5 1 1 1 2 1 1 4 |1 1 1 1 1 1 1 1 1 1 1 1 1 1 5 1 3 1 3 |6 1 1 1 1 1 1 1 1 1 1 6 1 1 1 |1 1 1 1 1 1 6 |1 1 1 1 1 |5 6 4 1 1 1 1 1 5 1 1 1 1 1 1 |1 1 1 1 1 1 1 1 1 |1 1 1 1 6 1 1 1 1 1 1 1 1 6 1 1 1 1 |1 1 1 1 1 1 1 6 |1 1 1 1 6 1 5 1 4 1 1 1 1 1 1 3 1 3 3 |1 1 1 1 1 1 1 1 1 1 1 1 1 3 1 1 1 1 1 |1 4 1 6 1 1 1 1 1 1 1 1 1 |1 1 1 1 1 1 1 1 1 6 1 1 1 1 1 1 |1 1 1 1 1 1 1 |1 1 6 1 1 1 6 6 1 1 1 4 6 6 1 6 1 1 |1 1 1 1 1 1 1 1 6 6 6 1 6 1 1 6 1 3 5 |1 1 1 1 1 1 1 1 6 1 1 1 1 1 1 1 |1 1 1 1 1 1 1 1 1 1 1 1 1 |1 1 5 1 1 |1 1 1 1 1 3 1 1 1 1 1 6 1 6 1 1 |1 1 6 1 1 1 1 1 |realPatrol = 1200|fitness = 997.2762774341971

最优解的最大适应度：1005.2199933763595
最优解的最小适应度：992.7968735046932
最优解的平均适应度：999.8499880127949
估计标准差值：2.5601222189106343
最优解的最佳分配：
1 1 4 3 6 5 1 3 3 1 1 1 1 1 1 |1 1 2 1 1 1 1 4 6 6 3 1 6 1 1 4 1 1 1 1 |6 1 4 1 1 1 1 1 |1 1 1 1 1 1 1 |1 1 1 1 1 1 4 4 1 1 1 1 1 2 1 4 |1 1 1 1 1 1 1 1 1 1 1 1 3 1 |1 4 1 1 1 1 1 1 1 6 1 1 1 1 1 6 |6 1 1 1 1 |1 1 1 1 1 1 1 |1 1 1 1 1 1 6 1 6 1 1 1 1 1 6 |1 1 1 1 1 1 1 1 1 1 1 1 1 1 1 |1 1 1 1 1 1 1 1 1 1 |1 1 1 1 3 |3 1 1 1 1 1 1 1 1 1 1 1 |1 1 1 1 1 1 1 1 1 1 1 6 1 1 4 1 |1 1 1 1 1 1 1 1 |1 1 1 1 1 1 1 1 1 1 5 1 1 1 1 1 1 |4 1 1 3 1 3 1 |1 1 1 1 6 1 1 1 1 6 1 1 1 |1 6 1 1 1 1 6 1 1 3 1 2 1 1 3 1 1 1 1 1 |1 1 1 1 2 1 1 1 1 1 1 1 1 1 1 3 |1 1 1 1 1 1 1 1 1 1 1 1 1 1 |1 1 1 1 1 1 1 1 1 |2 1 1 1 1 1 5 1 1 1 1 1 |6 1 1 6 1 1 1 1 1 1 1 1 1 4 |1 1 1 1 1 1 1 1 1 1 1 1 |1 1 1 1 1 1 1 1 1 1 1 1 1 1 |1 1 1 1 1 1 1 1 1 |1 1 1 3 6 1 1 1 1 1 1 1 1 |1 1 1 1 1 1 1 6 1 1 1 1 1 1 1 1 1 |6 6 1 1 4 1 6 1 1 1 1 1 1 1 1 |1 1 6 1 1 1 1 3 1 |1 6 1 1 1 1 1 1 1 1 3 1 |1 1 1 1 1 4 1 1 1 6 1 1 |1 1 6 1 1 1 1 1 1 1 1 1 6 1 1 6 1 |1 5 1 4 3 1 |1 6 1 5 1 1 1 5 1 1 3 1 1 1 |1 1 1 1 1 1 1 |1 1 1 1 2 |6 1 6 3 5 1 1 1 1 1 1 1 |1 1 1 1 1 1 1 1 1 1 1 1 1 1 6 1 4 1 4 |5 1 1 1 1 1 1 1 1 1 3 6 1 1 1 |1 1 1 1 1 1 6 |3 1 1 1 1 |6 6 1 1 1 1 1 1 6 1 1 1 1 1 1 |1 1 1 1 2 1 1 1 1 |1 1 1 1 6 1 1 1 1 1 1 1 1 6 1 4 1 1 |1 1 1 1 1 1 1 6 |1 1 1 1 6 1 4 1 3 1 1 1 1 1 1 4 1 1 2 |1 1 1 1 1 1 1 1 1 1 1 1 1 3 1 1 1 1 1 |1 4 1 4 1 1 1 1 1 1 1 1 1 |1 2 1 1 1 1 1 1 1 5 1 1 1 1 1 1 |1 1 1 1 1 1 1 |1 1 6 1 1 1 6 6 1 1 1 4 6 6 1 6 1 1 |1 1 1 1 1 1 1 1 5 6 6 1 6 1 1 6 1 3 6 |1 1 1 1 1 1 1 1 5 1 1 1 1 1 1 1 |1 1 1 1 1 1 1 1 1 1 1 1 1 |1 1 4 1 1 |1 1 1 1 1 5 1 1 1 1 1 6 1 4 1 1 |1 1 6 1 1 1 1 1 |1200|realPatrol = 1200
PWWO算法运行求解巡逻调度问题耗时：5小时，51分钟，38秒
