===============第1个全局最优解================
最佳代数：
1520
最佳分配：
1 6 1 1 1 1 |1 1 1 6 1 1 1 5 1 3 1 1 1 1 4 |
最佳适应度：
1.144839282354309

===============第2个全局最优解================
最佳代数：
1124
最佳分配：
1 6 1 1 1 1 |1 1 1 6 1 1 1 6 1 3 1 1 1 1 3 |
最佳适应度：
1.1444928450354814

===============第3个全局最优解================
最佳代数：
974
最佳分配：
1 6 1 1 1 1 |1 1 1 6 1 1 1 6 1 1 1 1 1 1 5 |
最佳适应度：
1.1389743960700145

===============第4个全局最优解================
最佳代数：
627
最佳分配：
1 6 1 1 1 1 |1 1 1 6 1 1 1 6 1 1 1 1 1 1 5 |
最佳适应度：
1.1198453846616818

===============第5个全局最优解================
最佳代数：
1170
最佳分配：
1 6 1 1 1 1 |1 1 1 6 1 1 1 5 1 2 1 1 1 1 5 |
最佳适应度：
1.139931153693372

===============第6个全局最优解================
最佳代数：
1047
最佳分配：
1 6 1 1 1 1 |1 1 1 6 1 1 1 6 1 4 1 1 1 1 2 |
最佳适应度：
1.137725782821007

===============第7个全局最优解================
最佳代数：
1257
最佳分配：
1 6 1 1 1 1 |1 1 1 6 1 1 1 6 1 2 1 1 1 1 4 |
最佳适应度：
1.1564591203002563

===============第8个全局最优解================
最佳代数：
1062
最佳分配：
1 6 1 1 1 1 |1 1 1 6 1 1 1 6 1 3 1 1 1 1 3 |
最佳适应度：
1.143681918297527

===============第9个全局最优解================
最佳代数：
843
最佳分配：
1 6 1 1 1 1 |1 1 1 6 1 1 1 6 1 1 1 1 1 1 5 |
最佳适应度：
1.161585832075575

===============第10个全局最优解================
最佳代数：
982
最佳分配：
1 6 1 1 1 1 |1 1 1 6 1 1 1 6 1 4 1 1 1 1 2 |
最佳适应度：
1.1085190746000126

===============第11个全局最优解================
最佳代数：
1239
最佳分配：
1 6 1 1 1 1 |1 1 1 6 1 1 1 6 1 3 1 1 1 1 3 |
最佳适应度：
1.168844073928113

===============第12个全局最优解================
最佳代数：
1169
最佳分配：
1 6 1 1 1 1 |1 1 1 6 1 1 1 6 1 2 1 1 1 1 4 |
最佳适应度：
1.167877795935772

===============第13个全局最优解================
最佳代数：
905
最佳分配：
1 6 1 1 1 1 |1 1 1 6 1 1 1 6 1 1 1 1 1 1 5 |
最佳适应度：
1.1521627339643066

===============第14个全局最优解================
最佳代数：
760
最佳分配：
1 6 1 1 1 1 |1 1 1 6 1 1 1 5 1 3 1 1 1 1 4 |
最佳适应度：
1.1360602853754738

===============第15个全局最优解================
最佳代数：
1025
最佳分配：
1 6 1 1 1 1 |1 1 1 6 1 1 1 6 1 2 1 1 1 1 4 |
最佳适应度：
1.1324089337828263

===============第16个全局最优解================
最佳代数：
909
最佳分配：
1 6 1 1 1 1 |1 1 1 6 1 1 1 5 1 3 1 1 1 1 4 |
最佳适应度：
1.110463801958016

===============第17个全局最优解================
最佳代数：
1257
最佳分配：
1 6 1 1 1 1 |1 1 1 6 1 1 1 6 1 2 1 1 1 1 4 |
最佳适应度：
1.1537172776700686

===============第18个全局最优解================
最佳代数：
982
最佳分配：
1 6 1 1 1 1 |1 1 1 6 1 1 1 6 1 1 1 1 1 1 5 |
最佳适应度：
1.1302012651613413

===============第19个全局最优解================
最佳代数：
983
最佳分配：
1 6 1 1 1 1 |1 1 1 6 1 1 1 6 1 1 1 1 1 1 5 |
最佳适应度：
1.1562556880983057

===============第20个全局最优解================
最佳代数：
1080
最佳分配：
1 6 1 1 1 1 |1 1 1 6 1 1 1 6 1 2 1 1 1 1 4 |
最佳适应度：
1.1255920395077699

===============第21个全局最优解================
最佳代数：
1109
最佳分配：
1 6 1 1 1 1 |1 1 1 6 1 1 1 6 1 2 1 1 1 1 4 |
最佳适应度：
1.1303198201340674

===============第22个全局最优解================
最佳代数：
1264
最佳分配：
1 6 1 1 1 1 |1 1 1 6 1 1 1 5 1 2 1 1 1 1 5 |
最佳适应度：
1.1286774128905737

===============第23个全局最优解================
最佳代数：
1548
最佳分配：
1 6 1 1 1 1 |1 1 1 6 1 1 1 6 1 2 1 1 1 1 4 |
最佳适应度：
1.1212920610109827

===============第24个全局最优解================
最佳代数：
1061
最佳分配：
1 6 1 1 1 1 |1 1 1 6 1 1 1 6 1 1 1 1 1 1 5 |
最佳适应度：
1.175040461803625

===============第25个全局最优解================
最佳代数：
981
最佳分配：
1 6 1 1 1 1 |1 1 1 6 1 1 1 6 1 1 1 1 1 1 5 |
最佳适应度：
1.1696555509181772

===============第26个全局最优解================
最佳代数：
739
最佳分配：
1 6 1 1 1 1 |1 1 1 6 1 1 1 5 1 2 1 1 1 1 5 |
最佳适应度：
1.1559914241471045

===============第27个全局最优解================
最佳代数：
875
最佳分配：
1 6 1 1 1 1 |1 1 1 6 1 1 1 6 1 2 1 1 1 1 4 |
最佳适应度：
1.1268005871640117

===============第28个全局最优解================
最佳代数：
1895
最佳分配：
1 6 1 1 1 1 |1 1 1 6 1 1 1 6 1 2 1 1 1 1 4 |
最佳适应度：
1.115827158810862

===============第29个全局最优解================
最佳代数：
922
最佳分配：
1 6 1 1 1 1 |1 1 1 6 1 1 1 6 1 2 1 1 1 1 4 |
最佳适应度：
1.1296354282053818

===============第30个全局最优解================
最佳代数：
1158
最佳分配：
1 6 1 1 1 1 |1 1 1 6 1 1 1 6 1 2 1 1 1 1 4 |
最佳适应度：
1.1389458840357618

===============第31个全局最优解================
最佳代数：
1256
最佳分配：
1 6 1 1 1 1 |1 1 1 6 1 1 1 6 1 3 1 1 1 1 3 |
最佳适应度：
1.1388933462454875

===============第32个全局最优解================
最佳代数：
1429
最佳分配：
1 6 1 1 1 1 |1 1 1 6 1 1 1 6 1 2 1 1 1 1 4 |
最佳适应度：
1.1597865004584627

===============第33个全局最优解================
最佳代数：
1305
最佳分配：
1 6 1 1 1 1 |1 1 1 6 1 1 1 5 1 4 1 1 1 1 3 |
最佳适应度：
1.139408248625047

===============第34个全局最优解================
最佳代数：
689
最佳分配：
1 6 1 1 1 1 |1 1 1 6 1 1 1 6 1 2 1 1 1 1 4 |
最佳适应度：
1.1668785143799107

===============第35个全局最优解================
最佳代数：
902
最佳分配：
1 6 1 1 1 1 |1 1 1 6 1 1 1 6 1 2 1 1 1 1 4 |
最佳适应度：
1.151860402537335

===============第36个全局最优解================
最佳代数：
1106
最佳分配：
1 6 1 1 1 1 |1 1 1 6 1 1 1 6 1 2 1 1 1 1 4 |
最佳适应度：
1.170645685986837

===============第37个全局最优解================
最佳代数：
950
最佳分配：
1 6 1 1 1 1 |1 1 1 6 1 1 1 6 1 4 1 1 1 1 2 |
最佳适应度：
1.1534002252988655

===============第38个全局最优解================
最佳代数：
942
最佳分配：
1 6 1 1 1 1 |1 1 1 6 1 1 1 6 1 2 1 1 1 1 4 |
最佳适应度：
1.1438133941957436

===============第39个全局最优解================
最佳代数：
1222
最佳分配：
1 6 1 1 1 1 |1 1 1 6 1 1 1 6 1 2 1 1 1 1 4 |
最佳适应度：
1.1591142528506941

===============第40个全局最优解================
最佳代数：
969
最佳分配：
1 6 1 1 1 1 |1 1 1 6 1 1 1 6 1 2 1 1 1 1 4 |
最佳适应度：
1.1474646710355407

===============第41个全局最优解================
最佳代数：
1347
最佳分配：
1 6 1 1 1 1 |1 1 1 6 1 1 1 6 1 2 1 1 1 1 4 |
最佳适应度：
1.120351301804833

===============第42个全局最优解================
最佳代数：
916
最佳分配：
1 6 1 1 1 1 |1 1 1 6 1 1 1 6 1 1 1 1 1 1 5 |
最佳适应度：
1.1366696655156232

===============第43个全局最优解================
最佳代数：
949
最佳分配：
1 6 1 1 1 1 |1 1 1 6 1 1 1 6 1 2 1 1 1 1 4 |
最佳适应度：
1.1277099183914059

===============第44个全局最优解================
最佳代数：
1206
最佳分配：
1 6 1 1 1 1 |1 1 1 6 1 1 1 6 1 3 1 1 1 1 3 |
最佳适应度：
1.1226398183190058

===============第45个全局最优解================
最佳代数：
1232
最佳分配：
1 6 1 1 1 1 |1 1 1 6 1 1 1 6 1 2 1 1 1 1 4 |
最佳适应度：
1.144244345473926

===============第46个全局最优解================
最佳代数：
1255
最佳分配：
1 6 1 1 1 1 |1 1 1 6 1 1 1 6 1 2 1 1 1 1 4 |
最佳适应度：
1.1645956025203852

===============第47个全局最优解================
最佳代数：
981
最佳分配：
1 6 1 1 1 1 |1 1 1 6 1 1 1 6 1 2 1 1 1 1 4 |
最佳适应度：
1.1493108345689538

===============第48个全局最优解================
最佳代数：
959
最佳分配：
1 6 1 1 1 1 |1 1 1 6 1 1 1 6 1 2 1 1 1 1 4 |
最佳适应度：
1.1583709567643774

===============第49个全局最优解================
最佳代数：
759
最佳分配：
1 6 1 1 1 1 |1 1 1 6 1 1 1 6 1 4 1 1 1 1 2 |
最佳适应度：
1.1437993991224296

===============第50个全局最优解================
最佳代数：
729
最佳分配：
1 6 1 1 1 1 |1 1 1 6 1 1 1 6 1 3 1 1 1 1 3 |
最佳适应度：
1.1291675425508414

===============第51个全局最优解================
最佳代数：
1038
最佳分配：
1 6 1 1 1 1 |1 1 1 6 1 1 1 5 1 3 1 1 1 1 4 |
最佳适应度：
1.1484527578779793

===============第52个全局最优解================
最佳代数：
1029
最佳分配：
1 6 1 1 1 1 |1 1 1 6 1 1 1 6 1 2 1 1 1 1 4 |
最佳适应度：
1.1217651444771213

===============第53个全局最优解================
最佳代数：
1071
最佳分配：
1 6 1 1 1 1 |1 1 1 6 1 1 1 6 1 2 1 1 1 1 4 |
最佳适应度：
1.1325220368850848

===============第54个全局最优解================
最佳代数：
842
最佳分配：
1 6 1 1 1 1 |1 1 1 6 1 1 1 6 1 3 1 1 1 1 3 |
最佳适应度：
1.160082905344895

===============第55个全局最优解================
最佳代数：
517
最佳分配：
1 6 1 1 1 1 |1 1 1 6 1 1 1 6 1 1 1 1 1 1 5 |
最佳适应度：
1.1407172025076568

===============第56个全局最优解================
最佳代数：
1030
最佳分配：
1 6 1 1 1 1 |1 1 1 6 1 1 1 6 1 3 1 1 1 1 3 |
最佳适应度：
1.1371491165118817

===============第57个全局最优解================
最佳代数：
1004
最佳分配：
1 6 1 1 1 1 |1 1 1 6 1 1 1 5 1 1 1 1 1 1 6 |
最佳适应度：
1.1309374877700242

===============第58个全局最优解================
最佳代数：
831
最佳分配：
1 6 1 1 1 1 |1 1 1 6 1 1 1 6 1 1 1 1 1 1 5 |
最佳适应度：
1.1246707197855668

===============第59个全局最优解================
最佳代数：
945
最佳分配：
1 6 1 1 1 1 |1 1 1 6 1 1 1 6 1 1 1 1 1 1 5 |
最佳适应度：
1.1466151614378375

===============第60个全局最优解================
最佳代数：
1136
最佳分配：
1 6 1 1 1 1 |1 1 1 6 1 1 1 6 1 2 1 1 1 1 4 |
最佳适应度：
1.1275456678020872

最大适应度：1.175040461803625
最小适应度：1.1085190746000126
平均适应度：1.1420067883576268
估计标准差值：0.016178752633054107
最佳分配：
1 6 1 1 1 1 |1 1 1 6 1 1 1 6 1 1 1 1 1 1 5 |
PSO算法运行求解巡逻调度问题耗时：0小时，0分钟，13秒
