=============第1个最优解如下=============
最大目标值出现代数：
9971
最大目标值为：
886.5511622449361
最佳分配方案：
2 1 3 3 2 2 1 3 2 3 1 2 2 2 2 |2 2 2 2 2 2 1 3 3 3 2 2 3 1 2 3 2 2 2 1 |3 1 2 1 1 2 2 1 |1 1 2 2 2 2 2 |3 2 2 2 1 1 2 2 2 1 1 1 2 2 2 3 |3 2 2 2 1 1 2 2 1 2 2 1 3 1 |1 2 2 1 2 2 1 2 2 3 2 2 2 1 1 3 |3 1 2 2 1 |2 2 2 1 2 1 1 |2 1 2 3 1 1 2 2 3 2 1 1 2 2 3 |2 1 2 2 2 2 2 1 1 2 2 1 2 2 1 |1 2 1 1 2 2 1 2 2 2 |2 2 1 2 2 |2 2 2 1 1 2 2 2 2 1 1 1 |1 2 1 1 2 2 1 1 1 1 2 3 2 2 2 2 |2 2 1 1 2 2 1 1 |2 1 2 1 2 1 1 1 2 1 3 2 2 1 1 1 1 |2 2 2 2 1 2 2 |2 2 2 1 3 2 2 2 2 3 1 2 1 |2 2 2 2 2 2 2 1 2 2 2 2 1 1 2 2 2 2 1 1 |2 1 2 2 2 1 1 1 1 1 1 1 2 2 1 2 |1 1 1 1 2 1 1 1 1 1 2 1 2 2 |1 2 2 1 2 2 2 2 1 |2 1 2 1 1 1 2 1 2 1 2 2 |2 1 2 2 2 2 2 2 2 2 2 1 2 2 |1 1 2 2 2 2 1 1 2 2 1 1 |1 1 2 1 1 2 2 2 1 1 2 1 1 2 |2 1 1 1 1 1 1 1 1 |1 1 1 1 3 2 2 1 2 2 1 2 1 |1 1 1 1 1 1 1 2 1 2 2 1 1 2 1 2 1 |2 2 1 2 2 1 2 2 1 1 1 1 1 1 2 |2 1 2 1 1 2 1 2 2 |2 2 2 2 1 1 2 1 2 2 2 2 |1 1 1 2 1 2 2 2 2 2 2 1 |1 2 2 2 2 2 2 2 2 2 1 2 2 2 2 2 2 |2 2 2 2 2 2 |2 3 2 2 1 1 2 2 2 2 2 1 1 2 |2 1 1 1 2 2 1 |1 2 2 2 2 |2 1 2 2 2 1 2 1 2 1 1 2 |2 2 2 2 1 2 1 1 1 2 1 2 1 1 2 1 2 1 2 |2 2 2 1 2 1 1 1 2 1 2 2 1 1 1 |2 2 2 1 2 1 2 |2 1 2 2 1 |2 2 2 2 2 2 2 1 2 1 2 1 2 1 1 |1 1 1 1 1 1 1 1 1 |2 2 1 1 2 1 2 2 1 2 1 2 2 2 1 2 2 1 |2 1 1 2 2 1 1 2 |2 1 1 2 2 1 2 2 2 1 1 2 2 1 1 2 1 2 2 |1 1 1 1 1 1 1 2 2 1 2 1 1 2 2 1 1 1 1 |1 2 1 2 2 2 1 1 1 1 1 1 1 |1 2 1 1 1 1 1 1 1 2 2 1 1 1 2 2 |2 1 1 1 1 1 2 |1 1 2 1 2 1 2 2 1 1 2 2 2 2 2 2 1 1 |2 2 1 1 1 2 2 2 2 2 2 2 2 1 2 2 1 2 2 |2 2 2 1 2 1 1 1 2 1 2 1 1 1 1 1 |2 2 2 1 1 2 2 1 1 2 2 1 2 |1 2 2 1 2 |1 2 1 1 1 2 1 2 2 1 2 2 2 2 1 1 |1 1 2 1 1 2 1 1 |

最大适应度：886.5511622449361
最小适应度：886.5511622449361
平均适应度：886.5511622449361
估计标准差值：NaN
最佳分配：
2 1 3 3 2 2 1 3 2 3 1 2 2 2 2 |2 2 2 2 2 2 1 3 3 3 2 2 3 1 2 3 2 2 2 1 |3 1 2 1 1 2 2 1 |1 1 2 2 2 2 2 |3 2 2 2 1 1 2 2 2 1 1 1 2 2 2 3 |3 2 2 2 1 1 2 2 1 2 2 1 3 1 |1 2 2 1 2 2 1 2 2 3 2 2 2 1 1 3 |3 1 2 2 1 |2 2 2 1 2 1 1 |2 1 2 3 1 1 2 2 3 2 1 1 2 2 3 |2 1 2 2 2 2 2 1 1 2 2 1 2 2 1 |1 2 1 1 2 2 1 2 2 2 |2 2 1 2 2 |2 2 2 1 1 2 2 2 2 1 1 1 |1 2 1 1 2 2 1 1 1 1 2 3 2 2 2 2 |2 2 1 1 2 2 1 1 |2 1 2 1 2 1 1 1 2 1 3 2 2 1 1 1 1 |2 2 2 2 1 2 2 |2 2 2 1 3 2 2 2 2 3 1 2 1 |2 2 2 2 2 2 2 1 2 2 2 2 1 1 2 2 2 2 1 1 |2 1 2 2 2 1 1 1 1 1 1 1 2 2 1 2 |1 1 1 1 2 1 1 1 1 1 2 1 2 2 |1 2 2 1 2 2 2 2 1 |2 1 2 1 1 1 2 1 2 1 2 2 |2 1 2 2 2 2 2 2 2 2 2 1 2 2 |1 1 2 2 2 2 1 1 2 2 1 1 |1 1 2 1 1 2 2 2 1 1 2 1 1 2 |2 1 1 1 1 1 1 1 1 |1 1 1 1 3 2 2 1 2 2 1 2 1 |1 1 1 1 1 1 1 2 1 2 2 1 1 2 1 2 1 |2 2 1 2 2 1 2 2 1 1 1 1 1 1 2 |2 1 2 1 1 2 1 2 2 |2 2 2 2 1 1 2 1 2 2 2 2 |1 1 1 2 1 2 2 2 2 2 2 1 |1 2 2 2 2 2 2 2 2 2 1 2 2 2 2 2 2 |2 2 2 2 2 2 |2 3 2 2 1 1 2 2 2 2 2 1 1 2 |2 1 1 1 2 2 1 |1 2 2 2 2 |2 1 2 2 2 1 2 1 2 1 1 2 |2 2 2 2 1 2 1 1 1 2 1 2 1 1 2 1 2 1 2 |2 2 2 1 2 1 1 1 2 1 2 2 1 1 1 |2 2 2 1 2 1 2 |2 1 2 2 1 |2 2 2 2 2 2 2 1 2 1 2 1 2 1 1 |1 1 1 1 1 1 1 1 1 |2 2 1 1 2 1 2 2 1 2 1 2 2 2 1 2 2 1 |2 1 1 2 2 1 1 2 |2 1 1 2 2 1 2 2 2 1 1 2 2 1 1 2 1 2 2 |1 1 1 1 1 1 1 2 2 1 2 1 1 2 2 1 1 1 1 |1 2 1 2 2 2 1 1 1 1 1 1 1 |1 2 1 1 1 1 1 1 1 2 2 1 1 1 2 2 |2 1 1 1 1 1 2 |1 1 2 1 2 1 2 2 1 1 2 2 2 2 2 2 1 1 |2 2 1 1 1 2 2 2 2 2 2 2 2 1 2 2 1 2 2 |2 2 2 1 2 1 1 1 2 1 2 1 1 1 1 1 |2 2 2 1 1 2 2 1 1 2 2 1 2 |1 2 2 1 2 |1 2 1 1 1 2 1 2 2 1 2 2 2 2 1 1 |1 1 2 1 1 2 1 1 |
GA算法运行求解巡逻调度问题耗时：0小时，10分钟，30秒
=============第1个最优解如下=============
最大目标值出现代数：
9974
最大目标值为：
893.8773171559405
最佳分配方案：
2 1 2 2 2 2 1 3 3 2 1 2 1 2 1 |3 1 2 2 2 2 1 2 2 3 2 2 3 1 2 3 2 2 2 2 |3 1 3 1 1 2 1 2 |2 1 2 3 1 2 2 |2 1 1 2 2 1 3 3 3 2 1 1 1 3 1 3 |3 1 1 1 1 2 1 2 1 2 2 1 3 1 |1 3 1 2 2 2 2 3 2 3 2 2 2 1 1 3 |3 1 1 2 2 |2 3 3 2 2 1 2 |2 2 3 2 1 2 3 3 3 1 1 1 2 3 3 |2 2 2 2 2 2 2 1 1 2 2 2 2 2 2 |2 2 1 1 2 2 1 2 2 2 |2 2 1 1 3 |3 1 1 1 1 1 2 2 1 1 1 1 |1 3 1 2 3 2 1 1 1 2 2 3 2 2 3 1 |3 2 2 1 1 2 1 1 |1 1 2 1 1 1 1 1 1 1 3 1 2 1 1 1 1 |2 2 1 2 1 2 2 |2 1 1 2 3 2 1 2 2 3 1 2 2 |1 2 2 2 2 1 2 2 2 2 2 2 2 2 2 3 2 2 1 1 |2 2 2 2 2 1 1 2 1 1 2 1 2 2 2 2 |2 1 1 1 2 1 1 2 2 1 2 2 1 1 |1 1 1 1 2 2 2 1 1 |2 1 2 2 1 2 2 2 2 1 1 2 |2 1 2 2 2 2 2 2 1 2 1 1 1 2 |1 1 1 1 1 1 1 1 1 2 1 1 |2 1 1 1 1 2 2 1 1 1 2 1 1 2 |2 1 1 1 1 1 1 1 1 |1 1 1 1 2 2 2 2 2 2 1 2 2 |2 2 2 1 2 2 2 2 1 1 1 1 1 2 1 2 1 |2 2 1 1 2 1 2 1 1 1 1 1 2 1 2 |2 1 3 1 1 1 1 2 2 |2 2 1 1 1 1 2 1 2 2 2 2 |1 1 1 2 1 2 2 2 1 3 2 1 |1 1 2 1 2 1 2 2 3 1 1 2 2 1 1 2 2 |2 2 2 2 2 2 |1 2 2 2 1 1 1 2 2 1 2 2 2 2 |2 1 1 1 1 1 1 |1 2 1 1 2 |2 1 2 2 2 1 1 1 2 1 1 2 |2 2 2 1 1 2 2 1 1 2 1 2 1 1 2 1 2 2 2 |2 2 2 1 1 1 1 1 2 1 2 2 1 1 1 |2 2 2 1 1 1 2 |2 1 2 2 1 |2 2 2 2 2 1 2 1 2 1 1 1 2 1 1 |1 1 1 1 2 1 1 1 1 |2 2 2 1 2 1 2 2 1 2 1 2 1 2 1 2 1 1 |2 2 1 2 2 2 1 2 |2 1 1 2 2 1 2 2 2 2 1 1 1 1 1 2 2 2 2 |1 1 2 1 1 1 1 2 2 1 1 1 1 2 1 1 1 1 1 |1 2 1 2 2 2 1 1 1 2 1 2 2 |1 2 2 1 1 1 1 1 1 2 2 1 1 2 2 2 |2 1 1 1 1 1 2 |1 2 2 2 2 2 2 3 1 1 2 2 2 2 2 2 1 2 |2 2 1 1 1 2 2 2 2 2 2 2 2 1 2 2 1 2 2 |2 2 2 1 2 1 1 1 2 1 2 1 1 1 1 1 |1 2 1 1 1 2 2 1 1 2 2 1 2 |1 2 2 1 2 |1 1 1 1 1 2 1 1 2 1 2 2 2 2 1 1 |1 1 2 2 1 2 1 2 |

最大适应度：893.8773171559405
最小适应度：893.8773171559405
平均适应度：893.8773171559405
估计标准差值：NaN
最佳分配：
2 1 2 2 2 2 1 3 3 2 1 2 1 2 1 |3 1 2 2 2 2 1 2 2 3 2 2 3 1 2 3 2 2 2 2 |3 1 3 1 1 2 1 2 |2 1 2 3 1 2 2 |2 1 1 2 2 1 3 3 3 2 1 1 1 3 1 3 |3 1 1 1 1 2 1 2 1 2 2 1 3 1 |1 3 1 2 2 2 2 3 2 3 2 2 2 1 1 3 |3 1 1 2 2 |2 3 3 2 2 1 2 |2 2 3 2 1 2 3 3 3 1 1 1 2 3 3 |2 2 2 2 2 2 2 1 1 2 2 2 2 2 2 |2 2 1 1 2 2 1 2 2 2 |2 2 1 1 3 |3 1 1 1 1 1 2 2 1 1 1 1 |1 3 1 2 3 2 1 1 1 2 2 3 2 2 3 1 |3 2 2 1 1 2 1 1 |1 1 2 1 1 1 1 1 1 1 3 1 2 1 1 1 1 |2 2 1 2 1 2 2 |2 1 1 2 3 2 1 2 2 3 1 2 2 |1 2 2 2 2 1 2 2 2 2 2 2 2 2 2 3 2 2 1 1 |2 2 2 2 2 1 1 2 1 1 2 1 2 2 2 2 |2 1 1 1 2 1 1 2 2 1 2 2 1 1 |1 1 1 1 2 2 2 1 1 |2 1 2 2 1 2 2 2 2 1 1 2 |2 1 2 2 2 2 2 2 1 2 1 1 1 2 |1 1 1 1 1 1 1 1 1 2 1 1 |2 1 1 1 1 2 2 1 1 1 2 1 1 2 |2 1 1 1 1 1 1 1 1 |1 1 1 1 2 2 2 2 2 2 1 2 2 |2 2 2 1 2 2 2 2 1 1 1 1 1 2 1 2 1 |2 2 1 1 2 1 2 1 1 1 1 1 2 1 2 |2 1 3 1 1 1 1 2 2 |2 2 1 1 1 1 2 1 2 2 2 2 |1 1 1 2 1 2 2 2 1 3 2 1 |1 1 2 1 2 1 2 2 3 1 1 2 2 1 1 2 2 |2 2 2 2 2 2 |1 2 2 2 1 1 1 2 2 1 2 2 2 2 |2 1 1 1 1 1 1 |1 2 1 1 2 |2 1 2 2 2 1 1 1 2 1 1 2 |2 2 2 1 1 2 2 1 1 2 1 2 1 1 2 1 2 2 2 |2 2 2 1 1 1 1 1 2 1 2 2 1 1 1 |2 2 2 1 1 1 2 |2 1 2 2 1 |2 2 2 2 2 1 2 1 2 1 1 1 2 1 1 |1 1 1 1 2 1 1 1 1 |2 2 2 1 2 1 2 2 1 2 1 2 1 2 1 2 1 1 |2 2 1 2 2 2 1 2 |2 1 1 2 2 1 2 2 2 2 1 1 1 1 1 2 2 2 2 |1 1 2 1 1 1 1 2 2 1 1 1 1 2 1 1 1 1 1 |1 2 1 2 2 2 1 1 1 2 1 2 2 |1 2 2 1 1 1 1 1 1 2 2 1 1 2 2 2 |2 1 1 1 1 1 2 |1 2 2 2 2 2 2 3 1 1 2 2 2 2 2 2 1 2 |2 2 1 1 1 2 2 2 2 2 2 2 2 1 2 2 1 2 2 |2 2 2 1 2 1 1 1 2 1 2 1 1 1 1 1 |1 2 1 1 1 2 2 1 1 2 2 1 2 |1 2 2 1 2 |1 1 1 1 1 2 1 1 2 1 2 2 2 2 1 1 |1 1 2 2 1 2 1 2 |
GA算法运行求解巡逻调度问题耗时：0小时，10分钟，19秒
